"Pr" "Mp" "Q_2" "Q_9"
1.01 3088.15 2585.087 3381.228
1.011 3121.359 2625.478 3412.668
1.012 3152.263 2663.055 3441.75
1.013 3181.207 2698.137 3469.031
1.014 3208.459 2730.821 3495.028
1.015 3234.238 2761.779 3519.592
1.016 3258.719 2791.362 3543.063
1.017 3282.048 2819.103 3565.535
1.018 3304.347 2846.03 3587.069
1.019 3325.72 2871.88 3607.709
1.02 3346.253 2896.197 3627.512
1.021 3366.023 2919.725 3646.373
1.022 3385.095 2942.408 3664.696
1.024 3403.527 2964.155 3682.416
1.025 3421.368 2985.359 3699.715
1.026 3438.664 3005.893 3716.327
1.027 3455.453 3025.663 3732.663
1.028 3471.772 3044.8 3748.595
1.029 3487.65 3063.58 3763.838
1.03 3503.117 3081.667 3778.875
1.031 3518.199 3099.33 3793.496
1.032 3532.919 3116.604 3807.856
1.033 3547.297 3133.422 3821.753
1.034 3561.354 3149.88 3835.5
1.035 3575.107 3165.967 3848.921
1.036 3588.572 3181.586 3862.061
1.037 3601.763 3196.974 3875.067
1.038 3614.696 3211.948 3887.747
1.04 3627.382 3226.681 3900.177
1.041 3639.833 3240.999 3912.426
1.042 3652.061 3255.08 3924.406
1.043 3664.075 3269.136 3936.237
1.044 3675.885 3282.91 3947.944
1.045 3687.499 3296.316 3959.379
1.046 3698.926 3309.371 3970.721
1.047 3710.174 3322.386 3981.804
1.048 3721.25 3335.073 3992.774
1.049 3732.161 3347.45 4003.49
1.05 3742.912 3359.701 4014.251
1.052 3753.511 3371.829 4024.765
1.053 3763.963 3383.752 4035.134
1.054 3774.273 3395.553 4045.369
1.055 3784.446 3407.101 4055.421
1.056 3794.487 3418.422 4065.443
1.057 3804.401 3429.719 4075.326
1.058 3814.192 3440.948 4085.044
1.059 3823.863 3451.944 4094.711
1.06 3833.42 3462.839 4104.257
1.062 3842.865 3473.568 4113.601
1.063 3852.202 3484.218 4122.895
1.064 3861.435 3494.681 4132.154
1.065 3870.566 3505.008 4141.35
1.066 3879.599 3515.227 4150.387
1.067 3888.537 3525.327 4159.377
1.068 3897.381 3535.38 4168.206
1.07 3906.136 3545.128 4177.026
1.071 3914.804 3554.905 4185.684
1.072 3923.386 3564.576 4194.314
1.073 3931.886 3574.182 4202.922
1.074 3940.305 3583.633 4211.426
1.075 3948.646 3593.037 4219.845
1.076 3956.911 3602.317 4228.179
1.078 3965.101 3611.426 4236.364
1.079 3973.219 3620.592 4244.586
1.08 3981.267 3629.542 4252.665
1.081 3989.245 3638.447 4260.66
1.082 3997.157 3647.283 4268.713
1.083 4005.003 3655.978 4276.608
1.085 4012.785 3664.585 4284.503
1.086 4020.505 3673.215 4292.393
1.087 4028.164 3681.675 4300.082
1.088 4035.763 3690.035 4307.74
1.089 4043.305 3698.355 4315.409
1.091 4050.789 3706.719 4322.921
1.092 4058.218 3714.936 4330.404
1.093 4065.592 3723.125 4337.848
1.094 4072.914 3731.261 4345.233
1.095 4080.183 3739.296 4352.643
1.096 4087.402 3747.265 4360.017
1.098 4094.571 3755.2 4367.281
1.099 4101.691 3762.974 4374.483
1.1 4108.763 3770.662 4381.582
1.101 4115.788 3778.333 4388.636
1.103 4122.768 3786.073 4395.767
1.104 4129.703 3793.7 4402.775
1.105 4136.593 3801.2 4409.796
1.106 4143.441 3808.711 4416.715
1.107 4150.246 3816.206 4423.589
1.109 4157.01 3823.736 4430.533
1.11 4163.733 3831.136 4437.361
1.111 4170.417 3838.476 4444.2
1.112 4177.061 3845.819 4450.994
1.114 4183.666 3852.993 4457.784
1.115 4190.234 3860.176 4464.474
1.116 4196.765 3867.382 4471.186
1.117 4203.26 3874.443 4477.79
1.119 4209.719 3881.535 4484.41
1.12 4216.143 3888.533 4490.972
1.121 4222.532 3895.621 4497.551
1.122 4228.888 3902.57 4504.059
1.124 4235.21 3909.378 4510.521
1.125 4241.5 3916.156 4516.927
1.126 4247.758 3922.984 4523.297
1.127 4253.984 3929.809 4529.697
1.129 4260.179 3936.581 4536.004
1.13 4266.343 3943.332 4542.339
1.131 4272.478 3949.957 4548.624
1.133 4278.583 3956.489 4554.848
1.134 4284.659 3963.054 4561.107
1.135 4290.706 3969.651 4567.332
1.136 4296.726 3976.221 4573.506
1.138 4302.717 3982.677 4579.661
1.139 4308.682 3989.18 4585.864
1.14 4314.62 3995.608 4591.925
1.142 4320.531 4002.028 4597.96
1.143 4326.417 4008.381 4604.003
1.144 4332.277 4014.709 4610.064
1.145 4338.112 4020.974 4616.077
1.147 4343.922 4027.35 4622.077
1.148 4349.708 4033.562 4628.07
1.149 4355.47 4039.802 4634.012
1.151 4361.208 4046.024 4639.902
1.152 4366.923 4052.192 4645.782
1.153 4372.615 4058.304 4651.658
1.155 4378.284 4064.455 4657.508
1.156 4383.931 4070.506 4663.322
1.157 4389.556 4076.587 4669.182
1.159 4395.16 4082.664 4675.005
1.16 4400.742 4088.694 4680.706
1.161 4406.303 4094.659 4686.449
1.163 4411.843 4100.602 4692.183
1.164 4417.363 4106.546 4697.867
1.166 4422.863 4112.511 4703.551
1.167 4428.343 4118.392 4709.243
1.168 4433.804 4124.185 4714.893
1.17 4439.245 4130.033 4720.467
1.171 4444.667 4135.835 4726.032
1.172 4450.07 4141.574 4731.628
1.174 4455.455 4147.309 4737.178
1.175 4460.822 4153.035 4742.725
1.176 4466.17 4158.697 4748.228
1.178 4471.501 4164.294 4753.732
1.179 4476.814 4169.954 4759.234
1.181 4482.11 4175.633 4764.716
1.182 4487.389 4181.297 4770.232
1.183 4492.651 4186.835 4775.683
1.185 4497.896 4192.331 4781.091
1.186 4503.125 4197.941 4786.549
1.188 4508.338 4203.49 4791.908
1.189 4513.535 4208.973 4797.325
1.19 4518.716 4214.41 4802.711
1.192 4523.881 4219.859 4808.015
1.193 4529.031 4225.358 4813.356
1.195 4534.166 4230.78 4818.697
1.196 4539.286 4236.212 4824.024
1.198 4544.391 4241.623 4829.291
1.199 4549.481 4246.994 4834.638
1.2 4554.557 4252.358 4839.872
1.202 4559.619 4257.672 4845.165
1.203 4564.667 4262.98 4850.476
1.205 4569.701 4268.306 4855.723
1.206 4574.721 4273.702 4860.936
1.208 4579.727 4279.073 4866.237
1.209 4584.72 4284.27 4871.417
1.211 4589.7 4289.555 4876.614
1.212 4594.667 4294.823 4881.75
1.214 4599.621 4300.005 4886.922
1.215 4604.563 4305.239 4892.069
1.217 4609.491 4310.409 4897.24
1.218 4614.407 4315.65 4902.375
1.22 4619.311 4320.736 4907.461
1.221 4624.203 4325.87 4912.539
1.222 4629.083 4330.951 4917.633
1.224 4633.951 4335.984 4922.729
1.225 4638.807 4341.133 4927.778
1.227 4643.652 4346.119 4932.828
1.229 4648.485 4351.249 4937.861
1.23 4653.307 4356.327 4942.852
1.232 4658.118 4361.346 4947.9
1.233 4662.917 4366.42 4952.874
1.235 4667.706 4371.486 4957.855
1.236 4672.484 4376.48 4962.812
1.238 4677.252 4381.415 4967.784
1.239 4682.008 4386.415 4972.664
1.241 4686.755 4391.39 4977.707
1.242 4691.491 4396.318 4982.62
1.244 4696.217 4401.222 4987.571
1.245 4700.933 4406.171 4992.591
1.247 4705.639 4411.043 4997.557
1.248 4710.335 4415.831 5002.54
1.25 4715.022 4420.712 5007.436
1.252 4719.699 4425.616 5012.352
1.253 4724.366 4430.528 5017.248
1.255 4729.024 4435.396 5022.153
1.256 4733.673 4440.245 5027.032
1.258 4738.312 4445.077 5031.871
1.259 4742.943 4449.896 5036.774
1.261 4747.565 4454.734 5041.679
1.263 4752.177 4459.538 5046.507
1.264 4756.781 4464.347 5051.346
1.266 4761.377 4469.115 5056.152
1.267 4765.963 4473.886 5061.002
1.269 4770.542 4478.618 5065.799
1.271 4775.112 4483.357 5070.587
1.272 4779.673 4488.077 5075.413
1.274 4784.227 4492.769 5080.213
1.276 4788.772 4497.451 5085.048
1.277 4793.31 4502.125 5089.858
1.279 4797.839 4506.781 5094.675
1.28 4802.361 4511.501 5099.401
1.282 4806.875 4516.186 5104.146
1.284 4811.381 4520.844 5108.864
1.285 4815.88 4525.51 5113.669
1.287 4820.371 4530.098 5118.292
1.289 4824.855 4534.758 5123.011
1.29 4829.332 4539.358 5127.727
1.292 4833.801 4544.014 5132.347
1.294 4838.263 4548.625 5136.97
1.295 4842.718 4553.2 5141.606
1.297 4847.166 4557.746 5146.288
1.299 4851.608 4562.314 5150.971
1.3 4856.042 4566.914 5155.681
1.302 4860.47 4571.452 5160.359
1.304 4864.891 4576.033 5165.05
1.305 4869.305 4580.602 5169.703
1.307 4873.713 4585.243 5174.347
1.309 4878.115 4589.756 5178.97
1.311 4882.51 4594.33 5183.596
1.312 4886.899 4598.87 5188.21
1.314 4891.281 4603.357 5192.81
1.316 4895.658 4607.84 5197.398
1.318 4900.028 4612.336 5201.967
1.319 4904.392 4616.792 5206.616
1.321 4908.75 4621.244 5211.227
1.323 4913.103 4625.702 5215.819
1.325 4917.449 4630.206 5220.387
1.326 4921.79 4634.643 5224.963
1.328 4926.125 4639.12 5229.599
1.33 4930.455 4643.612 5234.137
1.332 4934.779 4648.055 5238.673
1.333 4939.097 4652.518 5243.174
1.335 4943.41 4656.96 5247.718
1.337 4947.718 4661.403 5252.271
1.339 4952.02 4665.807 5256.82
1.34 4956.317 4670.215 5261.382
1.342 4960.609 4674.615 5265.869
1.344 4964.896 4679.051 5270.367
1.346 4969.178 4683.47 5274.91
1.348 4973.454 4687.812 5279.39
1.35 4977.726 4692.175 5283.884
1.351 4981.993 4696.544 5288.35
1.353 4986.255 4700.882 5292.816
1.355 4990.512 4705.211 5297.338
1.357 4994.764 4709.519 5301.844
1.359 4999.012 4713.875 5306.332
1.361 5003.255 4718.195 5310.792
1.362 5007.494 4722.556 5315.261
1.364 5011.728 4726.884 5319.687
1.366 5015.958 4731.255 5324.101
1.368 5020.183 4735.572 5328.612
1.37 5024.404 4739.881 5333.105
1.372 5028.621 4744.146 5337.564
1.374 5032.833 4748.403 5341.955
1.376 5037.041 4752.674 5346.381
1.377 5041.245 4756.92 5350.765
1.379 5045.445 4761.234 5355.213
1.381 5049.641 4765.498 5359.654
1.383 5053.833 4769.817 5364.141
1.385 5058.021 4774.11 5368.553
1.387 5062.206 4778.29 5372.942
1.389 5066.386 4782.51 5377.402
1.391 5070.562 4786.764 5381.809
1.393 5074.735 4790.961 5386.199
1.395 5078.904 4795.2 5390.604
1.397 5083.07 4799.413 5395.019
1.399 5087.232 4803.697 5399.409
1.401 5091.39 4807.899 5403.843
1.403 5095.545 4812.13 5408.223
1.404 5099.696 4816.371 5412.586
1.406 5103.844 4820.606 5416.967
1.408 5107.988 4824.81 5421.327
1.41 5112.13 4829.034 5425.758
1.412 5116.268 4833.261 5430.157
1.414 5120.402 4837.466 5434.566
1.416 5124.534 4841.626 5438.926
1.418 5128.662 4845.771 5443.274
1.42 5132.787 4849.947 5447.685
1.422 5136.91 4854.149 5452.006
1.425 5141.029 4858.337 5456.399
1.427 5145.145 4862.485 5460.779
1.429 5149.258 4866.649 5465.136
1.431 5153.369 4870.783 5469.517
1.433 5157.476 4874.935 5473.885
1.435 5161.581 4879.091 5478.259
1.437 5165.683 4883.221 5482.584
1.439 5169.782 4887.38 5486.97
1.441 5173.878 4891.561 5491.306
1.443 5177.972 4895.715 5495.604
1.445 5182.064 4899.873 5499.937
1.447 5186.152 4904.034 5504.308
1.449 5190.238 4908.143 5508.618
1.451 5194.322 4912.314 5512.958
1.453 5198.403 4916.431 5517.258
1.456 5202.482 4920.59 5521.591
1.458 5206.559 4924.662 5525.929
1.46 5210.633 4928.803 5530.256
1.462 5214.704 4932.919 5534.637
1.464 5218.774 4937.083 5538.988
1.466 5222.841 4941.149 5543.243
1.468 5226.906 4945.283 5547.547
1.471 5230.969 4949.405 5551.782
1.473 5235.03 4953.469 5556.023
1.475 5239.089 4957.575 5560.322
1.477 5243.146 4961.648 5564.643
1.479 5247.2 4965.718 5568.949
1.481 5251.253 4969.774 5573.243
1.484 5255.304 4973.828 5577.575
1.486 5259.353 4977.925 5581.856
1.488 5263.4 4982.021 5586.143
1.49 5267.445 4986.076 5590.461
1.493 5271.489 4990.163 5594.762
1.495 5275.53 4994.242 5599.065
1.497 5279.57 4998.327 5603.4
1.499 5283.609 5002.396 5607.656
1.502 5287.645 5006.459 5611.99
1.504 5291.68 5010.519 5616.291
1.506 5295.714 5014.556 5620.583
1.508 5299.745 5018.666 5624.846
1.511 5303.776 5022.677 5629.166
1.513 5307.805 5026.699 5633.414
1.515 5311.832 5030.73 5637.739
1.517 5315.858 5034.826 5642.014
1.52 5319.883 5038.829 5646.328
1.522 5323.906 5042.855 5650.552
1.524 5327.928 5046.929 5654.824
1.527 5331.949 5050.955 5659.074
1.529 5335.968 5054.904 5663.349
1.531 5339.986 5058.915 5667.606
1.534 5344.003 5062.988 5671.854
1.536 5348.019 5067.054 5676.162
1.538 5352.034 5071.05 5680.5
1.541 5356.048 5075.041 5684.747
1.543 5360.06 5079.071 5688.969
1.546 5364.072 5083.099 5693.21
1.548 5368.082 5087.164 5697.497
1.55 5372.092 5091.132 5701.73
1.553 5376.1 5095.171 5705.96
1.555 5380.108 5099.272 5710.181
1.558 5384.115 5103.326 5714.508
1.56 5388.121 5107.353 5718.791
1.563 5392.126 5111.395 5723.077
1.565 5396.131 5115.358 5727.323
1.567 5400.134 5119.335 5731.622
1.57 5404.137 5123.309 5735.907
1.572 5408.139 5127.36 5740.185
1.575 5412.141 5131.324 5744.408
1.577 5416.142 5135.327 5748.605
1.58 5420.142 5139.326 5752.824
1.582 5424.142 5143.307 5757.092
1.585 5428.141 5147.297 5761.399
1.587 5432.14 5151.339 5765.699
1.59 5436.138 5155.314 5770.006
1.592 5440.136 5159.296 5774.284
1.595 5444.134 5163.234 5778.497
1.597 5448.131 5167.237 5782.762
1.6 5452.127 5171.256 5787.041
1.603 5456.123 5175.277 5791.259
1.605 5460.119 5179.223 5795.525
1.608 5464.115 5183.205 5799.758
1.61 5468.11 5187.14 5804.025
1.613 5472.106 5191.141 5808.23
1.616 5476.101 5195.169 5812.476
1.618 5480.095 5199.171 5816.719
1.621 5484.09 5203.176 5820.959
1.623 5488.085 5207.16 5825.136
1.626 5492.079 5211.166 5829.324
1.629 5496.074 5215.084 5833.519
1.631 5500.068 5219.081 5837.769
1.634 5504.063 5223.015 5842.005
1.637 5508.057 5226.98 5846.27
1.639 5512.052 5230.953 5850.525
1.642 5516.046 5235.008 5854.781
1.645 5520.041 5238.995 5859.092
1.647 5524.036 5242.977 5863.348
1.65 5528.031 5246.971 5867.67
1.653 5532.026 5250.986 5871.877
1.656 5536.022 5254.967 5876.096
1.658 5540.017 5258.936 5880.356
1.661 5544.013 5262.871 5884.606
1.664 5548.01 5266.812 5888.81
1.667 5552.006 5270.721 5893.071
1.669 5556.003 5274.671 5897.366
1.672 5560.001 5278.665 5901.616
1.675 5563.999 5282.606 5905.886
1.678 5567.997 5286.584 5910.128
1.681 5571.996 5290.483 5914.369
1.684 5575.995 5294.428 5918.626
1.686 5579.995 5298.35 5922.844
1.689 5583.995 5302.308 5927.185
1.692 5587.996 5306.254 5931.49
1.695 5591.998 5310.207 5935.786
1.698 5596 5314.216 5940.01
1.701 5600.003 5318.212 5944.274
1.704 5604.006 5322.246 5948.541
1.706 5608.011 5326.204 5952.855
1.709 5612.016 5330.181 5957.083
1.712 5616.021 5334.108 5961.373
1.715 5620.028 5338.098 5965.617
1.718 5624.035 5342.085 5969.923
1.721 5628.043 5346.076 5974.181
1.724 5632.053 5350.044 5978.462
1.727 5636.063 5354.002 5982.738
1.73 5640.074 5357.977 5987.029
1.733 5644.086 5361.902 5991.305
1.736 5648.098 5365.869 5995.662
1.739 5652.112 5369.804 5999.99
1.742 5656.127 5373.787 6004.225
1.745 5660.143 5377.768 6008.542
1.748 5664.16 5381.765 6012.843
1.751 5668.179 5385.736 6017.166
1.754 5672.198 5389.732 6021.472
1.757 5676.219 5393.663 6025.721
1.761 5680.24 5397.638 6030.004
1.764 5684.263 5401.594 6034.273
1.767 5688.287 5405.591 6038.591
1.77 5692.313 5409.596 6042.907
1.773 5696.34 5413.511 6047.213
1.776 5700.368 5417.502 6051.487
1.779 5704.397 5421.454 6055.821
1.783 5708.428 5425.419 6060.104
1.786 5712.461 5429.445 6064.483
1.789 5716.494 5433.403 6068.835
1.792 5720.529 5437.42 6073.118
1.795 5724.566 5441.362 6077.46
1.799 5728.604 5445.351 6081.765
1.802 5732.644 5449.329 6086.027
1.805 5736.685 5453.259 6090.348
1.808 5740.728 5457.287 6094.684
1.812 5744.773 5461.283 6098.985
1.815 5748.819 5465.212 6103.336
1.818 5752.867 5469.196 6107.666
1.821 5756.916 5473.238 6111.962
1.825 5760.968 5477.203 6116.32
1.828 5765.021 5481.176 6120.695
1.832 5769.076 5485.17 6125.038
1.835 5773.132 5489.169 6129.286
1.838 5777.191 5493.177 6133.641
1.842 5781.251 5497.171 6138.011
1.845 5785.313 5501.137 6142.351
1.848 5789.377 5505.123 6146.723
1.852 5793.444 5509.161 6151.05
1.855 5797.512 5513.115 6155.439
1.859 5801.582 5517.092 6159.795
1.862 5805.654 5521.107 6164.099
1.866 5809.728 5525.184 6168.493
1.869 5813.804 5529.163 6172.786
1.873 5817.883 5533.168 6177.113
1.876 5821.963 5537.231 6181.479
1.88 5826.046 5541.264 6185.824
1.883 5830.13 5545.275 6190.102
1.887 5834.218 5549.317 6194.546
1.89 5838.307 5553.285 6198.952
1.894 5842.398 5557.279 6203.338
1.898 5846.492 5561.289 6207.709
1.901 5850.588 5565.272 6212.089
1.905 5854.687 5569.308 6216.472
1.908 5858.788 5573.313 6220.865
1.912 5862.891 5577.338 6225.246
1.916 5866.997 5581.372 6229.667
1.919 5871.105 5585.394 6234.044
1.923 5875.216 5589.463 6238.455
1.927 5879.329 5593.473 6242.867
1.931 5883.445 5597.505 6247.231
1.934 5887.563 5601.55 6251.66
1.938 5891.684 5605.606 6256.052
1.942 5895.808 5609.659 6260.451
1.946 5899.934 5613.678 6264.86
1.949 5904.063 5617.735 6269.303
1.953 5908.195 5621.755 6273.785
1.957 5912.329 5625.758 6278.232
1.961 5916.466 5629.817 6282.703
1.965 5920.606 5633.88 6287.186
1.969 5924.749 5637.89 6291.6
1.972 5928.894 5641.957 6296.025
1.976 5933.043 5645.95 6300.458
1.98 5937.194 5650.06 6304.82
1.984 5941.349 5654.12 6309.297
1.988 5945.506 5658.183 6313.778
1.992 5949.666 5662.263 6318.218
1.996 5953.83 5666.305 6322.708
2 5957.996 5670.394 6327.151
2.004 5962.166 5674.488 6331.533
2.008 5966.338 5678.587 6335.966
2.012 5970.514 5682.64 6340.442
2.016 5974.693 5686.712 6344.96
2.02 5978.875 5690.794 6349.436
2.024 5983.061 5694.866 6353.931
2.028 5987.249 5698.926 6358.459
2.033 5991.441 5703.026 6362.939
2.037 5995.636 5707.093 6367.495
2.041 5999.835 5711.178 6371.967
2.045 6004.037 5715.245 6376.548
2.049 6008.242 5719.354 6381.047
2.053 6012.451 5723.472 6385.527
2.058 6016.664 5727.566 6390.029
2.062 6020.879 5731.726 6394.528
2.066 6025.099 5735.845 6399.097
2.07 6029.322 5739.961 6403.608
2.075 6033.548 5744.124 6408.131
2.079 6037.778 5748.238 6412.641
2.083 6042.012 5752.437 6417.175
2.088 6046.25 5756.605 6421.798
2.092 6050.491 5760.719 6426.315
2.096 6054.736 5764.818 6430.876
2.101 6058.984 5768.995 6435.486
2.105 6063.237 5773.121 6440.043
2.11 6067.493 5777.256 6444.544
2.114 6071.753 5781.444 6449.143
2.119 6076.017 5785.606 6453.637
2.123 6080.286 5789.725 6458.19
2.128 6084.558 5793.908 6462.701
2.132 6088.834 5798.084 6467.253
2.137 6093.114 5802.248 6471.868
2.141 6097.398 5806.378 6476.522
2.146 6101.686 5810.544 6481.114
2.151 6105.978 5814.695 6485.679
2.155 6110.275 5818.887 6490.293
2.16 6114.576 5823.11 6494.892
2.165 6118.88 5827.344 6499.504
2.169 6123.19 5831.507 6504.119
2.174 6127.503 5835.714 6508.669
2.179 6131.821 5839.86 6513.26
2.183 6136.143 5843.997 6517.895
2.188 6140.47 5848.212 6522.543
2.193 6144.801 5852.399 6527.267
2.198 6149.136 5856.605 6531.965
2.203 6153.476 5860.82 6536.583
2.208 6157.821 5865.029 6541.206
2.212 6162.17 5869.257 6545.85
2.217 6166.523 5873.493 6550.518
2.222 6170.881 5877.74 6555.2
2.227 6175.244 5881.959 6559.876
2.232 6179.612 5886.235 6564.528
2.237 6183.984 5890.464 6569.165
2.242 6188.362 5894.729 6573.858
2.247 6192.743 5898.997 6578.558
2.252 6197.13 5903.172 6583.243
2.257 6201.522 5907.405 6587.984
2.262 6205.919 5911.661 6592.701
2.268 6210.32 5916.004 6597.399
2.273 6214.727 5920.233 6602.133
2.278 6219.138 5924.53 6606.808
2.283 6223.555 5928.818 6611.529
2.288 6227.976 5933.043 6616.288
2.294 6232.403 5937.304 6620.98
2.299 6236.835 5941.608 6625.77
2.304 6241.272 5945.923 6630.5
2.309 6245.715 5950.199 6635.189
2.315 6250.163 5954.482 6639.892
2.32 6254.616 5958.804 6644.661
2.326 6259.074 5963.077 6649.456
2.331 6263.538 5967.34 6654.274
2.336 6268.007 5971.667 6659.037
2.342 6272.482 5975.982 6663.772
2.347 6276.962 5980.245 6668.601
2.353 6281.448 5984.574 6673.419
2.358 6285.939 5988.859 6678.252
2.364 6290.436 5993.244 6683.05
2.37 6294.939 5997.587 6687.925
2.375 6299.447 6001.915 6692.707
2.381 6303.962 6006.325 6697.591
2.387 6308.482 6010.719 6702.439
2.392 6313.007 6015.095 6707.305
2.398 6317.539 6019.453 6712.184
2.404 6322.077 6023.855 6717.028
2.41 6326.62 6028.201 6721.899
2.415 6331.17 6032.521 6726.769
2.421 6335.725 6036.921 6731.648
2.427 6340.287 6041.365 6736.564
2.433 6344.854 6045.745 6741.498
2.439 6349.428 6050.14 6746.468
2.445 6354.008 6054.546 6751.362
2.451 6358.595 6058.979 6756.294
2.457 6363.187 6063.409 6761.226
2.463 6367.786 6067.856 6766.155
2.469 6372.392 6072.293 6771.094
2.475 6377.004 6076.758 6776.051
2.481 6381.622 6081.21 6780.978
2.488 6386.247 6085.717 6785.944
2.494 6390.878 6090.192 6790.902
2.5 6395.516 6094.657 6795.863
2.506 6400.16 6099.104 6800.868
2.513 6404.812 6103.609 6805.836
2.519 6409.47 6108.088 6810.856
2.525 6414.134 6112.542 6815.876
2.532 6418.806 6117.08 6820.887
2.538 6423.485 6121.62 6825.9
2.545 6428.17 6126.12 6830.892
2.551 6432.862 6130.641 6835.866
2.558 6437.562 6135.203 6840.893
2.564 6442.268 6139.699 6845.91
2.571 6446.982 6144.212 6850.942
2.577 6451.703 6148.756 6855.999
2.584 6456.431 6153.259 6861.064
2.591 6461.166 6157.792 6866.133
2.597 6465.908 6162.343 6871.202
2.604 6470.658 6166.87 6876.304
2.611 6475.416 6171.42 6881.392
2.618 6480.18 6175.981 6886.554
2.625 6484.953 6180.55 6891.738
2.632 6489.732 6185.092 6896.832
2.639 6494.52 6189.64 6902.001
2.646 6499.315 6194.22 6907.174
2.653 6504.118 6198.749 6912.346
2.66 6508.928 6203.35 6917.519
2.667 6513.747 6208.015 6922.718
2.674 6518.573 6212.685 6927.884
2.681 6523.407 6217.286 6933.057
2.688 6528.25 6221.941 6938.306
2.695 6533.1 6226.598 6943.518
2.703 6537.958 6231.278 6948.772
2.71 6542.825 6235.924 6953.992
2.717 6547.699 6240.613 6959.214
2.725 6552.582 6245.238 6964.493
2.732 6557.473 6249.885 6969.731
2.74 6562.373 6254.514 6974.981
2.747 6567.281 6259.235 6980.263
2.755 6572.198 6263.911 6985.58
2.762 6577.123 6268.636 6990.845
2.77 6582.057 6273.336 6996.244
2.778 6586.999 6278.067 7001.533
2.786 6591.95 6282.806 7006.852
2.793 6596.91 6287.56 7012.147
2.801 6601.878 6292.301 7017.511
2.809 6606.856 6297.072 7022.899
2.817 6611.843 6301.822 7028.199
2.825 6616.838 6306.607 7033.554
2.833 6621.843 6311.324 7038.919
2.841 6626.857 6316.104 7044.266
2.849 6631.88 6320.859 7049.675
2.857 6636.912 6325.709 7055.063
2.865 6641.954 6330.425 7060.518
2.874 6647.005 6335.242 7065.964
2.882 6652.065 6340.075 7071.383
2.89 6657.135 6344.892 7076.853
2.899 6662.215 6349.722 7082.376
2.907 6667.304 6354.559 7087.829
2.915 6672.403 6359.444 7093.368
2.924 6677.512 6364.302 7098.856
2.933 6682.63 6369.12 7104.25
2.941 6687.759 6374.002 7109.752
2.95 6692.897 6378.901 7115.324
2.959 6698.046 6383.791 7120.867
2.967 6703.205 6388.698 7126.428
2.976 6708.374 6393.677 7132.006
2.985 6713.553 6398.582 7137.619
2.994 6718.743 6403.505 7143.166
3.003 6723.943 6408.446 7148.775
3.012 6729.153 6413.395 7154.366
3.021 6734.375 6418.366 7159.973
3.03 6739.606 6423.358 7165.622
3.04 6744.849 6428.335 7171.218
3.049 6750.102 6433.384 7176.904
3.058 6755.366 6438.389 7182.589
3.067 6760.641 6443.447 7188.212
3.077 6765.928 6448.433 7193.932
3.086 6771.225 6453.478 7199.637
3.096 6776.533 6458.471 7205.296
3.106 6781.853 6463.545 7210.992
3.115 6787.184 6468.608 7216.716
3.125 6792.526 6473.632 7222.463
3.135 6797.88 6478.645 7228.226
3.145 6803.246 6483.734 7234.056
3.155 6808.623 6488.826 7239.798
3.165 6814.012 6493.885 7245.637
3.175 6819.413 6499.001 7251.418
3.185 6824.826 6504.146 7257.233
3.195 6830.25 6509.283 7263.103
3.205 6835.687 6514.474 7269.02
3.215 6841.136 6519.591 7274.865
3.226 6846.598 6524.846 7280.741
3.236 6852.071 6529.992 7286.591
3.247 6857.557 6535.209 7292.474
3.257 6863.056 6540.428 7298.329
3.268 6868.567 6545.719 7304.178
3.279 6874.091 6551.037 7310.145
3.289 6879.628 6556.32 7316.154
3.3 6885.178 6561.544 7322.151
3.311 6890.74 6566.728 7328.138
3.322 6896.316 6572.013 7334.125
3.333 6901.905 6577.33 7340.154
3.344 6907.507 6582.627 7346.136
3.356 6913.123 6587.888 7352.183
3.367 6918.752 6593.193 7358.233
3.378 6924.395 6598.497 7364.397
3.39 6930.051 6603.811 7370.445
3.401 6935.721 6609.206 7376.55
3.413 6941.406 6614.554 7382.691
3.425 6947.104 6619.974 7388.845
3.436 6952.816 6625.419 7394.954
3.448 6958.542 6630.798 7401.225
3.46 6964.283 6636.203 7407.48
3.472 6970.038 6641.56 7413.769
3.484 6975.808 6646.947 7420.022
3.497 6981.592 6652.43 7426.362
3.509 6987.391 6657.856 7432.655
3.521 6993.205 6663.356 7438.953
3.534 6999.034 6668.83 7445.147
3.546 7004.879 6674.33 7451.477
3.559 7010.738 6679.819 7457.754
3.571 7016.612 6685.333 7464.143
3.584 7022.502 6690.879 7470.375
3.597 7028.408 6696.449 7476.742
3.61 7034.329 6701.996 7483.232
3.623 7040.267 6707.611 7489.634
3.636 7046.22 6713.197 7496.037
3.65 7052.189 6718.799 7502.61
3.663 7058.174 6724.42 7509.08
3.676 7064.176 6730.051 7515.536
3.69 7070.194 6735.719 7522.038
3.704 7076.229 6741.329 7528.572
3.717 7082.28 6746.966 7535.182
3.731 7088.348 6752.669 7541.761
3.745 7094.433 6758.447 7548.37
3.759 7100.536 6764.186 7554.985
3.774 7106.655 6769.948 7561.621
3.788 7112.792 6775.679 7568.27
3.802 7118.946 6781.447 7574.88
3.817 7125.118 6787.221 7581.571
3.831 7131.308 6792.975 7588.34
3.846 7137.516 6798.777 7595.11
3.861 7143.742 6804.617 7601.856
3.876 7149.986 6810.437 7608.619
3.891 7156.249 6816.318 7615.442
3.906 7162.53 6822.218 7622.213
3.922 7168.83 6828.195 7628.958
3.937 7175.149 6834.088 7635.802
3.953 7181.486 6840.042 7642.64
3.968 7187.843 6845.95 7649.545
3.984 7194.219 6851.874 7656.443
4 7200.615 6857.842 7663.514
4.016 7207.03 6863.841 7670.545
4.032 7213.465 6869.833 7677.508
4.049 7219.921 6875.859 7684.583
4.065 7226.396 6881.881 7691.612
4.082 7232.892 6887.935 7698.64
4.098 7239.408 6893.914 7705.793
4.115 7245.945 6900.063 7712.906
4.132 7252.502 6906.137 7720.043
4.149 7259.081 6912.288 7727.171
4.167 7265.681 6918.465 7734.322
4.184 7272.302 6924.638 7741.496
4.202 7278.945 6930.823 7748.659
4.219 7285.61 6937.021 7755.905
4.237 7292.297 6943.296 7763.211
4.255 7299.005 6949.546 7770.505
4.274 7305.737 6955.822 7777.809
4.292 7312.49 6962.112 7785.063
4.31 7319.267 6968.43 7792.588
4.329 7326.066 6974.797 7799.997
4.348 7332.889 6981.091 7807.454
4.367 7339.735 6987.396 7815.082
4.386 7346.605 6993.773 7822.602
4.405 7353.498 7000.123 7830.149
4.425 7360.416 7006.531 7837.651
4.444 7367.357 7012.937 7845.25
4.464 7374.323 7019.403 7852.847
4.484 7381.314 7025.773 7860.355
4.505 7388.33 7032.326 7868.04
4.525 7395.371 7038.902 7875.795
4.545 7402.437 7045.451 7883.577
4.566 7409.529 7052.045 7891.337
4.587 7416.647 7058.58 7899.194
4.608 7423.79 7065.276 7906.968
4.63 7430.961 7071.893 7914.763
4.651 7438.157 7078.463 7922.591
4.673 7445.381 7085.112 7930.553
4.695 7452.632 7091.849 7938.518
4.717 7459.91 7098.568 7946.5
4.739 7467.216 7105.302 7954.522
4.762 7474.549 7112.089 7962.605
4.785 7481.911 7118.81 7970.741
4.808 7489.301 7125.665 7978.805
4.831 7496.72 7132.45 7986.95
4.854 7504.168 7139.339 7995.025
4.878 7511.646 7146.306 8003.233
4.902 7519.153 7153.197 8011.499
4.926 7526.689 7160.163 8019.71
4.95 7534.256 7167.181 8027.996
4.975 7541.854 7174.12 8036.249
5 7549.482 7181.083 8044.542
5.025 7557.141 7188.168 8052.998
5.051 7564.832 7195.222 8061.466
5.076 7572.555 7202.342 8069.989
5.102 7580.309 7209.474 8078.517
5.128 7588.096 7216.689 8087.05
5.155 7595.916 7223.783 8095.58
5.181 7603.769 7231.014 8104.199
5.208 7611.655 7238.27 8112.881
5.236 7619.576 7245.499 8121.377
5.263 7627.53 7252.843 8130.12
5.291 7635.519 7260.165 8138.897
5.319 7643.542 7267.569 8147.639
5.348 7651.601 7274.909 8156.554
5.376 7659.696 7282.412 8165.5
5.405 7667.826 7289.783 8174.503
5.435 7675.993 7297.398 8183.532
5.464 7684.197 7304.995 8192.432
5.495 7692.438 7312.582 8201.455
5.525 7700.717 7320.055 8210.593
5.556 7709.034 7327.754 8219.912
5.587 7717.389 7335.307 8229.161
5.618 7725.783 7342.926 8238.367
5.65 7734.217 7350.716 8247.62
5.682 7742.69 7358.369 8256.977
5.714 7751.204 7366.251 8266.385
5.747 7759.758 7374.027 8275.963
5.78 7768.354 7381.903 8285.422
5.814 7776.991 7389.744 8294.963
5.848 7785.67 7397.715 8304.619
5.882 7794.392 7405.644 8314.242
5.917 7803.157 7413.617 8324.008
5.952 7811.966 7421.686 8333.733
5.988 7820.819 7429.727 8343.498
6.024 7829.717 7437.824 8353.255
6.061 7838.66 7445.937 8363.127
6.098 7847.649 7454.147 8372.983
6.135 7856.684 7462.283 8383.114
6.173 7865.767 7470.454 8393.134
6.211 7874.896 7478.703 8403.305
6.25 7884.074 7486.973 8413.616
6.289 7893.301 7495.381 8423.898
6.329 7902.577 7503.846 8434.305
6.369 7911.902 7512.272 8444.68
6.41 7921.279 7520.821 8455.171
6.452 7930.706 7529.371 8465.561
6.494 7940.186 7537.978 8475.966
6.536 7949.718 7546.676 8486.546
6.579 7959.304 7555.284 8497.168
6.623 7968.943 7564.037 8507.846
6.667 7978.637 7572.775 8518.616
6.711 7988.387 7581.549 8529.605
6.757 7998.192 7590.285 8540.556
6.803 8008.055 7599.162 8551.583
6.849 8017.975 7608.074 8562.758
6.897 8027.953 7617.05 8573.912
6.944 8037.991 7626.079 8584.979
6.993 8048.089 7635.16 8596.286
7.042 8058.248 7644.291 8607.49
7.092 8068.469 7653.404 8619.013
7.143 8078.752 7662.729 8630.47
7.194 8089.099 7671.995 8642.127
7.246 8099.51 7681.353 8653.832
7.299 8109.987 7690.74 8665.69
7.353 8120.53 7700.21 8677.555
7.407 8131.14 7709.639 8689.404
7.463 8141.819 7719.043 8701.234
7.519 8152.567 7728.602 8713.408
7.576 8163.385 7738.33 8725.499
7.634 8174.274 7747.971 8737.577
7.692 8185.237 7757.701 8750.021
7.752 8196.272 7767.61 8762.677
7.812 8207.382 7777.536 8775.306
7.874 8218.569 7787.588 8787.728
7.937 8229.832 7797.544 8800.385
8 8241.173 7807.578 8813.11
8.065 8252.594 7817.737 8826.128
8.13 8264.096 7827.945 8839.232
8.197 8275.68 7838.133 8852.408
8.264 8287.347 7848.48 8865.579
8.333 8299.1 7858.944 8878.675
8.403 8310.938 7869.472 8892.031
8.475 8322.864 7879.98 8905.494
8.547 8334.879 7890.498 8918.974
8.621 8346.984 7901.22 8932.636
8.696 8359.182 7911.917 8946.389
8.772 8371.473 7922.785 8960.185
8.85 8383.86 7933.662 8974.307
8.929 8396.344 7944.655 8988.539
9.009 8408.926 7955.715 9002.809
9.091 8421.609 7966.857 9017.245
9.174 8434.395 7978.111 9032.075
9.259 8447.284 7989.344 9046.783
9.346 8460.28 8000.76 9061.565
9.434 8473.383 8012.26 9076.64
9.524 8486.597 8023.863 9091.729
9.615 8499.923 8035.522 9107.079
9.709 8513.363 8047.391 9122.529
9.804 8526.919 8059.188 9138.05
9.901 8540.594 8071.196 9153.823
10 8554.39 8083.365 9169.591
10.101 8568.31 8095.574 9185.45
10.204 8582.355 8107.871 9201.622
10.309 8596.529 8120.082 9217.949
10.417 8610.834 8132.525 9234.553
10.526 8625.272 8145.062 9251.221
10.638 8639.847 8157.819 9267.921
10.753 8654.562 8170.745 9284.896
10.87 8669.419 8183.595 9302.069
10.989 8684.421 8196.544 9319.488
11.111 8699.571 8209.67 9336.998
11.236 8714.873 8222.92 9354.625
11.364 8730.331 8236.327 9372.442
11.494 8745.947 8249.81 9390.622
11.628 8761.725 8263.287 9408.829
11.765 8777.669 8277.002 9427.485
11.905 8793.783 8291.005 9446.039
12.048 8810.071 8304.955 9464.892
12.195 8826.537 8319.073 9484.089
12.346 8843.185 8333.364 9503.472
12.5 8860.019 8347.702 9523.252
12.658 8877.045 8362.182 9543.124
12.821 8894.266 8376.9 9563.538
12.987 8911.689 8391.971 9584.018
13.158 8929.318 8407.038 9604.67
13.333 8947.158 8422.18 9625.628
13.514 8965.215 8437.321 9646.865
13.699 8983.495 8452.992 9668.287
13.889 9002.003 8468.707 9690.16
14.085 9020.747 8484.466 9712.174
14.286 9039.732 8500.577 9734.528
14.493 9058.966 8516.825 9757.154
14.706 9078.455 8533.392 9780.107
14.925 9098.207 8550.123 9803.558
15.152 9118.229 8567.081 9827.418
15.385 9138.531 8584.02 9851.436
15.625 9159.119 8601.14 9876.016
15.873 9180.003 8618.627 9900.733
16.129 9201.193 8636.531 9925.905
16.393 9222.698 8654.533 9951.748
16.667 9244.527 8672.644 9977.93
16.949 9266.693 8691.032 10004.457
17.241 9289.205 8709.761 10031.599
17.544 9312.077 8728.742 10059.063
17.857 9335.319 8748.035 10086.685
18.182 9358.946 8767.608 10115.368
18.519 9382.971 8787.352 10144.874
18.868 9407.409 8807.458 10174.311
19.231 9432.275 8827.688 10204.24
19.608 9457.585 8848.407 10235.133
20 9483.356 8869.252 10266.679
20.408 9509.607 8890.549 10298.709
20.833 9536.357 8912.353 10331.17
21.277 9563.626 8934.613 10364.446
21.739 9591.437 8957.069 10398.379
22.222 9619.812 8980.282 10433.143
22.727 9648.777 9004.011 10468.693
23.256 9678.357 9027.886 10505.043
23.81 9708.581 9052.345 10542.052
24.39 9739.479 9077.264 10580.314
25 9771.084 9102.622 10619.178
25.641 9803.431 9128.544 10659.584
26.316 9836.558 9155.04 10700.775
27.027 9870.504 9182.243 10742.773
27.778 9905.313 9209.751 10786
28.571 9941.034 9238.182 10830.467
29.412 9977.718 9266.812 10876.535
30.303 10015.42 9296.625 10923.938
31.25 10054.203 9327.395 10973.044
32.258 10094.132 9358.579 11023.327
33.333 10135.281 9390.403 11075.422
34.483 10177.731 9423.609 11129.206
35.714 10221.571 9457.881 11184.895
37.037 10266.9 9492.802 11242.757
38.462 10313.826 9528.857 11302.681
40 10362.472 9566.207 11365.298
41.667 10412.976 9605.039 11430.735
43.478 10465.491 9644.851 11498.471
45.455 10520.191 9686.531 11569.14
47.619 10577.274 9729.531 11644.002
50 10636.968 9774.626 11721.629
52.632 10699.534 9821.258 11803.31
55.556 10765.273 9870.31 11890.229
58.824 10834.539 9921.203 11981.938
62.5 10907.75 9975.238 12079.662
66.667 10985.401 10031.852 12183.606
71.429 11068.089 10091.761 12295.293
76.923 11156.541 10155.228 12415.895
83.333 11251.657 10223.47 12545.571
90.909 11354.565 10296.178 12686.723
100 11466.714 10374.983 12841.141
111.111 11590 10460.621 13012.634
125 11726.978 10554.983 13206.793
142.857 11881.211 10658.825 13425.412
166.667 12057.885 10777.118 13678.909
200 12264.977 10913.017 13979.89
250 12515.735 11074.2 14349.297
333.333 12834.727 11273.283 14830.428
500 13276.327 11539.314 15513.275
1000 14010.322 11956.537 16693.245
1111.111 14119.641 12015.876 16874.588
1250 14241.16 12081.441 17076.989
1428.571 14378.052 12154.684 17307.142
1666.667 14534.936 12236.905 17574.252
2000 14718.919 12331.969 17891.487
2500 14941.802 12444.958 18281.958
3333.333 15225.469 12585.872 18791.342
5000 15618.354 12772.296 19507.254
10000 16271.695 13065.653 20749
