"Pr" "Mp" "Q_2" "Q_9"
1.01 3029.081 2592.064 3382.027
1.011 3063.242 2632.232 3413.293
1.012 3095.027 2669.485 3442.611
1.013 3124.791 2704.373 3469.918
1.014 3152.813 2737.216 3495.844
1.015 3179.315 2768.236 3520.44
1.016 3204.48 2797.554 3543.518
1.017 3228.458 2825.303 3565.823
1.018 3251.375 2851.893 3587.248
1.019 3273.337 2877.051 3607.781
1.02 3294.434 2901.393 3627.573
1.021 3314.745 2924.832 3646.374
1.022 3334.337 2947.236 3664.778
1.024 3353.27 2968.911 3682.594
1.025 3371.594 2989.861 3699.827
1.026 3389.356 3010.163 3716.757
1.027 3406.597 3029.808 3733.01
1.028 3423.353 3048.83 3748.864
1.029 3439.655 3067.292 3764.294
1.03 3455.535 3085.413 3779.303
1.031 3471.017 3103.013 3793.971
1.032 3486.127 3120.145 3808.406
1.033 3500.885 3136.887 3822.402
1.034 3515.312 3153.23 3836.239
1.035 3529.425 3169.111 3849.633
1.036 3543.243 3184.739 3862.966
1.037 3556.779 3200.001 3875.891
1.038 3570.048 3215.1 3888.588
1.04 3583.064 3229.741 3901.073
1.041 3595.838 3243.897 3913.263
1.042 3608.381 3257.961 3925.166
1.043 3620.705 3271.739 3937.014
1.044 3632.818 3285.289 3948.589
1.045 3644.731 3298.572 3960.118
1.046 3656.45 3311.662 3971.337
1.047 3667.986 3324.531 3982.378
1.048 3679.344 3337.212 3993.338
1.049 3690.531 3349.715 4004.107
1.05 3701.556 3362.093 4014.656
1.052 3712.423 3374.192 4025.333
1.053 3723.138 3386.046 4035.649
1.054 3733.708 3397.967 4045.808
1.055 3744.137 3409.524 4055.905
1.056 3754.43 3420.861 4065.825
1.057 3764.592 3432.097 4075.656
1.058 3774.627 3443.163 4085.361
1.059 3784.54 3454.066 4094.978
1.06 3794.334 3464.719 4104.567
1.062 3804.014 3475.493 4113.938
1.063 3813.582 3485.974 4123.243
1.064 3823.043 3496.499 4132.361
1.065 3832.4 3506.776 4141.45
1.066 3841.655 3516.962 4150.455
1.067 3850.813 3527.06 4159.377
1.068 3859.875 3536.993 4168.244
1.07 3868.844 3546.902 4177.083
1.071 3877.723 3556.616 4185.867
1.072 3886.515 3566.305 4194.446
1.073 3895.222 3575.776 4202.964
1.074 3903.845 3585.265 4211.486
1.075 3912.389 3594.691 4219.86
1.076 3920.854 3603.95 4228.227
1.078 3929.242 3613.101 4236.385
1.079 3937.556 3622.203 4244.573
1.08 3945.797 3631.1 4252.648
1.081 3953.968 3639.951 4260.717
1.082 3962.069 3648.816 4268.673
1.083 3970.103 3657.559 4276.595
1.085 3978.072 3666.087 4284.476
1.086 3985.976 3674.756 4292.26
1.087 3993.817 3683.266 4300.031
1.088 4001.598 3691.556 4307.774
1.089 4009.318 3699.867 4315.399
1.091 4016.98 3708.213 4322.95
1.092 4024.585 3716.509 4330.38
1.093 4032.134 3724.634 4337.903
1.094 4039.628 3732.634 4345.259
1.095 4047.068 3740.695 4352.637
1.096 4054.457 3748.699 4359.928
1.098 4061.794 3756.614 4367.191
1.099 4069.081 3764.443 4374.355
1.1 4076.318 3772.219 4381.581
1.101 4083.508 3780.06 4388.739
1.103 4090.651 3787.786 4395.829
1.104 4097.747 3795.366 4402.969
1.105 4104.798 3802.928 4410.059
1.106 4111.804 3810.449 4417.085
1.107 4118.768 3817.896 4423.976
1.109 4125.688 3825.382 4430.892
1.11 4132.566 3832.757 4437.731
1.111 4139.404 3840.191 4444.537
1.112 4146.201 3847.489 4451.253
1.114 4152.959 3854.67 4457.962
1.115 4159.678 3861.768 4464.7
1.116 4166.358 3868.961 4471.427
1.117 4173.002 3876.122 4478.135
1.119 4179.608 3883.159 4484.771
1.12 4186.179 3890.143 4491.322
1.121 4192.714 3897.115 4497.842
1.122 4199.214 3903.962 4504.318
1.124 4205.68 3910.738 4510.808
1.125 4212.113 3917.52 4517.227
1.126 4218.512 3924.319 4523.619
1.127 4224.879 3931.106 4529.942
1.129 4231.214 3937.939 4536.283
1.13 4237.518 3944.631 4542.621
1.131 4243.79 3951.267 4548.886
1.133 4250.033 3957.91 4555.168
1.134 4256.245 3964.429 4561.461
1.135 4262.428 3970.915 4567.638
1.136 4268.582 3977.447 4573.841
1.138 4274.708 3983.931 4579.96
1.139 4280.806 3990.378 4586.136
1.14 4286.876 3996.802 4592.173
1.142 4292.919 4003.236 4598.226
1.143 4298.936 4009.566 4604.288
1.144 4304.926 4015.939 4610.284
1.145 4310.89 4022.158 4616.337
1.147 4316.829 4028.454 4622.295
1.148 4322.743 4034.714 4628.245
1.149 4328.632 4041.104 4634.194
1.151 4334.497 4047.304 4640.121
1.152 4340.337 4053.379 4646
1.153 4346.154 4059.487 4651.916
1.155 4351.948 4065.579 4657.709
1.156 4357.719 4071.539 4663.493
1.157 4363.467 4077.576 4669.276
1.159 4369.193 4083.543 4675.05
1.16 4374.897 4089.429 4680.867
1.161 4380.58 4095.305 4686.551
1.163 4386.241 4101.244 4692.305
1.164 4391.881 4107.166 4698.06
1.166 4397.5 4113.017 4703.74
1.167 4403.099 4118.907 4709.35
1.168 4408.678 4124.777 4714.894
1.17 4414.236 4130.505 4720.508
1.171 4419.776 4136.296 4726.051
1.172 4425.295 4142.082 4731.677
1.174 4430.796 4147.717 4737.278
1.175 4436.278 4153.453 4742.779
1.176 4441.742 4159.214 4748.304
1.178 4447.187 4164.777 4753.816
1.179 4452.614 4170.438 4759.256
1.181 4458.023 4176.034 4764.772
1.182 4463.415 4181.638 4770.251
1.183 4468.789 4187.183 4775.636
1.185 4474.146 4192.71 4781.137
1.186 4479.486 4198.177 4786.545
1.188 4484.81 4203.673 4791.886
1.189 4490.117 4209.104 4797.361
1.19 4495.408 4214.555 4802.764
1.192 4500.682 4220.022 4808.184
1.193 4505.941 4225.475 4813.493
1.195 4511.185 4230.855 4818.822
1.196 4516.412 4236.277 4824.146
1.198 4521.625 4241.656 4829.407
1.199 4526.823 4247.036 4834.588
1.2 4532.005 4252.348 4839.925
1.202 4537.173 4257.64 4845.193
1.203 4542.327 4262.988 4850.471
1.205 4547.466 4268.277 4855.682
1.206 4552.591 4273.549 4860.891
1.208 4557.702 4278.833 4866.12
1.209 4562.799 4284.08 4871.289
1.211 4567.883 4289.273 4876.507
1.212 4572.953 4294.463 4881.674
1.214 4578.01 4299.711 4886.864
1.215 4583.053 4304.849 4892.068
1.217 4588.084 4309.975 4897.217
1.218 4593.102 4315.141 4902.415
1.22 4598.107 4320.336 4907.461
1.221 4603.1 4325.519 4912.564
1.222 4608.08 4330.602 4917.658
1.224 4613.048 4335.714 4922.808
1.225 4618.004 4340.807 4927.916
1.227 4622.948 4345.966 4932.98
1.229 4627.88 4350.999 4938.091
1.23 4632.801 4356.028 4943.086
1.232 4637.71 4361.016 4948.135
1.233 4642.608 4366.103 4953.105
1.235 4647.494 4371.197 4958.156
1.236 4652.37 4376.266 4963.205
1.238 4657.234 4381.308 4968.265
1.239 4662.087 4386.301 4973.246
1.241 4666.93 4391.351 4978.181
1.242 4671.762 4396.333 4983.108
1.244 4676.584 4401.225 4988.075
1.245 4681.395 4406.078 4992.961
1.247 4686.196 4410.968 4997.874
1.248 4690.987 4415.836 5002.762
1.25 4695.768 4420.663 5007.696
1.252 4700.539 4425.474 5012.594
1.253 4705.3 4430.31 5017.467
1.255 4710.051 4435.21 5022.315
1.256 4714.793 4440.089 5027.185
1.258 4719.526 4444.957 5031.983
1.259 4724.249 4449.819 5036.816
1.261 4728.963 4454.555 5041.61
1.263 4733.667 4459.351 5046.452
1.264 4738.363 4464.09 5051.263
1.266 4743.05 4468.878 5056.114
1.267 4747.727 4473.631 5060.908
1.269 4752.396 4478.456 5065.76
1.271 4757.057 4483.218 5070.531
1.272 4761.709 4487.938 5075.292
1.274 4766.352 4492.688 5080.035
1.276 4770.987 4497.398 5084.782
1.277 4775.614 4502.12 5089.565
1.279 4780.233 4506.867 5094.32
1.28 4784.843 4511.536 5099.117
1.282 4789.446 4516.192 5103.761
1.284 4794.041 4520.72 5108.486
1.285 4798.627 4525.305 5113.242
1.287 4803.207 4529.941 5117.921
1.289 4807.778 4534.576 5122.658
1.29 4812.342 4539.156 5127.404
1.292 4816.898 4543.75 5132.061
1.294 4821.447 4548.334 5136.774
1.295 4825.989 4552.983 5141.503
1.297 4830.524 4557.581 5146.18
1.299 4835.051 4562.092 5150.919
1.3 4839.571 4566.654 5155.612
1.302 4844.085 4571.259 5160.312
1.304 4848.591 4575.8 5164.932
1.305 4853.091 4580.414 5169.587
1.307 4857.584 4584.941 5174.256
1.309 4862.07 4589.555 5178.947
1.311 4866.549 4594.021 5183.462
1.312 4871.022 4598.575 5188.026
1.314 4875.489 4602.986 5192.629
1.316 4879.949 4607.565 5197.255
1.318 4884.403 4612.135 5201.869
1.319 4888.851 4616.62 5206.484
1.321 4893.292 4621.092 5211.058
1.323 4897.727 4625.598 5215.646
1.325 4902.157 4630.01 5220.236
1.326 4906.58 4634.522 5224.804
1.328 4910.997 4639.082 5229.35
1.33 4915.409 4643.495 5233.917
1.332 4919.815 4647.949 5238.437
1.333 4924.215 4652.408 5243.062
1.335 4928.609 4656.85 5247.653
1.337 4932.998 4661.324 5252.198
1.339 4937.382 4665.694 5256.745
1.34 4941.76 4670.175 5261.23
1.342 4946.132 4674.658 5265.706
1.344 4950.499 4679.054 5270.203
1.346 4954.861 4683.473 5274.749
1.348 4959.218 4687.83 5279.342
1.35 4963.57 4692.133 5283.917
1.351 4967.916 4696.519 5288.416
1.353 4972.257 4700.823 5292.902
1.355 4976.594 4705.154 5297.375
1.357 4980.926 4709.491 5301.847
1.359 4985.252 4713.79 5306.292
1.361 4989.574 4718.138 5310.794
1.362 4993.891 4722.451 5315.342
1.364 4998.204 4726.798 5319.782
1.366 5002.512 4731.101 5324.236
1.368 5006.815 4735.439 5328.716
1.37 5011.114 4739.687 5333.078
1.372 5015.408 4743.999 5337.55
1.374 5019.698 4748.261 5341.955
1.376 5023.984 4752.526 5346.388
1.377 5028.265 4756.803 5350.924
1.379 5032.542 4761.061 5355.379
1.381 5036.815 4765.451 5359.817
1.383 5041.083 4769.731 5364.296
1.385 5045.348 4774.01 5368.682
1.387 5049.608 4778.31 5373.072
1.389 5053.865 4782.575 5377.54
1.391 5058.117 4786.9 5381.971
1.393 5062.366 4791.139 5386.377
1.395 5066.611 4795.431 5390.765
1.397 5070.851 4799.719 5395.151
1.399 5075.089 4803.897 5399.579
1.401 5079.322 4808.135 5404.039
1.403 5083.552 4812.344 5408.404
1.404 5087.778 4816.558 5412.724
1.406 5092.001 4820.697 5417.118
1.408 5096.22 4824.842 5421.478
1.41 5100.435 4829.061 5425.757
1.412 5104.648 4833.19 5430.187
1.414 5108.856 4837.344 5434.617
1.416 5113.062 4841.528 5439.008
1.418 5117.264 4845.657 5443.427
1.42 5121.463 4849.884 5447.848
1.422 5125.658 4854.131 5452.251
1.425 5129.851 4858.3 5456.548
1.427 5134.04 4862.473 5460.861
1.429 5138.227 4866.65 5465.169
1.431 5142.41 4870.752 5469.51
1.433 5146.59 4874.945 5473.803
1.435 5150.767 4879.058 5478.153
1.437 5154.942 4883.246 5482.486
1.439 5159.113 4887.328 5486.843
1.441 5163.282 4891.513 5491.142
1.443 5167.448 4895.707 5495.434
1.445 5171.611 4899.8 5499.762
1.447 5175.772 4903.879 5504.054
1.449 5179.929 4907.95 5508.373
1.451 5184.084 4912.06 5512.825
1.453 5188.237 4916.237 5517.158
1.456 5192.387 4920.385 5521.431
1.458 5196.535 4924.513 5525.766
1.46 5200.68 4928.576 5530.054
1.462 5204.822 4932.697 5534.36
1.464 5208.962 4936.728 5538.652
1.466 5213.1 4940.768 5542.983
1.468 5217.236 4944.858 5547.272
1.471 5221.369 4948.938 5551.602
1.473 5225.5 4953.056 5555.96
1.475 5229.629 4957.07 5560.28
1.477 5233.756 4961.131 5564.566
1.479 5237.88 4965.229 5568.854
1.481 5242.003 4969.336 5573.108
1.484 5246.123 4973.39 5577.319
1.486 5250.241 4977.466 5581.668
1.488 5254.358 4981.529 5585.946
1.49 5258.472 4985.609 5590.243
1.493 5262.585 4989.689 5594.494
1.495 5266.695 4993.756 5598.748
1.497 5270.804 4997.762 5603.051
1.499 5274.911 5001.827 5607.343
1.502 5279.016 5005.827 5611.628
1.504 5283.12 5009.887 5615.896
1.506 5287.222 5013.966 5620.214
1.508 5291.322 5018.028 5624.447
1.511 5295.42 5022.047 5628.766
1.513 5299.517 5026.106 5633.045
1.515 5303.613 5030.149 5637.35
1.517 5307.706 5034.271 5641.689
1.52 5311.799 5038.28 5645.97
1.522 5315.89 5042.293 5650.199
1.524 5319.979 5046.243 5654.503
1.527 5324.067 5050.294 5658.83
1.529 5328.154 5054.304 5663.041
1.531 5332.239 5058.279 5667.301
1.534 5336.323 5062.297 5671.544
1.536 5340.406 5066.387 5675.766
1.538 5344.487 5070.411 5680.019
1.541 5348.568 5074.379 5684.308
1.543 5352.647 5078.39 5688.666
1.546 5356.725 5082.398 5692.951
1.548 5360.802 5086.45 5697.208
1.55 5364.877 5090.462 5701.5
1.553 5368.952 5094.509 5705.757
1.555 5373.026 5098.548 5710.066
1.558 5377.099 5102.512 5714.328
1.56 5381.171 5106.597 5718.546
1.563 5385.242 5110.515 5722.786
1.565 5389.312 5114.576 5727.019
1.567 5393.381 5118.579 5731.213
1.57 5397.449 5122.616 5735.445
1.572 5401.517 5126.582 5739.703
1.575 5405.584 5130.576 5743.894
1.577 5409.65 5134.542 5748.117
1.58 5413.715 5138.622 5752.354
1.582 5417.78 5142.577 5756.669
1.585 5421.844 5146.634 5760.928
1.587 5425.908 5150.605 5765.219
1.59 5429.97 5154.59 5769.491
1.592 5434.033 5158.612 5773.721
1.595 5438.095 5162.465 5778.005
1.597 5442.156 5166.436 5782.252
1.6 5446.217 5170.472 5786.6
1.603 5450.277 5174.441 5790.834
1.605 5454.337 5178.502 5795.121
1.608 5458.397 5182.417 5799.418
1.61 5462.456 5186.398 5803.663
1.613 5466.515 5190.339 5807.911
1.616 5470.574 5194.377 5812.125
1.618 5474.633 5198.403 5816.406
1.621 5478.691 5202.335 5820.551
1.623 5482.749 5206.314 5824.875
1.626 5486.807 5210.296 5829.149
1.629 5490.864 5214.327 5833.474
1.631 5494.922 5218.334 5837.737
1.634 5498.98 5222.289 5842.041
1.637 5503.037 5226.226 5846.308
1.639 5507.095 5230.231 5850.575
1.642 5511.152 5234.101 5854.791
1.645 5515.209 5238.033 5858.967
1.647 5519.267 5241.972 5863.187
1.65 5523.325 5245.917 5867.475
1.653 5527.382 5249.813 5871.833
1.656 5531.44 5253.776 5876.115
1.658 5535.498 5257.696 5880.454
1.661 5539.557 5261.63 5884.686
1.664 5543.615 5265.612 5888.876
1.667 5547.674 5269.513 5893.084
1.669 5551.733 5273.479 5897.334
1.672 5555.792 5277.439 5901.581
1.675 5559.852 5281.404 5905.748
1.678 5563.912 5285.338 5910.04
1.681 5567.972 5289.304 5914.306
1.684 5572.033 5293.324 5918.545
1.686 5576.094 5297.353 5922.822
1.689 5580.156 5301.362 5927.079
1.692 5584.218 5305.363 5931.352
1.695 5588.281 5309.31 5935.565
1.698 5592.344 5313.241 5939.779
1.701 5596.408 5317.203 5944.065
1.704 5600.473 5321.196 5948.321
1.706 5604.538 5325.166 5952.499
1.709 5608.604 5329.109 5956.774
1.712 5612.671 5333.024 5960.996
1.715 5616.738 5336.927 5965.246
1.718 5620.806 5340.969 5969.528
1.721 5624.875 5344.952 5973.848
1.724 5628.944 5348.932 5978.07
1.727 5633.015 5352.887 5982.3
1.73 5637.086 5356.801 5986.57
1.733 5641.158 5360.795 5990.813
1.736 5645.231 5364.765 5995.074
1.739 5649.305 5368.775 5999.371
1.742 5653.38 5372.741 6003.614
1.745 5657.456 5376.707 6007.824
1.748 5661.533 5380.604 6012.118
1.751 5665.611 5384.572 6016.442
1.754 5669.69 5388.56 6020.763
1.757 5673.77 5392.515 6025.02
1.761 5677.852 5396.479 6029.341
1.764 5681.934 5400.454 6033.589
1.767 5686.018 5404.398 6037.882
1.77 5690.103 5408.332 6042.19
1.773 5694.189 5412.328 6046.492
1.776 5698.276 5416.301 6050.821
1.779 5702.365 5420.285 6055.101
1.783 5706.455 5424.178 6059.444
1.786 5710.546 5428.17 6063.753
1.789 5714.639 5432.153 6068.024
1.792 5718.733 5436.142 6072.316
1.795 5722.828 5440.121 6076.618
1.799 5726.925 5444.037 6080.931
1.802 5731.023 5447.971 6085.258
1.805 5735.123 5451.984 6089.593
1.808 5739.225 5455.961 6093.916
1.812 5743.328 5459.917 6098.177
1.815 5747.432 5463.811 6102.438
1.818 5751.538 5467.8 6106.689
1.821 5755.646 5471.796 6110.974
1.825 5759.756 5475.818 6115.291
1.828 5763.867 5479.771 6119.643
1.832 5767.98 5483.744 6123.993
1.835 5772.094 5487.744 6128.302
1.838 5776.211 5491.692 6132.617
1.842 5780.329 5495.686 6136.948
1.845 5784.449 5499.68 6141.288
1.848 5788.571 5503.634 6145.59
1.852 5792.695 5507.586 6149.893
1.855 5796.82 5511.587 6154.238
1.859 5800.948 5515.538 6158.587
1.862 5805.078 5519.548 6162.914
1.866 5809.209 5523.52 6167.265
1.869 5813.343 5527.523 6171.644
1.873 5817.478 5531.562 6176.043
1.876 5821.616 5535.586 6180.458
1.88 5825.756 5539.623 6184.752
1.883 5829.898 5543.614 6189.121
1.887 5834.042 5547.608 6193.438
1.89 5838.188 5551.609 6197.765
1.894 5842.336 5555.622 6202.186
1.898 5846.487 5559.599 6206.472
1.901 5850.64 5563.599 6210.854
1.905 5854.795 5567.66 6215.182
1.908 5858.953 5571.707 6219.578
1.912 5863.113 5575.753 6223.965
1.916 5867.275 5579.733 6228.341
1.919 5871.44 5583.753 6232.722
1.923 5875.607 5587.783 6237.125
1.927 5879.776 5591.815 6241.516
1.931 5883.949 5595.823 6245.925
1.934 5888.123 5599.835 6250.277
1.938 5892.3 5603.748 6254.75
1.942 5896.48 5607.78 6259.175
1.946 5900.662 5611.87 6263.565
1.949 5904.847 5615.897 6268.034
1.953 5909.035 5619.93 6272.453
1.957 5913.225 5623.983 6276.902
1.961 5917.418 5628.039 6281.308
1.965 5921.614 5632.084 6285.783
1.969 5925.812 5636.138 6290.25
1.972 5930.013 5640.207 6294.676
1.976 5934.217 5644.277 6299.092
1.98 5938.424 5648.325 6303.504
1.984 5942.634 5652.427 6308
1.988 5946.847 5656.521 6312.531
1.992 5951.063 5660.626 6316.941
1.996 5955.281 5664.645 6321.404
2 5959.503 5668.78 6325.854
2.004 5963.728 5672.81 6330.307
2.008 5967.955 5676.852 6334.805
2.012 5972.186 5680.935 6339.237
2.016 5976.42 5684.966 6343.716
2.02 5980.657 5689.115 6348.189
2.024 5984.897 5693.198 6352.703
2.028 5989.141 5697.254 6357.207
2.033 5993.388 5701.315 6361.709
2.037 5997.638 5705.345 6366.227
2.041 6001.891 5709.413 6370.68
2.045 6006.148 5713.481 6375.117
2.049 6010.407 5717.616 6379.59
2.053 6014.671 5721.732 6384.101
2.058 6018.938 5725.835 6388.632
2.062 6023.208 5729.882 6393.13
2.066 6027.481 5733.985 6397.662
2.07 6031.759 5738.068 6402.17
2.075 6036.039 5742.149 6406.656
2.079 6040.324 5746.237 6411.155
2.083 6044.612 5750.369 6415.718
2.088 6048.903 5754.447 6420.225
2.092 6053.198 5758.574 6424.752
2.096 6057.497 5762.699 6429.359
2.101 6061.8 5766.778 6433.904
2.105 6066.106 5770.886 6438.385
2.11 6070.416 5775.014 6442.934
2.114 6074.73 5779.123 6447.534
2.119 6079.048 5783.287 6452.137
2.123 6083.37 5787.449 6456.721
2.128 6087.695 5791.644 6461.304
2.132 6092.025 5795.847 6465.877
2.137 6096.358 5800.003 6470.476
2.141 6100.696 5804.136 6475.014
2.146 6105.038 5808.24 6479.596
2.151 6109.383 5812.461 6484.209
2.155 6113.733 5816.566 6488.824
2.16 6118.087 5820.757 6493.435
2.165 6122.445 5824.905 6497.935
2.169 6126.807 5829.12 6502.5
2.174 6131.174 5833.341 6507.118
2.179 6135.545 5837.507 6511.735
2.183 6139.92 5841.679 6516.412
2.188 6144.299 5845.871 6521.082
2.193 6148.683 5850.105 6525.668
2.198 6153.071 5854.261 6530.28
2.203 6157.464 5858.438 6534.879
2.208 6161.861 5862.648 6539.588
2.212 6166.263 5866.854 6544.257
2.217 6170.669 5871.064 6548.955
2.222 6175.08 5875.24 6553.642
2.227 6179.495 5879.479 6558.336
2.232 6183.915 5883.7 6563.036
2.237 6188.34 5888.02 6567.676
2.242 6192.77 5892.246 6572.258
2.247 6197.204 5896.429 6576.972
2.252 6201.643 5900.608 6581.657
2.257 6206.087 5904.748 6586.367
2.262 6210.535 5908.922 6591.132
2.268 6214.989 5913.227 6595.866
2.273 6219.447 5917.48 6600.623
2.278 6223.911 5921.693 6605.316
2.283 6228.38 5925.925 6610.051
2.288 6232.853 5930.193 6614.827
2.294 6237.332 5934.496 6619.542
2.299 6241.816 5938.713 6624.313
2.304 6246.304 5942.972 6629.028
2.309 6250.799 5947.262 6633.825
2.315 6255.298 5951.565 6638.53
2.32 6259.803 5955.833 6643.347
2.326 6264.313 5960.103 6648.139
2.331 6268.828 5964.401 6652.922
2.336 6273.348 5968.634 6657.629
2.342 6277.875 5972.974 6662.407
2.347 6282.406 5977.306 6667.202
2.353 6286.943 5981.604 6671.97
2.358 6291.486 5985.861 6676.807
2.364 6296.034 5990.186 6681.706
2.37 6300.588 5994.506 6686.518
2.375 6305.147 5998.867 6691.308
2.381 6309.712 6003.271 6696.056
2.387 6314.283 6007.672 6700.873
2.392 6318.86 6012.047 6705.783
2.398 6323.442 6016.369 6710.58
2.404 6328.031 6020.741 6715.425
2.41 6332.625 6025.146 6720.342
2.415 6337.225 6029.54 6725.237
2.421 6341.831 6033.933 6730.108
2.427 6346.444 6038.301 6735.087
2.433 6351.062 6042.716 6739.929
2.439 6355.686 6047.042 6744.874
2.445 6360.317 6051.488 6749.821
2.451 6364.954 6055.924 6754.663
2.457 6369.597 6060.358 6759.607
2.463 6374.246 6064.807 6764.502
2.469 6378.901 6069.188 6769.516
2.475 6383.563 6073.54 6774.476
2.481 6388.232 6077.998 6779.381
2.488 6392.907 6082.398 6784.331
2.494 6397.588 6086.801 6789.291
2.5 6402.276 6091.225 6794.355
2.506 6406.971 6095.676 6799.367
2.513 6411.672 6100.096 6804.379
2.519 6416.379 6104.597 6809.387
2.525 6421.094 6109.055 6814.391
2.532 6425.815 6113.474 6819.438
2.538 6430.544 6117.944 6824.529
2.545 6435.279 6122.453 6829.529
2.551 6440.021 6126.986 6834.549
2.558 6444.77 6131.497 6839.65
2.564 6449.525 6135.983 6844.763
2.571 6454.288 6140.527 6849.782
2.577 6459.059 6145.041 6854.762
2.584 6463.836 6149.571 6859.849
2.591 6468.62 6154.021 6864.947
2.597 6473.412 6158.584 6869.992
2.604 6478.211 6163.126 6875.072
2.611 6483.018 6167.706 6880.191
2.618 6487.831 6172.252 6885.239
2.625 6492.653 6176.841 6890.382
2.632 6497.481 6181.421 6895.483
2.639 6502.318 6185.984 6900.626
2.646 6507.162 6190.469 6905.767
2.653 6512.013 6195.06 6910.884
2.66 6516.873 6199.688 6916.083
2.667 6521.74 6204.259 6921.16
2.674 6526.615 6208.826 6926.366
2.681 6531.497 6213.489 6931.577
2.688 6536.388 6218.058 6936.816
2.695 6541.287 6222.685 6941.996
2.703 6546.194 6227.262 6947.18
2.71 6551.109 6231.875 6952.445
2.717 6556.032 6236.51 6957.697
2.725 6560.963 6241.201 6962.893
2.732 6565.902 6245.812 6968.159
2.74 6570.85 6250.491 6973.44
2.747 6575.806 6255.155 6978.764
2.755 6580.771 6259.859 6983.937
2.762 6585.744 6264.548 6989.151
2.77 6590.725 6269.247 6994.346
2.778 6595.716 6273.951 6999.655
2.786 6600.714 6278.652 7004.963
2.793 6605.722 6283.373 7010.346
2.801 6610.738 6288.086 7015.709
2.809 6615.764 6292.767 7021.107
2.817 6620.798 6297.513 7026.441
2.825 6625.841 6302.278 7031.813
2.833 6630.893 6307.097 7037.169
2.841 6635.954 6311.922 7042.562
2.849 6641.025 6316.699 7047.927
2.857 6646.104 6321.45 7053.309
2.865 6651.193 6326.226 7058.703
2.874 6656.291 6330.962 7064.096
2.882 6661.399 6335.785 7069.559
2.89 6666.516 6340.638 7074.93
2.899 6671.642 6345.468 7080.414
2.907 6676.779 6350.339 7085.865
2.915 6681.924 6355.295 7091.362
2.924 6687.08 6360.093 7096.928
2.933 6692.246 6364.89 7102.446
2.941 6697.421 6369.683 7107.927
2.95 6702.606 6374.515 7113.535
2.959 6707.801 6379.418 7119.086
2.967 6713.007 6384.296 7124.651
2.976 6718.222 6389.248 7130.276
2.985 6723.448 6394.205 7135.747
2.994 6728.684 6399.135 7141.259
3.003 6733.93 6404.031 7146.906
3.012 6739.187 6408.98 7152.461
3.021 6744.454 6413.923 7158.067
3.03 6749.732 6418.847 7163.607
3.04 6755.02 6423.78 7169.274
3.049 6760.32 6428.763 7174.959
3.058 6765.63 6433.778 7180.72
3.067 6770.951 6438.754 7186.383
3.077 6776.283 6443.825 7192.107
3.086 6781.625 6448.817 7197.774
3.096 6786.98 6453.786 7203.454
3.106 6792.345 6458.881 7209.149
3.115 6797.721 6463.889 7214.916
3.125 6803.109 6468.915 7220.599
3.135 6808.508 6473.94 7226.321
3.145 6813.919 6479.069 7232.188
3.155 6819.342 6484.135 7238.041
3.165 6824.776 6489.287 7243.732
3.175 6830.222 6494.4 7249.606
3.185 6835.68 6499.428 7255.504
3.195 6841.149 6504.533 7261.434
3.205 6846.631 6509.671 7267.335
3.215 6852.125 6514.918 7273.139
3.226 6857.631 6520.103 7278.959
3.236 6863.149 6525.296 7284.81
3.247 6868.68 6530.471 7290.692
3.257 6874.223 6535.623 7296.626
3.268 6879.778 6540.776 7302.469
3.279 6885.347 6545.994 7308.437
3.289 6890.928 6551.233 7314.357
3.3 6896.522 6556.462 7320.254
3.311 6902.129 6561.648 7326.166
3.322 6907.748 6566.876 7332.208
3.333 6913.381 6572.138 7338.161
3.344 6919.028 6577.366 7344.21
3.356 6924.687 6582.756 7350.207
3.367 6930.36 6588.019 7356.321
3.378 6936.046 6593.238 7362.462
3.39 6941.746 6598.566 7368.519
3.401 6947.46 6604.004 7374.625
3.413 6953.188 6609.275 7380.726
3.425 6958.929 6614.642 7386.852
3.436 6964.685 6620.023 7393.048
3.448 6970.454 6625.441 7399.16
3.46 6976.238 6630.877 7405.32
3.472 6982.036 6636.277 7411.502
3.484 6987.849 6641.667 7417.645
3.497 6993.676 6647.129 7423.896
3.509 6999.518 6652.657 7430.14
3.521 7005.375 6658.132 7436.41
3.534 7011.246 6663.59 7442.693
3.546 7017.133 6669.034 7448.984
3.559 7023.035 6674.526 7455.367
3.571 7028.952 6680.056 7461.727
3.584 7034.884 6685.611 7468.104
3.597 7040.832 6691.151 7474.476
3.61 7046.795 6696.752 7480.787
3.623 7052.774 6702.286 7487.246
3.636 7058.769 6707.857 7493.673
3.65 7064.78 6713.386 7500.089
3.663 7070.807 6718.971 7506.583
3.676 7076.85 6724.585 7513.122
3.69 7082.91 6730.205 7519.659
3.704 7088.986 6735.864 7526.105
3.717 7095.079 6741.551 7532.666
3.731 7101.188 6747.296 7539.273
3.745 7107.314 6753.095 7545.862
3.759 7113.458 6758.931 7552.408
3.774 7119.618 6764.713 7558.979
3.788 7125.796 6770.513 7565.601
3.802 7131.991 6776.285 7572.368
3.817 7138.204 6781.938 7579.096
3.831 7144.434 6787.734 7585.668
3.846 7150.682 6793.621 7592.514
3.861 7156.948 6799.431 7599.379
3.876 7163.233 6805.241 7606.107
3.891 7169.535 6811.018 7612.977
3.906 7175.856 6816.864 7619.791
3.922 7182.196 6822.754 7626.614
3.937 7188.554 6828.54 7633.502
3.953 7194.932 6834.403 7640.361
3.968 7201.328 6840.295 7647.217
3.984 7207.744 6846.119 7654.168
4 7214.179 6852.084 7661.228
4.016 7220.633 6858.016 7668.271
4.032 7227.107 6864.066 7675.292
4.049 7233.601 6870.076 7682.364
4.065 7240.115 6876.134 7689.393
4.082 7246.65 6882.137 7696.432
4.098 7253.204 6888.225 7703.5
4.115 7259.779 6894.238 7710.633
4.132 7266.375 6900.442 7717.873
4.149 7272.992 6906.553 7724.92
4.167 7279.63 6912.723 7732.162
4.184 7286.289 6919.003 7739.373
4.202 7292.97 6925.23 7746.521
4.219 7299.672 6931.427 7753.763
4.237 7306.396 6937.592 7761.023
4.255 7313.143 6943.805 7768.407
4.274 7319.911 6950.053 7775.736
4.292 7326.702 6956.304 7782.99
4.31 7333.515 6962.617 7790.451
4.329 7340.351 6968.989 7797.884
4.348 7347.211 6975.366 7805.269
4.367 7354.093 6981.731 7812.665
4.386 7360.999 6987.988 7820.03
4.405 7367.928 6994.35 7827.43
4.425 7374.882 7000.735 7834.997
4.444 7381.859 7007.221 7842.629
4.464 7388.861 7013.682 7850.24
4.484 7395.888 7020.096 7857.757
4.505 7402.939 7026.627 7865.501
4.525 7410.015 7033.213 7873.249
4.545 7417.116 7039.743 7881.015
4.566 7424.243 7046.302 7888.747
4.587 7431.395 7052.904 7896.465
4.608 7438.573 7059.491 7904.296
4.63 7445.778 7066.129 7912.102
4.651 7453.009 7072.683 7920.037
4.673 7460.266 7079.293 7928.023
4.695 7467.551 7085.983 7936.02
4.717 7474.863 7092.589 7943.934
4.739 7482.202 7099.357 7951.891
4.762 7489.569 7106.008 7959.874
4.785 7496.964 7112.72 7967.786
4.808 7504.387 7119.518 7975.866
4.831 7511.838 7126.34 7984.042
4.854 7519.319 7133.215 7992.141
4.878 7526.828 7140.065 8000.305
4.902 7534.367 7146.981 8008.557
4.926 7541.936 7153.973 8016.823
4.95 7549.535 7160.847 8025.111
4.975 7557.163 7167.926 8033.4
5 7564.823 7174.994 8041.741
5.025 7572.513 7181.993 8050.277
5.051 7580.235 7188.972 8058.728
5.076 7587.988 7196.061 8067.136
5.102 7595.773 7203.186 8075.644
5.128 7603.59 7210.3 8084.156
5.155 7611.44 7217.361 8092.606
5.181 7619.322 7224.553 8101.35
5.208 7627.238 7231.724 8110.071
5.236 7635.187 7238.924 8118.798
5.263 7643.17 7246.1 8127.446
5.291 7651.188 7253.432 8136.154
5.319 7659.24 7260.774 8145.023
5.348 7667.327 7268.139 8153.857
5.376 7675.449 7275.522 8162.807
5.405 7683.607 7282.92 8171.749
5.435 7691.802 7290.307 8180.771
5.464 7700.032 7297.753 8189.813
5.495 7708.3 7305.368 8198.904
5.525 7716.605 7312.8 8207.964
5.556 7724.948 7320.326 8217.027
5.587 7733.329 7327.918 8226.394
5.618 7741.749 7335.581 8235.707
5.65 7750.208 7343.291 8245.034
5.682 7758.706 7350.921 8254.451
5.714 7767.245 7358.735 8263.732
5.747 7775.823 7366.417 8273.223
5.78 7784.443 7374.271 8282.667
5.814 7793.104 7382.06 8292.255
5.848 7801.807 7389.928 8301.841
5.882 7810.552 7397.836 8311.44
5.917 7819.34 7405.807 8321.147
5.952 7828.171 7413.8 8330.83
5.988 7837.046 7421.926 8340.736
6.024 7845.965 7429.949 8350.477
6.061 7854.93 7438.018 8360.364
6.098 7863.939 7446.2 8370.252
6.135 7872.995 7454.365 8380.361
6.173 7882.097 7462.648 8390.389
6.211 7891.247 7471.046 8400.435
6.25 7900.444 7479.418 8410.566
6.289 7909.69 7487.761 8420.767
6.329 7918.984 7496.191 8430.928
6.369 7928.328 7504.642 8441.269
6.41 7937.722 7513.051 8451.87
6.452 7947.167 7521.589 8462.4
6.494 7956.663 7530.129 8473.029
6.536 7966.212 7538.835 8483.525
6.579 7975.813 7547.485 8494.053
6.623 7985.468 7556.118 8504.88
6.667 7995.177 7565.002 8515.665
6.711 8004.941 7573.864 8526.563
6.757 8014.761 7582.696 8537.573
6.803 8024.637 7591.627 8548.788
6.849 8034.57 7600.484 8559.961
6.897 8044.561 7609.515 8571.106
6.944 8054.611 7618.473 8582.493
6.993 8064.72 7627.589 8593.811
7.042 8074.89 7636.72 8605.264
7.092 8085.121 7645.935 8616.777
7.143 8095.414 7655.069 8628.364
7.194 8105.77 7664.211 8640.108
7.246 8116.19 7673.531 8651.805
7.299 8126.674 7683.078 8663.613
7.353 8137.225 7692.459 8675.349
7.407 8147.842 7701.857 8687.264
7.463 8158.526 7711.324 8699.364
7.519 8169.28 7720.908 8711.569
7.576 8180.103 7730.602 8723.951
7.634 8190.996 7740.255 8736.326
7.692 8201.962 7750.024 8748.569
7.752 8213 7759.752 8761.002
7.812 8224.112 7769.53 8773.3
7.874 8235.3 7779.504 8786.061
7.937 8246.563 7789.485 8798.79
8 8257.905 7799.53 8811.733
8.065 8269.324 7809.619 8824.658
8.13 8280.824 7819.777 8837.779
8.197 8292.405 7830.078 8850.833
8.264 8304.069 7840.53 8863.793
8.333 8315.817 7850.929 8876.996
8.403 8327.65 7861.433 8890.393
8.475 8339.57 7872.055 8903.951
8.547 8351.577 7882.596 8917.596
8.621 8363.675 7893.369 8931.435
8.696 8375.864 7904.119 8945.345
8.772 8388.145 7914.983 8959.534
8.85 8400.521 7925.781 8973.742
8.929 8412.992 7936.737 8988.14
9.009 8425.562 7947.758 9002.507
9.091 8438.231 7958.919 9017.197
9.174 8451.001 7970.121 9031.933
9.259 8463.874 7981.396 9046.608
9.346 8476.852 7992.723 9061.4
9.434 8489.937 8004.137 9076.255
9.524 8503.131 8015.609 9091.343
9.615 8516.435 8027.332 9106.676
9.709 8529.853 8039.134 9122.346
9.804 8543.385 8050.992 9137.766
9.901 8557.035 8062.775 9153.388
10 8570.805 8074.749 9169.259
10.101 8584.696 8086.884 9185.256
10.204 8598.713 8098.982 9201.439
10.309 8612.855 8111.243 9217.777
10.417 8627.128 8123.705 9234.305
10.526 8641.532 8136.245 9251.222
10.638 8656.072 8148.843 9268.099
10.753 8670.749 8161.631 9285.03
10.87 8685.567 8174.623 9302.155
10.989 8700.528 8187.589 9319.546
11.111 8715.636 8200.63 9337.165
11.236 8730.894 8213.86 9355.108
11.364 8746.305 8227.11 9373.016
11.494 8761.873 8240.463 9391.448
11.628 8777.601 8253.996 9409.712
11.765 8793.493 8267.637 9428.178
11.905 8809.553 8281.428 9447.001
12.048 8825.784 8295.434 9465.784
12.195 8842.191 8309.594 9485.045
12.346 8858.777 8323.887 9504.556
12.5 8875.548 8338.03 9524.065
12.658 8892.507 8352.484 9543.718
12.821 8909.66 8367.208 9564.158
12.987 8927.011 8382.121 9584.612
13.158 8944.566 8397.116 9605.053
13.333 8962.329 8412.333 9625.949
13.514 8980.306 8427.662 9647.069
13.699 8998.503 8443.292 9668.233
13.889 9016.925 8459.134 9690.368
14.085 9035.58 8474.983 9712.555
14.286 9054.472 8491.189 9734.97
14.493 9073.61 8507.308 9757.891
14.706 9092.999 8523.878 9781.051
14.925 9112.647 8540.463 9804.535
15.152 9132.562 8557.254 9828.724
15.385 9152.752 8574.38 9852.934
15.625 9173.224 8591.672 9877.44
15.873 9193.989 8609.032 9901.91
16.129 9215.054 8626.86 9927.372
16.393 9236.429 8644.827 9953.359
16.667 9258.124 8662.942 9979.918
16.949 9280.151 8681.105 10006.558
17.241 9302.518 8699.994 10033.752
17.544 9325.24 8718.78 10060.884
17.857 9348.326 8738.353 10089.253
18.182 9371.791 8758.054 10117.787
18.519 9395.648 8777.968 10146.871
18.868 9419.911 8798.074 10176.335
19.231 9444.595 8818.42 10206.382
19.608 9469.715 8839.266 10237.503
20 9495.29 8860.335 10268.518
20.408 9521.336 8881.863 10300.439
20.833 9547.873 8903.762 10333.282
21.277 9574.921 8925.744 10366.722
21.739 9602.501 8948.488 10400.366
22.222 9630.635 8971.309 10435.078
22.727 9659.348 8994.736 10470.491
23.256 9688.667 9018.631 10506.7
23.81 9718.618 9043.076 10544.507
24.39 9749.231 9067.969 10582.615
25 9780.538 9093.283 10622.003
25.641 9812.573 9119.237 10662.422
26.316 9845.374 9145.7 10704.266
27.027 9878.978 9172.91 10746.531
27.778 9913.431 9200.519 10790.292
28.571 9948.777 9228.764 10835.644
29.412 9985.067 9257.925 10882.068
30.303 10022.356 9287.742 10929.878
31.25 10060.703 9318.238 10978.735
32.258 10100.175 9349.572 11029.556
33.333 10140.841 9381.638 11081.616
34.483 10182.782 9414.656 11135.427
35.714 10226.084 9448.782 11191.282
37.037 10270.844 9483.679 11249.622
38.462 10317.167 9519.934 11309.969
40 10365.173 9557.476 11372.609
41.667 10414.995 9596.115 11437.865
43.478 10466.784 9636.555 11506.458
45.455 10520.71 9678.094 11577.614
47.619 10576.964 9721.469 11651.499
50 10635.768 9766.227 11730.233
52.632 10697.375 9813.18 11812.492
55.556 10762.08 9862.419 11899.126
58.824 10830.226 9913.819 11991.344
62.5 10902.218 9968.024 12088.756
66.667 10978.538 10024.964 12192.942
71.429 11059.764 10085.078 12304.484
76.923 11146.603 10148.734 12423.875
83.333 11239.926 10216.36 12553.02
90.909 11340.826 10289.276 12694.601
100 11450.706 10368.197 12848.881
111.111 11571.399 10454.911 13020.401
125 11705.377 10549.257 13211.886
142.857 11856.079 10654.124 13429.087
166.667 12028.507 10772.399 13681.353
200 12230.35 10909.499 13981.348
250 12474.353 11070.856 14350.248
333.333 12784.116 11271.4 14830.982
500 13211.747 11540.588 15513.922
1000 13919.402 11963.318 16695.499
1111.111 14024.459 12023.303 16877.64
1250 14141.136 12089.233 17080.304
1428.571 14272.44 12162.694 17311.313
1666.667 14422.747 12246.301 17580.06
2000 14598.779 12341.802 17896.7
2500 14811.682 12456.732 18288.903
3333.333 15082.094 12598.205 18791.941
5000 15455.581 12786.787 19513.884
10000 16073.938 13081.505 20766.73
