"Pr" "Mp" "Q_2" "Q_9"
1.01 3069.397 2643.332 3347.289
1.011 3098.092 2677.129 3373.447
1.012 3124.803 2708.574 3397.671
1.013 3149.827 2737.866 3420.531
1.014 3173.396 2765.559 3442.097
1.015 3195.695 2791.689 3462.602
1.016 3216.877 2816.326 3481.866
1.017 3237.066 2839.736 3500.459
1.018 3256.369 2862.166 3518.212
1.019 3274.873 2883.629 3535.22
1.02 3292.654 2904.497 3551.588
1.021 3309.777 2924.44 3567.35
1.022 3326.299 2943.526 3582.685
1.024 3342.269 2962.078 3597.528
1.025 3357.73 2979.948 3611.898
1.026 3372.72 2997.146 3625.756
1.027 3387.274 3014.012 3639.222
1.028 3401.422 3030.357 3652.297
1.029 3415.191 3046.107 3665.049
1.03 3428.605 3061.553 3677.445
1.031 3441.687 3076.668 3689.546
1.032 3454.457 3091.434 3701.297
1.033 3466.932 3106.074 3712.902
1.034 3479.13 3120.131 3724.253
1.035 3491.065 3133.89 3735.445
1.036 3502.752 3147.422 3746.256
1.037 3514.204 3160.442 3756.975
1.038 3525.431 3173.46 3767.437
1.04 3536.447 3186.015 3777.689
1.041 3547.259 3198.386 3787.889
1.042 3557.879 3210.681 3797.764
1.043 3568.314 3222.547 3807.571
1.044 3578.574 3234.227 3817.218
1.045 3588.664 3245.829 3826.569
1.046 3598.593 3257.296 3835.925
1.047 3608.367 3268.529 3845.085
1.048 3617.993 3279.426 3854.037
1.049 3627.476 3290.344 3862.904
1.05 3636.822 3300.89 3871.686
1.052 3646.037 3311.379 3880.307
1.053 3655.124 3321.666 3888.842
1.054 3664.088 3331.953 3897.242
1.055 3672.935 3341.984 3905.547
1.056 3681.668 3351.918 3913.692
1.057 3690.29 3361.833 3921.804
1.058 3698.807 3371.468 3929.859
1.059 3707.221 3381.04 3937.762
1.06 3715.535 3390.552 3945.6
1.062 3723.753 3399.878 3953.413
1.063 3731.878 3409.041 3960.989
1.064 3739.913 3418.079 3968.602
1.065 3747.86 3427.111 3976.072
1.066 3755.722 3436.077 3983.464
1.067 3763.502 3444.801 3990.771
1.068 3771.202 3453.487 3998.008
1.07 3778.824 3462.087 4005.229
1.071 3786.371 3470.634 4012.342
1.072 3793.844 3479.081 4019.441
1.073 3801.246 3487.417 4026.42
1.074 3808.579 3495.748 4033.415
1.075 3815.843 3503.861 4040.286
1.076 3823.042 3512.069 4047.058
1.078 3830.177 3520.055 4053.926
1.079 3837.25 3528.039 4060.644
1.08 3844.261 3535.897 4067.276
1.081 3851.213 3543.765 4073.923
1.082 3858.107 3551.536 4080.528
1.083 3864.945 3559.235 4087.057
1.085 3871.727 3566.87 4093.507
1.086 3878.456 3574.384 4099.815
1.087 3885.131 3581.862 4106.207
1.088 3891.756 3589.231 4112.484
1.089 3898.33 3596.599 4118.729
1.091 3904.856 3603.905 4124.856
1.092 3911.333 3611.18 4130.986
1.093 3917.763 3618.409 4137.016
1.094 3924.148 3625.589 4143.082
1.095 3930.487 3632.653 4149.069
1.096 3936.783 3639.646 4155.057
1.098 3943.036 3646.595 4161.035
1.099 3949.246 3653.524 4166.907
1.1 3955.416 3660.347 4172.754
1.101 3961.544 3667.141 4178.617
1.103 3967.634 3673.989 4184.375
1.104 3973.684 3680.804 4190.106
1.105 3979.697 3687.55 4195.813
1.106 3985.673 3694.262 4201.563
1.107 3991.611 3700.953 4207.234
1.109 3997.514 3707.547 4212.856
1.11 4003.382 3714.106 4218.446
1.111 4009.216 3720.562 4224.081
1.112 4015.016 3727.029 4229.638
1.114 4020.782 3733.423 4235.173
1.115 4026.516 3739.784 4240.698
1.116 4032.218 3746.142 4246.072
1.117 4037.889 3752.475 4251.492
1.119 4043.529 3758.759 4256.934
1.12 4049.138 3765.025 4262.335
1.121 4054.718 3771.147 4267.667
1.122 4060.269 3777.281 4273.011
1.124 4065.791 3783.365 4278.26
1.125 4071.285 3789.398 4283.532
1.126 4076.751 3795.502 4288.754
1.127 4082.19 3801.529 4294.002
1.129 4087.602 3807.6 4299.112
1.13 4092.987 3813.657 4304.309
1.131 4098.347 3819.623 4309.386
1.133 4103.682 3825.477 4314.506
1.134 4108.991 3831.401 4319.575
1.135 4114.276 3837.154 4324.633
1.136 4119.536 3842.889 4329.729
1.138 4124.773 3848.688 4334.773
1.139 4129.986 3854.486 4339.765
1.14 4135.176 3860.33 4344.766
1.142 4140.344 3866.052 4349.693
1.143 4145.489 3871.726 4354.662
1.144 4150.612 3877.389 4359.617
1.145 4155.713 3883.095 4364.533
1.147 4160.793 3888.687 4369.364
1.148 4165.852 3894.319 4374.292
1.149 4170.89 3899.9 4379.157
1.151 4175.908 3905.376 4383.968
1.152 4180.906 3910.868 4388.806
1.153 4185.884 3916.358 4393.547
1.155 4190.842 3921.714 4398.337
1.156 4195.782 3927.156 4403.094
1.157 4200.702 3932.503 4407.77
1.159 4205.604 3937.815 4412.501
1.16 4210.487 3943.181 4417.196
1.161 4215.352 3948.576 4421.864
1.163 4220.2 3953.837 4426.58
1.164 4225.029 3959.064 4431.22
1.166 4229.842 3964.381 4435.844
1.167 4234.637 3969.68 4440.461
1.168 4239.416 3974.952 4445.07
1.17 4244.177 3980.184 4449.698
1.171 4248.923 3985.414 4454.267
1.172 4253.652 3990.65 4458.804
1.174 4258.365 3995.839 4463.299
1.175 4263.063 4000.954 4467.853
1.176 4267.745 4006.075 4472.407
1.178 4272.411 4011.217 4476.983
1.179 4277.063 4016.298 4481.477
1.181 4281.699 4021.332 4485.994
1.182 4286.321 4026.329 4490.452
1.183 4290.929 4031.352 4494.912
1.185 4295.522 4036.362 4499.357
1.186 4300.101 4041.327 4503.764
1.188 4304.666 4046.313 4508.189
1.189 4309.217 4051.286 4512.571
1.19 4313.754 4056.336 4517.024
1.192 4318.279 4061.216 4521.4
1.193 4322.79 4066.134 4525.762
1.195 4327.287 4071.052 4530.131
1.196 4331.772 4075.928 4534.44
1.198 4336.245 4080.767 4538.758
1.199 4340.704 4085.76 4543.105
1.2 4345.152 4090.615 4547.377
1.202 4349.587 4095.465 4551.69
1.203 4354.01 4100.298 4556.026
1.205 4358.42 4105.172 4560.348
1.206 4362.82 4109.97 4564.584
1.208 4367.207 4114.82 4568.833
1.209 4371.583 4119.576 4573.075
1.211 4375.948 4124.272 4577.298
1.212 4380.301 4128.974 4581.497
1.214 4384.643 4133.779 4585.712
1.215 4388.974 4138.494 4589.872
1.217 4393.295 4143.175 4594.056
1.218 4397.605 4147.933 4598.159
1.22 4401.904 4152.699 4602.319
1.221 4406.193 4157.271 4606.522
1.222 4410.471 4161.96 4610.667
1.224 4414.739 4166.644 4614.802
1.225 4418.998 4171.259 4618.939
1.227 4423.246 4175.885 4623.031
1.229 4427.484 4180.444 4627.164
1.23 4431.713 4185.096 4631.291
1.232 4435.932 4189.678 4635.355
1.233 4440.142 4194.291 4639.443
1.235 4444.342 4198.893 4643.504
1.236 4448.533 4203.397 4647.587
1.238 4452.715 4207.905 4651.663
1.239 4456.888 4212.335 4655.716
1.241 4461.052 4216.847 4659.761
1.242 4465.207 4221.354 4663.802
1.244 4469.353 4225.883 4667.8
1.245 4473.491 4230.324 4671.807
1.247 4477.62 4234.772 4675.81
1.248 4481.741 4239.206 4679.83
1.25 4485.854 4243.632 4683.824
1.252 4489.958 4248.127 4687.799
1.253 4494.054 4252.573 4691.783
1.255 4498.142 4257.041 4695.769
1.256 4502.222 4261.432 4699.759
1.258 4506.294 4265.897 4703.7
1.259 4510.359 4270.248 4707.68
1.261 4514.416 4274.651 4711.637
1.263 4518.465 4278.962 4715.555
1.264 4522.506 4283.337 4719.499
1.266 4526.541 4287.687 4723.447
1.267 4530.568 4292.018 4727.402
1.269 4534.587 4296.286 4731.329
1.271 4538.6 4300.616 4735.17
1.272 4542.605 4304.918 4739.074
1.274 4546.604 4309.253 4742.97
1.276 4550.595 4313.574 4746.78
1.277 4554.58 4317.847 4750.592
1.279 4558.558 4322.212 4754.432
1.28 4562.529 4326.508 4758.382
1.282 4566.494 4330.798 4762.225
1.284 4570.452 4335.069 4766.093
1.285 4574.404 4339.346 4769.927
1.287 4578.349 4343.632 4773.782
1.289 4582.288 4347.827 4777.65
1.29 4586.221 4352.043 4781.463
1.292 4590.147 4356.161 4785.251
1.294 4594.068 4360.347 4789.065
1.295 4597.982 4364.567 4792.871
1.297 4601.891 4368.777 4796.674
1.299 4605.793 4372.982 4800.499
1.3 4609.69 4377.173 4804.293
1.302 4613.581 4381.326 4808.085
1.304 4617.466 4385.502 4811.859
1.305 4621.346 4389.687 4815.594
1.307 4625.22 4393.876 4819.444
1.309 4629.088 4398.014 4823.233
1.311 4632.951 4402.178 4827.014
1.312 4636.809 4406.281 4830.758
1.314 4640.662 4410.469 4834.498
1.316 4644.509 4414.671 4838.279
1.318 4648.351 4418.839 4842.034
1.319 4652.188 4422.945 4845.796
1.321 4656.02 4427.023 4849.539
1.323 4659.846 4431.097 4853.306
1.325 4663.668 4435.156 4857.053
1.326 4667.485 4439.224 4860.794
1.328 4671.297 4443.28 4864.51
1.33 4675.104 4447.39 4868.198
1.332 4678.907 4451.4 4871.929
1.333 4682.705 4455.521 4875.647
1.335 4686.498 4459.565 4879.358
1.337 4690.287 4463.648 4883.078
1.339 4694.071 4467.68 4886.783
1.34 4697.851 4471.734 4890.433
1.342 4701.626 4475.74 4894.125
1.344 4705.397 4479.71 4897.823
1.346 4709.164 4483.776 4901.509
1.348 4712.926 4487.82 4905.164
1.35 4716.685 4491.874 4908.803
1.351 4720.439 4495.881 4912.514
1.353 4724.189 4499.907 4916.185
1.355 4727.935 4503.86 4919.855
1.357 4731.677 4507.856 4923.507
1.359 4735.415 4511.811 4927.173
1.361 4739.149 4515.795 4930.867
1.362 4742.879 4519.732 4934.502
1.364 4746.605 4523.712 4938.158
1.366 4750.328 4527.654 4941.798
1.368 4754.047 4531.633 4945.442
1.37 4757.762 4535.543 4949.095
1.372 4761.474 4539.499 4952.711
1.374 4765.182 4543.424 4956.365
1.376 4768.887 4547.306 4959.995
1.377 4772.588 4551.257 4963.612
1.379 4776.285 4555.209 4967.197
1.381 4779.98 4559.214 4970.844
1.383 4783.671 4563.127 4974.439
1.385 4787.358 4567.073 4978.064
1.387 4791.043 4571.035 4981.643
1.389 4794.724 4574.967 4985.241
1.391 4798.402 4578.934 4988.836
1.393 4802.076 4582.832 4992.474
1.395 4805.748 4586.792 4996.094
1.397 4809.417 4590.661 4999.697
1.399 4813.082 4594.542 5003.293
1.401 4816.745 4598.426 5006.878
1.403 4820.404 4602.265 5010.456
1.404 4824.061 4606.165 5014.064
1.406 4827.715 4610.087 5017.665
1.408 4831.366 4613.998 5021.277
1.41 4835.015 4617.891 5024.905
1.412 4838.66 4621.762 5028.492
1.414 4842.303 4625.645 5032.137
1.416 4845.943 4629.491 5035.756
1.418 4849.581 4633.376 5039.319
1.42 4853.216 4637.248 5042.915
1.422 4856.848 4641.133 5046.543
1.425 4860.478 4644.986 5050.123
1.427 4864.106 4648.882 5053.728
1.429 4867.731 4652.713 5057.268
1.431 4871.353 4656.555 5060.848
1.433 4874.974 4660.417 5064.43
1.435 4878.592 4664.238 5067.991
1.437 4882.207 4668.065 5071.485
1.439 4885.821 4671.879 5075.071
1.441 4889.432 4675.736 5078.607
1.443 4893.041 4679.548 5082.104
1.445 4896.648 4683.334 5085.676
1.447 4900.252 4687.132 5089.219
1.449 4903.855 4690.95 5092.766
1.451 4907.455 4694.758 5096.314
1.453 4911.054 4698.543 5099.872
1.456 4914.651 4702.348 5103.438
1.458 4918.245 4706.135 5106.998
1.46 4921.838 4709.942 5110.562
1.462 4925.429 4713.768 5114.113
1.464 4929.018 4717.567 5117.667
1.466 4932.605 4721.335 5121.251
1.468 4936.19 4725.168 5124.783
1.471 4939.774 4728.986 5128.321
1.473 4943.356 4732.761 5131.819
1.475 4946.936 4736.568 5135.361
1.477 4950.515 4740.331 5138.914
1.479 4954.092 4744.133 5142.42
1.481 4957.667 4747.935 5145.938
1.484 4961.241 4751.733 5149.457
1.486 4964.813 4755.555 5152.953
1.488 4968.384 4759.303 5156.489
1.49 4971.953 4763.079 5159.971
1.493 4975.521 4766.842 5163.539
1.495 4979.087 4770.604 5167.065
1.497 4982.652 4774.37 5170.573
1.499 4986.216 4778.115 5174.127
1.502 4989.779 4781.845 5177.621
1.504 4993.34 4785.532 5181.165
1.506 4996.9 4789.285 5184.675
1.508 5000.458 4792.978 5188.221
1.511 5004.016 4796.693 5191.762
1.513 5007.572 4800.375 5195.316
1.515 5011.127 4804.145 5198.835
1.517 5014.681 4807.823 5202.362
1.52 5018.234 4811.556 5205.928
1.522 5021.786 4815.259 5209.484
1.524 5025.337 4818.983 5212.967
1.527 5028.887 4822.704 5216.472
1.529 5032.436 4826.424 5219.963
1.531 5035.984 4830.165 5223.497
1.534 5039.531 4833.866 5227.04
1.536 5043.078 4837.631 5230.538
1.538 5046.623 4841.303 5234.055
1.541 5050.168 4845.075 5237.559
1.543 5053.711 4848.81 5241.038
1.546 5057.254 4852.539 5244.579
1.548 5060.797 4856.223 5248.1
1.55 5064.338 4859.957 5251.628
1.553 5067.879 4863.663 5255.121
1.555 5071.419 4867.386 5258.627
1.558 5074.959 4871.106 5262.129
1.56 5078.498 4874.797 5265.623
1.563 5082.036 4878.494 5269.169
1.565 5085.574 4882.213 5272.673
1.567 5089.112 4885.857 5276.188
1.57 5092.648 4889.518 5279.661
1.572 5096.185 4893.181 5283.143
1.575 5099.721 4896.88 5286.667
1.577 5103.256 4900.543 5290.162
1.58 5106.791 4904.253 5293.657
1.582 5110.326 4907.961 5297.177
1.585 5113.861 4911.604 5300.675
1.587 5117.395 4915.282 5304.154
1.59 5120.929 4919 5307.654
1.592 5124.462 4922.684 5311.176
1.595 5127.995 4926.412 5314.683
1.597 5131.529 4930.072 5318.166
1.6 5135.062 4933.743 5321.653
1.603 5138.594 4937.434 5325.204
1.605 5142.127 4941.101 5328.734
1.608 5145.66 4944.751 5332.255
1.61 5149.192 4948.469 5335.767
1.613 5152.724 4952.139 5339.263
1.616 5156.257 4955.789 5342.766
1.618 5159.789 4959.508 5346.264
1.621 5163.322 4963.182 5349.751
1.623 5166.854 4966.83 5353.297
1.626 5170.387 4970.503 5356.83
1.629 5173.919 4974.189 5360.354
1.631 5177.452 4977.867 5363.859
1.634 5180.985 4981.525 5367.325
1.637 5184.518 4985.189 5370.786
1.639 5188.051 4988.875 5374.301
1.642 5191.585 4992.575 5377.816
1.645 5195.119 4996.242 5381.33
1.647 5198.653 4999.905 5384.862
1.65 5202.187 5003.646 5388.392
1.653 5205.721 5007.332 5391.914
1.656 5209.256 5011.003 5395.485
1.658 5212.792 5014.713 5398.98
1.661 5216.328 5018.424 5402.502
1.664 5219.864 5022.119 5405.969
1.667 5223.4 5025.774 5409.5
1.669 5226.937 5029.452 5413.01
1.672 5230.475 5033.13 5416.555
1.675 5234.013 5036.819 5420.125
1.678 5237.551 5040.479 5423.692
1.681 5241.091 5044.159 5427.2
1.684 5244.63 5047.872 5430.702
1.686 5248.171 5051.506 5434.251
1.689 5251.712 5055.189 5437.837
1.692 5255.253 5058.806 5441.345
1.695 5258.796 5062.432 5444.891
1.698 5262.339 5066.092 5448.415
1.701 5265.883 5069.804 5451.937
1.704 5269.427 5073.446 5455.493
1.706 5272.972 5077.123 5459.043
1.709 5276.518 5080.78 5462.623
1.712 5280.065 5084.491 5466.162
1.715 5283.613 5088.162 5469.676
1.718 5287.162 5091.855 5473.24
1.721 5290.711 5095.522 5476.786
1.724 5294.262 5099.246 5480.323
1.727 5297.813 5102.917 5483.881
1.73 5301.366 5106.597 5487.436
1.733 5304.919 5110.213 5491.011
1.736 5308.474 5113.928 5494.593
1.739 5312.029 5117.593 5498.17
1.742 5315.586 5121.296 5501.723
1.745 5319.143 5124.971 5505.265
1.748 5322.702 5128.649 5508.798
1.751 5326.262 5132.341 5512.362
1.754 5329.823 5136.037 5515.895
1.757 5333.385 5139.716 5519.437
1.761 5336.948 5143.407 5523.006
1.764 5340.513 5147.115 5526.577
1.767 5344.079 5150.852 5530.205
1.77 5347.646 5154.568 5533.778
1.773 5351.215 5158.226 5537.361
1.776 5354.784 5161.991 5540.939
1.779 5358.355 5165.646 5544.522
1.783 5361.928 5169.342 5548.085
1.786 5365.502 5173.007 5551.633
1.789 5369.077 5176.711 5555.159
1.792 5372.654 5180.379 5558.751
1.795 5376.232 5184.07 5562.307
1.799 5379.812 5187.756 5565.915
1.802 5383.393 5191.412 5569.491
1.805 5386.976 5195.173 5573.033
1.808 5390.561 5198.917 5576.632
1.812 5394.146 5202.599 5580.225
1.815 5397.734 5206.371 5583.792
1.818 5401.323 5210.09 5587.355
1.821 5404.914 5213.761 5590.974
1.825 5408.507 5217.46 5594.599
1.828 5412.101 5221.176 5598.196
1.832 5415.697 5224.905 5601.829
1.835 5419.295 5228.63 5605.448
1.838 5422.894 5232.367 5609.062
1.842 5426.495 5236.098 5612.672
1.845 5430.099 5239.812 5616.249
1.848 5433.704 5243.466 5619.858
1.852 5437.31 5247.188 5623.489
1.855 5440.919 5250.878 5627.091
1.859 5444.53 5254.564 5630.748
1.862 5448.143 5258.273 5634.401
1.866 5451.757 5261.963 5638.003
1.869 5455.374 5265.664 5641.592
1.873 5458.992 5269.405 5645.212
1.876 5462.613 5273.118 5648.827
1.88 5466.236 5276.889 5652.465
1.883 5469.861 5280.645 5656.137
1.887 5473.488 5284.368 5659.764
1.89 5477.117 5288.103 5663.387
1.894 5480.748 5291.806 5667.046
1.898 5484.382 5295.481 5670.728
1.901 5488.017 5299.248 5674.348
1.905 5491.655 5302.976 5677.975
1.908 5495.295 5306.703 5681.616
1.912 5498.938 5310.438 5685.295
1.916 5502.583 5314.218 5688.968
1.919 5506.23 5317.978 5692.637
1.923 5509.879 5321.749 5696.271
1.927 5513.531 5325.583 5699.928
1.931 5517.185 5329.354 5703.611
1.934 5520.842 5333.12 5707.294
1.938 5524.501 5336.943 5710.971
1.942 5528.163 5340.731 5714.628
1.946 5531.827 5344.491 5718.322
1.949 5535.494 5348.259 5722.029
1.953 5539.163 5352.062 5725.718
1.957 5542.835 5355.82 5729.432
1.961 5546.51 5359.586 5733.143
1.965 5550.187 5363.35 5736.858
1.969 5553.867 5367.135 5740.582
1.972 5557.549 5370.909 5744.281
1.976 5561.234 5374.701 5747.958
1.98 5564.922 5378.428 5751.616
1.984 5568.613 5382.172 5755.351
1.988 5572.307 5385.906 5759.089
1.992 5576.003 5389.664 5762.807
1.996 5579.702 5393.457 5766.564
2 5583.404 5397.277 5770.276
2.004 5587.109 5401.054 5773.995
2.008 5590.817 5404.851 5777.741
2.012 5594.528 5408.612 5781.48
2.016 5598.242 5412.401 5785.254
2.02 5601.959 5416.231 5789.011
2.024 5605.679 5420.042 5792.755
2.028 5609.402 5423.87 5796.5
2.033 5613.128 5427.668 5800.292
2.037 5616.857 5431.404 5804.065
2.041 5620.589 5435.147 5807.776
2.045 5624.325 5438.992 5811.528
2.049 5628.064 5442.787 5815.325
2.053 5631.805 5446.615 5819.107
2.058 5635.551 5450.468 5822.877
2.062 5639.299 5454.307 5826.626
2.066 5643.051 5458.09 5830.414
2.07 5646.806 5461.917 5834.202
2.075 5650.564 5465.719 5838.038
2.079 5654.326 5469.577 5841.85
2.083 5658.091 5473.44 5845.65
2.088 5661.86 5477.299 5849.48
2.092 5665.632 5481.184 5853.275
2.096 5669.407 5485.07 5857.076
2.101 5673.186 5488.928 5860.85
2.105 5676.969 5492.766 5864.657
2.11 5680.755 5496.598 5868.503
2.114 5684.545 5500.5 5872.308
2.119 5688.339 5504.373 5876.119
2.123 5692.136 5508.263 5879.939
2.128 5695.937 5512.132 5883.763
2.132 5699.742 5516.017 5887.603
2.137 5703.55 5519.873 5891.476
2.141 5707.362 5523.692 5895.373
2.146 5711.178 5527.53 5899.217
2.151 5714.998 5531.435 5903.15
2.155 5718.821 5535.348 5907.017
2.16 5722.649 5539.245 5910.876
2.165 5726.481 5543.134 5914.753
2.169 5730.316 5547.035 5918.658
2.174 5734.155 5550.905 5922.52
2.179 5737.999 5554.823 5926.379
2.183 5741.846 5558.782 5930.318
2.188 5745.698 5562.679 5934.171
2.193 5749.554 5566.605 5938.039
2.198 5753.414 5570.585 5941.941
2.203 5757.278 5574.494 5945.835
2.208 5761.146 5578.409 5949.836
2.212 5765.019 5582.336 5953.735
2.217 5768.895 5586.287 5957.637
2.222 5772.776 5590.224 5961.546
2.227 5776.662 5594.179 5965.483
2.232 5780.552 5598.061 5969.41
2.237 5784.446 5602.056 5973.335
2.242 5788.344 5606.04 5977.262
2.247 5792.247 5610.058 5981.168
2.252 5796.155 5614.004 5985.154
2.257 5800.067 5617.95 5989.132
2.262 5803.984 5621.905 5993.078
2.268 5807.905 5625.895 5997.083
2.273 5811.831 5629.902 6001.109
2.278 5815.761 5633.879 6005.079
2.283 5819.696 5637.827 6009.048
2.288 5823.636 5641.812 6013.034
2.294 5827.581 5645.827 6017.031
2.299 5831.53 5649.859 6021.028
2.304 5835.484 5653.923 6025.073
2.309 5839.444 5657.941 6029.052
2.315 5843.408 5661.97 6033.038
2.32 5847.376 5665.962 6037.033
2.326 5851.35 5670.008 6041.083
2.331 5855.329 5674.062 6045.161
2.336 5859.313 5678.088 6049.202
2.342 5863.302 5682.088 6053.256
2.347 5867.296 5686.177 6057.314
2.353 5871.295 5690.178 6061.385
2.358 5875.3 5694.228 6065.457
2.364 5879.309 5698.295 6069.522
2.37 5883.324 5702.375 6073.599
2.375 5887.344 5706.4 6077.698
2.381 5891.37 5710.455 6081.82
2.387 5895.401 5714.591 6085.952
2.392 5899.437 5718.669 6090.058
2.398 5903.478 5722.716 6094.17
2.404 5907.525 5726.804 6098.309
2.41 5911.578 5730.911 6102.489
2.415 5915.636 5735.033 6106.631
2.421 5919.7 5739.174 6110.758
2.427 5923.769 5743.266 6114.888
2.433 5927.844 5747.371 6119.024
2.439 5931.925 5751.554 6123.21
2.445 5936.011 5755.676 6127.376
2.451 5940.103 5759.825 6131.574
2.457 5944.201 5763.947 6135.8
2.463 5948.305 5768.067 6139.979
2.469 5952.415 5772.197 6144.166
2.475 5956.53 5776.36 6148.372
2.481 5960.652 5780.493 6152.567
2.488 5964.779 5784.658 6156.759
2.494 5968.913 5788.788 6161.007
2.5 5973.053 5792.967 6165.257
2.506 5977.199 5797.199 6169.465
2.513 5981.351 5801.37 6173.698
2.519 5985.509 5805.562 6177.955
2.525 5989.674 5809.75 6182.26
2.532 5993.844 5813.964 6186.513
2.538 5998.022 5818.144 6190.745
2.545 6002.205 5822.377 6195.043
2.551 6006.395 5826.575 6199.351
2.558 6010.592 5830.818 6203.656
2.564 6014.795 5835.057 6207.94
2.571 6019.004 5839.283 6212.278
2.577 6023.22 5843.499 6216.554
2.584 6027.443 5847.726 6220.864
2.591 6031.673 5851.936 6225.182
2.597 6035.909 5856.213 6229.542
2.604 6040.152 5860.457 6233.893
2.611 6044.402 5864.761 6238.187
2.618 6048.658 5869.03 6242.533
2.625 6052.922 5873.36 6246.905
2.632 6057.193 5877.678 6251.28
2.639 6061.47 5882.007 6255.68
2.646 6065.755 5886.349 6260.053
2.653 6070.047 5890.653 6264.433
2.66 6074.346 5894.952 6268.827
2.667 6078.652 5899.278 6273.247
2.674 6082.965 5903.615 6277.663
2.681 6087.286 5907.968 6282.075
2.688 6091.614 5912.339 6286.47
2.695 6095.95 5916.669 6290.965
2.703 6100.293 5921.033 6295.442
2.71 6104.643 5925.417 6299.843
2.717 6109.001 5929.789 6304.33
2.725 6113.367 5934.196 6308.812
2.732 6117.74 5938.567 6313.295
2.74 6122.121 5942.968 6317.762
2.747 6126.51 5947.418 6322.285
2.755 6130.906 5951.835 6326.774
2.762 6135.311 5956.251 6331.264
2.77 6139.723 5960.663 6335.783
2.778 6144.144 5965.116 6340.364
2.786 6148.572 5969.543 6344.928
2.793 6153.008 5973.938 6349.452
2.801 6157.453 5978.348 6354.088
2.809 6161.906 5982.794 6358.646
2.817 6166.367 5987.247 6363.259
2.825 6170.836 5991.715 6367.854
2.833 6175.314 5996.224 6372.48
2.841 6179.8 6000.751 6377.066
2.849 6184.294 6005.257 6381.646
2.857 6188.797 6009.723 6386.298
2.865 6193.309 6014.203 6390.966
2.874 6197.83 6018.743 6395.628
2.882 6202.359 6023.305 6400.278
2.89 6206.896 6027.836 6404.975
2.899 6211.443 6032.356 6409.663
2.907 6215.999 6036.833 6414.341
2.915 6220.563 6041.399 6419.058
2.924 6225.137 6046.012 6423.769
2.933 6229.719 6050.555 6428.493
2.941 6234.311 6055.143 6433.202
2.95 6238.912 6059.79 6437.944
2.959 6243.522 6064.405 6442.676
2.967 6248.142 6069.018 6447.4
2.976 6252.771 6073.651 6452.153
2.985 6257.409 6078.262 6456.963
2.994 6262.057 6082.915 6461.783
3.003 6266.715 6087.538 6466.634
3.012 6271.382 6092.188 6471.434
3.021 6276.059 6096.859 6476.245
3.03 6280.745 6101.518 6481.041
3.04 6285.442 6106.189 6485.981
3.049 6290.148 6110.94 6490.882
3.058 6294.865 6115.684 6495.781
3.067 6299.592 6120.409 6500.692
3.077 6304.328 6125.125 6505.638
3.086 6309.075 6129.836 6510.565
3.096 6313.832 6134.546 6515.523
3.106 6318.6 6139.287 6520.434
3.115 6323.378 6144.058 6525.315
3.125 6328.166 6148.898 6530.313
3.135 6332.966 6153.647 6535.34
3.145 6337.775 6158.409 6540.338
3.155 6342.596 6163.144 6545.39
3.165 6347.427 6167.911 6550.408
3.175 6352.269 6172.725 6555.424
3.185 6357.123 6177.541 6560.423
3.195 6361.987 6182.303 6565.429
3.205 6366.862 6187.169 6570.471
3.215 6371.749 6191.993 6575.567
3.226 6376.646 6196.854 6580.601
3.236 6381.556 6201.675 6585.686
3.247 6386.476 6206.519 6590.744
3.257 6391.408 6211.443 6595.884
3.268 6396.352 6216.319 6600.991
3.279 6401.308 6221.226 6606.129
3.289 6406.275 6226.207 6611.314
3.3 6411.254 6231.131 6616.515
3.311 6416.245 6235.992 6621.694
3.322 6421.248 6240.922 6626.955
3.333 6426.264 6245.843 6632.158
3.344 6431.291 6250.741 6637.399
3.356 6436.331 6255.65 6642.657
3.367 6441.383 6260.602 6647.932
3.378 6446.448 6265.644 6653.18
3.39 6451.525 6270.639 6658.463
3.401 6456.615 6275.705 6663.746
3.413 6461.718 6280.707 6669.01
3.425 6466.834 6285.707 6674.327
3.436 6471.962 6290.831 6679.671
3.448 6477.104 6295.92 6685.039
3.46 6482.259 6300.981 6690.446
3.472 6487.427 6306.034 6695.84
3.484 6492.609 6311.14 6701.218
3.497 6497.804 6316.307 6706.639
3.509 6503.012 6321.444 6712.069
3.521 6508.235 6326.557 6717.648
3.534 6513.471 6331.664 6723.085
3.546 6518.721 6336.879 6728.566
3.559 6523.985 6342.069 6734.08
3.571 6529.263 6347.285 6739.51
3.584 6534.555 6352.562 6744.975
3.597 6539.862 6357.776 6750.473
3.61 6545.183 6363.005 6756.04
3.623 6550.518 6368.197 6761.618
3.636 6555.868 6373.452 6767.186
3.65 6561.233 6378.719 6772.795
3.663 6566.613 6384.075 6778.44
3.676 6572.008 6389.363 6784.099
3.69 6577.418 6394.653 6789.724
3.704 6582.843 6400.012 6795.472
3.717 6588.284 6405.346 6801.231
3.731 6593.74 6410.681 6806.963
3.745 6599.212 6416.044 6812.69
3.759 6604.699 6421.461 6818.449
3.774 6610.203 6426.878 6824.269
3.788 6615.722 6432.301 6830.062
3.802 6621.258 6437.79 6835.859
3.817 6626.809 6443.271 6841.696
3.831 6632.377 6448.733 6847.523
3.846 6637.962 6454.172 6853.395
3.861 6643.563 6459.691 6859.321
3.876 6649.181 6465.244 6865.222
3.891 6654.816 6470.786 6871.183
3.906 6660.469 6476.313 6877.133
3.922 6666.138 6481.852 6883.116
3.937 6671.824 6487.403 6889.101
3.953 6677.529 6493.033 6895.122
3.968 6683.25 6498.594 6901.136
3.984 6688.99 6504.106 6907.171
4 6694.747 6509.772 6913.295
4.016 6700.523 6515.485 6919.389
4.032 6706.317 6521.124 6925.55
4.049 6712.129 6526.77 6931.663
4.065 6717.96 6532.449 6937.816
4.082 6723.809 6538.191 6943.967
4.098 6729.678 6543.909 6950.187
4.115 6735.565 6549.647 6956.446
4.132 6741.472 6555.388 6962.767
4.149 6747.398 6561.115 6968.984
4.167 6753.343 6566.904 6975.276
4.184 6759.309 6572.718 6981.475
4.202 6765.294 6578.539 6987.798
4.219 6771.299 6584.357 6994.172
4.237 6777.324 6590.213 7000.632
4.255 6783.37 6596.093 7007.053
4.274 6789.436 6601.921 7013.527
4.292 6795.524 6607.892 7019.966
4.31 6801.632 6613.822 7026.458
4.329 6807.761 6619.804 7032.918
4.348 6813.912 6625.725 7039.468
4.367 6820.084 6631.662 7045.986
4.386 6826.278 6637.68 7052.548
4.405 6832.493 6643.669 7059.124
4.425 6838.731 6649.721 7065.703
4.444 6844.992 6655.766 7072.395
4.464 6851.274 6661.84 7079.146
4.484 6857.58 6667.966 7085.876
4.505 6863.908 6674.073 7092.616
4.525 6870.26 6680.188 7099.427
4.545 6876.635 6686.324 7106.308
4.566 6883.034 6692.444 7113.154
4.587 6889.456 6698.725 7119.965
4.608 6895.902 6704.99 7126.849
4.63 6902.373 6711.243 7133.834
4.651 6908.868 6717.516 7140.744
4.673 6915.388 6723.787 7147.66
4.695 6921.933 6730.041 7154.586
4.717 6928.504 6736.424 7161.627
4.739 6935.099 6742.817 7168.669
4.762 6941.721 6749.22 7175.77
4.785 6948.368 6755.66 7182.851
4.808 6955.042 6761.979 7190.021
4.831 6961.742 6768.458 7197.205
4.854 6968.468 6774.979 7204.462
4.878 6975.222 6781.506 7211.787
4.902 6982.003 6787.981 7219.045
4.926 6988.812 6794.55 7226.395
4.95 6995.648 6801.072 7233.833
4.975 7002.513 6807.615 7241.241
5 7009.406 6814.175 7248.608
5.025 7016.328 6820.812 7256.035
5.051 7023.278 6827.496 7263.512
5.076 7030.258 6834.157 7271.01
5.102 7037.268 6840.835 7278.466
5.128 7044.307 6847.606 7286.144
5.155 7051.377 6854.355 7293.786
5.181 7058.477 6861.177 7301.436
5.208 7065.608 6867.981 7309.162
5.236 7072.77 6874.875 7316.816
5.263 7079.964 6881.695 7324.613
5.291 7087.189 6888.637 7332.47
5.319 7094.447 6895.582 7340.284
5.348 7101.737 6902.478 7348.182
5.376 7109.06 6909.492 7356.118
5.405 7116.417 6916.538 7364.08
5.435 7123.807 6923.661 7372.111
5.464 7131.231 6930.676 7380.124
5.495 7138.689 6937.835 7388.196
5.525 7146.182 6944.942 7396.374
5.556 7153.71 6952.035 7404.543
5.587 7161.274 6959.232 7412.708
5.618 7168.874 6966.488 7421.065
5.65 7176.51 6973.728 7429.369
5.682 7184.182 6980.99 7437.73
5.714 7191.892 6988.296 7446.083
5.747 7199.64 6995.625 7454.512
5.78 7207.425 7002.956 7463.018
5.814 7215.249 7010.311 7471.563
5.848 7223.112 7017.709 7480.089
5.882 7231.015 7025.15 7488.736
5.917 7238.957 7032.647 7497.471
5.952 7246.94 7040.238 7506.203
5.988 7254.963 7047.781 7514.903
6.024 7263.028 7055.323 7523.717
6.061 7271.134 7062.955 7532.546
6.098 7279.283 7070.596 7541.535
6.135 7287.475 7078.307 7550.554
6.173 7295.71 7086.07 7559.558
6.211 7303.989 7093.892 7568.654
6.25 7312.313 7101.75 7577.746
6.289 7320.681 7109.589 7586.793
6.329 7329.096 7117.442 7596.035
6.369 7337.556 7125.365 7605.409
6.41 7346.063 7133.432 7614.699
6.452 7354.618 7141.444 7624.066
6.494 7363.22 7149.53 7633.549
6.536 7371.871 7157.622 7643.099
6.579 7380.572 7165.709 7652.824
6.623 7389.322 7173.927 7662.5
6.667 7398.123 7182.137 7672.251
6.711 7406.975 7190.383 7682.104
6.757 7415.879 7198.691 7691.913
6.803 7424.836 7207.02 7701.78
6.849 7433.846 7215.342 7711.684
6.897 7442.91 7223.862 7721.715
6.944 7452.029 7232.43 7731.814
6.993 7461.203 7241.011 7741.947
7.042 7470.434 7249.648 7752.197
7.092 7479.723 7258.36 7762.523
7.143 7489.069 7267.036 7772.936
7.194 7498.474 7275.695 7783.432
7.246 7507.938 7284.508 7793.958
7.299 7517.464 7293.383 7804.557
7.353 7527.05 7302.331 7815.24
7.407 7536.699 7311.241 7826
7.463 7546.411 7320.214 7836.852
7.519 7556.188 7329.28 7847.824
7.576 7566.029 7338.363 7858.866
7.634 7575.937 7347.501 7869.83
7.692 7585.912 7356.765 7881.012
7.752 7595.955 7365.991 7892.102
7.812 7606.067 7375.336 7903.315
7.874 7616.249 7384.691 7914.73
7.937 7626.503 7394.136 7926.191
8 7636.83 7403.578 7937.752
8.065 7647.23 7413.19 7949.289
8.13 7657.705 7422.843 7960.909
8.197 7668.256 7432.525 7972.779
8.264 7678.885 7442.272 7984.6
8.333 7689.592 7452.066 7996.738
8.403 7700.379 7461.888 8008.87
8.475 7711.248 7471.858 8021.252
8.547 7722.199 7481.896 8033.658
8.621 7733.234 7492.143 8046.065
8.696 7744.355 7502.358 8058.579
8.772 7755.562 7512.551 8071.305
8.85 7766.859 7522.789 8083.97
8.929 7778.245 7533.214 8096.909
9.009 7789.723 7543.596 8109.9
9.091 7801.294 7554.164 8123.038
9.174 7812.96 7564.871 8136.185
9.259 7824.723 7575.578 8149.464
9.346 7836.585 7586.404 8162.994
9.434 7848.546 7597.348 8176.557
9.524 7860.611 7608.233 8190.349
9.615 7872.779 7619.212 8204.083
9.709 7885.053 7630.304 8218.101
9.804 7897.436 7641.518 8232.238
9.901 7909.929 7652.892 8246.568
10 7922.534 7664.323 8260.932
10.101 7935.255 7675.922 8275.586
10.204 7948.092 7687.456 8290.216
10.309 7961.049 7699.174 8305.161
10.417 7974.127 7711.056 8320.1
10.526 7987.33 7723 8335.124
10.638 8000.66 7734.943 8350.441
10.753 8014.12 7747.067 8366.056
10.87 8027.712 7759.197 8381.668
10.989 8041.439 7771.549 8397.576
11.111 8055.305 7783.887 8413.638
11.236 8069.312 7796.441 8429.788
11.364 8083.464 7809.081 8446.238
11.494 8097.763 7821.8 8462.818
11.628 8112.213 7834.716 8479.591
11.765 8126.818 7847.756 8496.542
11.905 8141.581 7860.855 8513.498
12.048 8156.507 7874.134 8530.691
12.195 8171.597 7887.506 8548.16
12.346 8186.858 7901.009 8565.992
12.5 8202.293 7914.766 8583.998
12.658 8217.906 7928.571 8602.329
12.821 8233.702 7942.641 8620.882
12.987 8249.686 7956.746 8639.671
13.158 8265.862 7970.861 8658.57
13.333 8282.235 7985.348 8677.826
13.514 8298.81 8000.01 8697.403
13.699 8315.594 8014.85 8717.025
13.889 8332.591 8029.792 8736.915
14.085 8349.808 8044.891 8757.041
14.286 8367.251 8060.13 8777.567
14.493 8384.925 8075.633 8798.118
14.706 8402.838 8091.397 8819.302
14.925 8420.997 8107.197 8840.8
15.152 8439.41 8123.367 8862.459
15.385 8458.082 8139.668 8884.572
15.625 8477.023 8156.136 8907.168
15.873 8496.242 8172.888 8930.102
16.129 8515.745 8189.792 8953.089
16.393 8535.544 8206.836 8976.505
16.667 8555.647 8224.259 9000.513
16.949 8576.065 8241.886 9024.829
17.241 8596.807 8259.911 9049.695
17.544 8617.886 8278.13 9075.037
17.857 8639.312 8296.807 9100.762
18.182 8661.099 8315.555 9126.969
18.519 8683.259 8334.545 9153.635
18.868 8705.806 8354.002 9180.733
19.231 8728.755 8373.395 9208.161
19.608 8752.12 8393.409 9236.28
20 8775.919 8413.733 9265.067
20.408 8800.167 8434.511 9294.346
20.833 8824.885 8455.45 9324.316
21.277 8850.09 8476.773 9354.959
21.739 8875.804 8498.612 9386.331
22.222 8902.048 8520.871 9418.472
22.727 8928.847 8543.352 9451.233
23.256 8956.225 8566.382 9484.9
23.81 8984.208 8589.796 9519.36
24.39 9012.826 8613.908 9554.568
25 9042.11 8638.767 9590.566
25.641 9072.092 8663.745 9627.552
26.316 9102.809 8689.401 9665.791
27.027 9134.298 8715.874 9704.879
27.778 9166.602 8742.747 9745.049
28.571 9199.765 8770.313 9786.142
29.412 9233.837 8798.569 9828.413
30.303 9268.87 8827.468 9872.257
31.25 9304.924 8857.22 9917.302
32.258 9342.061 8887.857 9963.756
33.333 9380.351 8919.141 10012.015
34.483 9419.872 8951.423 10061.925
35.714 9460.708 8984.545 10113.522
37.037 9502.953 9019.018 10167.222
38.462 9546.712 9054.214 10222.577
40 9592.101 9090.676 10280.189
41.667 9639.251 9128.544 10340.049
43.478 9688.31 9167.848 10402.519
45.455 9739.443 9208.771 10468.382
47.619 9792.841 9251.459 10537.75
50 9848.721 9295.78 10610.365
52.632 9907.332 9342.067 10687.352
55.556 9968.966 9390.54 10768.304
58.824 10033.96 9441.604 10853.76
62.5 10102.717 9495.396 10944.982
66.667 10175.711 9552.375 11041.432
71.429 10253.518 9612.609 11145.163
76.923 10336.838 9676.741 11256.71
83.333 10426.539 9745.134 11377.373
90.909 10523.709 9819.238 11508.788
100 10629.749 9899.313 11653.844
111.111 10746.494 9986.741 11814.663
125 10876.42 10083.548 11994.104
142.857 11022.988 10192.024 12199.231
166.667 11191.241 10313.713 12437.436
200 11388.956 10456.147 12720.923
250 11629.084 10626.673 13070.831
333.333 11935.715 10839.981 13527.015
500 12362.393 11129.623 14174.607
1000 13077.385 11594.251 15305.144
