"Pr" "Mp" "Q_2" "Q_9"
1.01 3066.946 2620.629 3392.834
1.011 3100.426 2659.614 3423.672
1.012 3131.569 2695.625 3452.236
1.013 3160.723 2729.358 3479.104
1.014 3188.163 2761.055 3504.539
1.015 3214.108 2791.138 3528.652
1.016 3238.739 2819.261 3551.587
1.017 3262.202 2846.419 3573.627
1.018 3284.621 2872.421 3594.453
1.019 3306.102 2897.149 3614.416
1.02 3326.734 2920.74 3633.668
1.021 3346.592 2943.495 3652.19
1.022 3365.744 2965.432 3670.129
1.024 3384.247 2986.819 3687.636
1.025 3402.153 3007.452 3704.406
1.026 3419.507 3027.23 3720.677
1.027 3436.349 3046.276 3736.52
1.028 3452.714 3064.842 3751.993
1.029 3468.634 3082.861 3767.017
1.03 3484.138 3100.475 3781.679
1.031 3499.253 3117.521 3795.882
1.032 3514.001 3134.321 3809.827
1.033 3528.404 3150.716 3823.554
1.034 3542.482 3166.657 3836.763
1.035 3556.253 3182.26 3849.811
1.036 3569.733 3197.242 3862.613
1.037 3582.936 3212 3875.234
1.038 3595.878 3226.676 3887.691
1.04 3608.571 3240.888 3899.874
1.041 3621.026 3254.926 3911.739
1.042 3633.255 3268.7 3923.327
1.043 3645.269 3282.047 3934.777
1.044 3657.076 3295.228 3946.032
1.045 3668.686 3308.27 3957.137
1.046 3680.107 3321.134 3968.063
1.047 3691.347 3333.64 3978.897
1.048 3702.412 3345.893 3989.463
1.049 3713.311 3358.055 3999.88
1.05 3724.05 3369.999 4010.176
1.052 3734.634 3381.779 4020.343
1.053 3745.07 3393.358 4030.381
1.054 3755.362 3404.667 4040.164
1.055 3765.516 3415.89 4049.962
1.056 3775.537 3427.156 4059.624
1.057 3785.43 3438.179 4069.224
1.058 3795.198 3449.016 4078.598
1.059 3804.846 3459.699 4087.829
1.06 3814.378 3470.313 4097.017
1.062 3823.797 3480.591 4106.107
1.063 3833.107 3490.914 4115.175
1.064 3842.312 3501.063 4124.115
1.065 3851.415 3511.135 4132.883
1.066 3860.418 3520.977 4141.589
1.067 3869.325 3530.751 4150.126
1.068 3878.138 3540.448 4158.646
1.07 3886.861 3550.02 4167.095
1.071 3895.495 3559.538 4175.479
1.072 3904.044 3568.955 4183.777
1.073 3912.509 3578.245 4191.869
1.074 3920.893 3587.381 4200.075
1.075 3929.197 3596.517 4208.065
1.076 3937.425 3605.411 4216.075
1.078 3945.578 3614.36 4224.053
1.079 3953.658 3623.209 4231.886
1.08 3961.667 3631.935 4239.653
1.081 3969.606 3640.571 4247.47
1.082 3977.477 3649.071 4255.159
1.083 3985.283 3657.576 4262.902
1.085 3993.024 3665.872 4270.398
1.086 4000.702 3674.248 4277.941
1.087 4008.318 3682.519 4285.319
1.088 4015.875 3690.778 4292.777
1.089 4023.373 3698.931 4300.045
1.091 4030.813 3706.897 4307.225
1.092 4038.198 3714.876 4314.53
1.093 4045.527 3722.849 4321.704
1.094 4052.803 3730.7 4328.821
1.095 4060.027 3738.622 4335.872
1.096 4067.199 3746.324 4342.823
1.098 4074.321 3754.016 4349.842
1.099 4081.393 3761.736 4356.732
1.1 4088.418 3769.401 4363.727
1.101 4095.395 3776.847 4370.631
1.103 4102.326 3784.404 4377.452
1.104 4109.212 3791.732 4384.18
1.105 4116.053 3799.193 4390.908
1.106 4122.851 3806.53 4397.647
1.107 4129.606 3813.76 4404.208
1.109 4136.32 3821.106 4410.756
1.11 4142.992 3828.243 4417.2
1.111 4149.624 3835.389 4423.713
1.112 4156.216 3842.494 4430.179
1.114 4162.77 3849.434 4436.606
1.115 4169.285 3856.488 4443.093
1.116 4175.763 3863.439 4449.5
1.117 4182.205 3870.345 4455.81
1.119 4188.61 3877.148 4462.133
1.12 4194.98 3884.022 4468.382
1.121 4201.316 3890.879 4474.618
1.122 4207.617 3897.552 4480.801
1.124 4213.885 3904.162 4486.983
1.125 4220.119 3910.739 4493.119
1.126 4226.321 3917.346 4499.241
1.127 4232.492 3924.014 4505.347
1.129 4238.631 3930.524 4511.383
1.13 4244.739 3937.063 4517.34
1.131 4250.817 3943.56 4523.327
1.133 4256.865 3950.042 4529.293
1.134 4262.884 3956.518 4535.28
1.135 4268.874 3962.958 4541.258
1.136 4274.836 3969.334 4547.098
1.138 4280.769 3975.627 4552.956
1.139 4286.676 3981.943 4558.855
1.14 4292.555 3988.149 4564.708
1.142 4298.408 3994.443 4570.512
1.143 4304.234 4000.631 4576.265
1.144 4310.035 4006.794 4582.065
1.145 4315.81 4012.9 4587.778
1.147 4321.56 4019.034 4593.601
1.148 4327.286 4025.075 4599.343
1.149 4332.987 4031.084 4604.984
1.151 4338.665 4037.202 4610.574
1.152 4344.319 4043.179 4616.17
1.153 4349.949 4049.171 4621.799
1.155 4355.557 4055.172 4627.319
1.156 4361.143 4061.103 4632.912
1.157 4366.706 4066.972 4638.468
1.159 4372.247 4072.815 4643.957
1.16 4377.767 4078.648 4649.45
1.161 4383.266 4084.393 4654.966
1.163 4388.743 4090.17 4660.357
1.164 4394.2 4095.9 4665.772
1.166 4399.637 4101.749 4671.202
1.167 4405.053 4107.522 4676.578
1.168 4410.45 4113.282 4682.013
1.17 4415.827 4118.999 4687.392
1.171 4421.185 4124.632 4692.745
1.172 4426.524 4130.329 4698.051
1.174 4431.844 4136.013 4703.356
1.175 4437.146 4141.618 4708.613
1.176 4442.429 4147.231 4713.844
1.178 4447.695 4152.807 4719.048
1.179 4452.942 4158.311 4724.277
1.181 4458.173 4163.815 4729.452
1.182 4463.386 4169.349 4734.72
1.183 4468.581 4174.743 4739.868
1.185 4473.76 4180.318 4745.03
1.186 4478.923 4185.822 4750.099
1.188 4484.069 4191.224 4755.207
1.189 4489.199 4196.641 4760.371
1.19 4494.312 4202.037 4765.466
1.192 4499.41 4207.431 4770.56
1.193 4504.493 4212.834 4775.676
1.195 4509.56 4218.136 4780.768
1.196 4514.612 4223.451 4785.827
1.198 4519.649 4228.745 4790.883
1.199 4524.671 4233.962 4795.921
1.2 4529.678 4239.122 4800.924
1.202 4534.671 4244.331 4805.912
1.203 4539.65 4249.61 4810.835
1.205 4544.615 4254.799 4815.788
1.206 4549.565 4259.949 4820.692
1.208 4554.502 4265.149 4825.628
1.209 4559.426 4270.364 4830.468
1.211 4564.336 4275.476 4835.279
1.212 4569.233 4280.587 4840.173
1.214 4574.116 4285.672 4845.078
1.215 4578.987 4290.747 4849.954
1.217 4583.845 4295.798 4854.873
1.218 4588.69 4300.845 4859.697
1.22 4593.523 4305.876 4864.525
1.221 4598.344 4310.915 4869.337
1.222 4603.152 4315.978 4874.113
1.224 4607.948 4320.985 4878.974
1.225 4612.733 4325.956 4883.782
1.227 4617.505 4330.894 4888.596
1.229 4622.266 4335.777 4893.385
1.23 4627.016 4340.666 4898.114
1.232 4631.754 4345.616 4902.856
1.233 4636.481 4350.478 4907.553
1.235 4641.197 4355.386 4912.312
1.236 4645.902 4360.272 4917.035
1.238 4650.596 4365.173 4921.741
1.239 4655.279 4370.005 4926.468
1.241 4659.952 4374.862 4931.114
1.242 4664.614 4379.716 4935.833
1.244 4669.266 4384.576 4940.477
1.245 4673.908 4389.406 4945.173
1.247 4678.54 4394.207 4949.78
1.248 4683.161 4398.99 4954.336
1.25 4687.773 4403.8 4958.911
1.252 4692.375 4408.551 4963.535
1.253 4696.967 4413.393 4968.196
1.255 4701.55 4418.213 4972.785
1.256 4706.123 4423.006 4977.392
1.258 4710.687 4427.765 4981.995
1.259 4715.242 4432.465 4986.603
1.261 4719.787 4437.161 4991.2
1.263 4724.324 4441.847 4995.701
1.264 4728.852 4446.463 5000.224
1.266 4733.37 4451.147 5004.75
1.267 4737.88 4455.803 5009.329
1.269 4742.382 4460.495 5013.849
1.271 4746.875 4465.122 5018.328
1.272 4751.359 4469.781 5022.863
1.274 4755.835 4474.385 5027.405
1.276 4760.303 4478.943 5031.891
1.277 4764.762 4483.507 5036.426
1.279 4769.214 4488.102 5040.851
1.28 4773.657 4492.752 5045.293
1.282 4778.093 4497.349 5049.742
1.284 4782.521 4501.931 5054.152
1.285 4786.941 4506.515 5058.567
1.287 4791.353 4511.113 5062.932
1.289 4795.758 4515.66 5067.332
1.29 4800.156 4520.202 5071.697
1.292 4804.546 4524.73 5076.2
1.294 4808.928 4529.301 5080.598
1.295 4813.304 4533.84 5085.041
1.297 4817.672 4538.387 5089.491
1.299 4822.033 4542.866 5093.966
1.3 4826.387 4547.363 5098.374
1.302 4830.734 4551.82 5102.727
1.304 4835.075 4556.273 5107.111
1.305 4839.408 4560.777 5111.44
1.307 4843.735 4565.118 5115.795
1.309 4848.056 4569.547 5120.123
1.311 4852.369 4573.962 5124.502
1.312 4856.677 4578.376 5128.8
1.314 4860.977 4582.76 5133.149
1.316 4865.272 4587.165 5137.46
1.318 4869.56 4591.526 5141.802
1.319 4873.842 4595.947 5146.077
1.321 4878.118 4600.237 5150.424
1.323 4882.388 4604.621 5154.707
1.325 4886.652 4609.034 5159.029
1.326 4890.909 4613.42 5163.368
1.328 4895.161 4617.791 5167.694
1.33 4899.408 4622.15 5171.967
1.332 4903.648 4626.495 5176.284
1.333 4907.883 4630.863 5180.591
1.335 4912.112 4635.197 5184.898
1.337 4916.336 4639.506 5189.182
1.339 4920.554 4643.804 5193.514
1.34 4924.766 4648.115 5197.755
1.342 4928.974 4652.43 5202.003
1.344 4933.176 4656.749 5206.219
1.346 4937.372 4661.06 5210.438
1.348 4941.564 4665.388 5214.652
1.35 4945.75 4669.633 5218.904
1.351 4949.932 4673.908 5223.13
1.353 4954.108 4678.077 5227.385
1.355 4958.279 4682.29 5231.642
1.357 4962.446 4686.553 5235.839
1.359 4966.608 4690.757 5240.06
1.361 4970.764 4695.056 5244.205
1.362 4974.916 4699.255 5248.421
1.364 4979.064 4703.514 5252.642
1.366 4983.207 4707.696 5256.802
1.368 4987.345 4711.889 5260.958
1.37 4991.478 4716.077 5265.146
1.372 4995.607 4720.272 5269.34
1.374 4999.732 4724.556 5273.502
1.376 5003.853 4728.71 5277.701
1.377 5007.969 4732.946 5281.823
1.379 5012.08 4737.19 5285.988
1.381 5016.188 4741.314 5290.142
1.383 5020.291 4745.518 5294.377
1.385 5024.391 4749.637 5298.521
1.387 5028.486 4753.766 5302.633
1.389 5032.577 4757.907 5306.805
1.391 5036.664 4762.037 5310.933
1.393 5040.747 4766.194 5315.13
1.395 5044.827 4770.377 5319.323
1.397 5048.902 4774.553 5323.462
1.399 5052.974 4778.666 5327.572
1.401 5057.042 4782.779 5331.745
1.403 5061.107 4786.914 5335.886
1.404 5065.167 4790.995 5339.982
1.406 5069.224 4795.099 5344.122
1.408 5073.278 4799.286 5348.243
1.41 5077.328 4803.354 5352.375
1.412 5081.374 4807.43 5356.511
1.414 5085.417 4811.569 5360.602
1.416 5089.457 4815.625 5364.719
1.418 5093.494 4819.67 5368.832
1.42 5097.527 4823.728 5372.907
1.422 5101.556 4827.824 5377.072
1.425 5105.583 4831.934 5381.12
1.427 5109.606 4836.018 5385.227
1.429 5113.627 4840.086 5389.262
1.431 5117.644 4844.099 5393.334
1.433 5121.658 4848.148 5397.393
1.435 5125.669 4852.203 5401.513
1.437 5129.678 4856.294 5405.609
1.439 5133.683 4860.307 5409.64
1.441 5137.685 4864.324 5413.731
1.443 5141.685 4868.293 5417.755
1.445 5145.681 4872.357 5421.773
1.447 5149.675 4876.401 5425.781
1.449 5153.667 4880.406 5429.874
1.451 5157.655 4884.488 5433.91
1.453 5161.641 4888.496 5438.002
1.456 5165.624 4892.547 5442.04
1.458 5169.605 4896.524 5446.116
1.46 5173.583 4900.575 5450.153
1.462 5177.559 4904.571 5454.178
1.464 5181.532 4908.618 5458.251
1.466 5185.503 4912.601 5462.286
1.468 5189.471 4916.635 5466.287
1.471 5193.437 4920.672 5470.31
1.473 5197.401 4924.648 5474.297
1.475 5201.363 4928.603 5478.27
1.477 5205.322 4932.736 5482.276
1.479 5209.279 4936.766 5486.317
1.481 5213.234 4940.834 5490.317
1.484 5217.186 4944.867 5494.356
1.486 5221.137 4948.811 5498.357
1.488 5225.085 4952.81 5502.399
1.49 5229.032 4956.821 5506.403
1.493 5232.976 4960.753 5510.408
1.495 5236.919 4964.716 5514.438
1.497 5240.859 4968.653 5518.492
1.499 5244.798 4972.624 5522.465
1.502 5248.735 4976.545 5526.456
1.504 5252.67 4980.505 5530.489
1.506 5256.603 4984.452 5534.478
1.508 5260.535 4988.358 5538.455
1.511 5264.464 4992.304 5542.472
1.513 5268.392 4996.293 5546.467
1.515 5272.319 5000.312 5550.436
1.517 5276.243 5004.283 5554.394
1.52 5280.166 5008.18 5558.363
1.522 5284.088 5012.116 5562.337
1.524 5288.008 5016.047 5566.277
1.527 5291.927 5020.057 5570.248
1.529 5295.844 5023.985 5574.223
1.531 5299.759 5027.957 5578.165
1.534 5303.673 5031.905 5582.156
1.536 5307.586 5035.776 5586.103
1.538 5311.498 5039.76 5590.099
1.541 5315.408 5043.652 5594.08
1.543 5319.317 5047.555 5598.094
1.546 5323.224 5051.472 5602.112
1.548 5327.131 5055.428 5606.146
1.55 5331.036 5059.428 5610.137
1.553 5334.94 5063.398 5614.063
1.555 5338.843 5067.362 5618.075
1.558 5342.745 5071.283 5621.999
1.56 5346.646 5075.248 5625.985
1.563 5350.545 5079.244 5629.984
1.565 5354.444 5083.144 5633.997
1.567 5358.342 5087.013 5637.969
1.57 5362.239 5090.983 5642.008
1.572 5366.134 5094.923 5645.957
1.575 5370.029 5098.785 5649.847
1.577 5373.923 5102.775 5653.747
1.58 5377.817 5106.678 5657.744
1.582 5381.709 5110.592 5661.752
1.585 5385.601 5114.496 5665.687
1.587 5389.492 5118.375 5669.628
1.59 5393.382 5122.179 5673.58
1.592 5397.272 5126.101 5677.544
1.595 5401.161 5130.01 5681.483
1.597 5405.049 5133.846 5685.44
1.6 5408.936 5137.733 5689.44
1.603 5412.824 5141.534 5693.427
1.605 5416.71 5145.47 5697.388
1.608 5420.596 5149.422 5701.34
1.61 5424.482 5153.317 5705.334
1.613 5428.367 5157.262 5709.289
1.616 5432.251 5161.127 5713.237
1.618 5436.135 5165.063 5717.186
1.621 5440.019 5168.99 5721.144
1.623 5443.903 5172.93 5725.095
1.626 5447.786 5176.854 5729.02
1.629 5451.669 5180.754 5732.958
1.631 5455.551 5184.587 5736.897
1.634 5459.434 5188.505 5740.845
1.637 5463.316 5192.426 5744.856
1.639 5467.198 5196.311 5748.842
1.642 5471.08 5200.195 5752.868
1.645 5474.961 5204.042 5756.832
1.647 5478.843 5207.879 5760.829
1.65 5482.724 5211.762 5764.761
1.653 5486.606 5215.654 5768.657
1.656 5490.487 5219.523 5772.552
1.658 5494.368 5223.403 5776.459
1.661 5498.25 5227.28 5780.41
1.664 5502.131 5231.184 5784.303
1.667 5506.013 5235.072 5788.262
1.669 5509.894 5238.959 5792.263
1.672 5513.776 5242.804 5796.161
1.675 5517.658 5246.666 5800.084
1.678 5521.54 5250.519 5804.1
1.681 5525.423 5254.437 5808.04
1.684 5529.305 5258.318 5812.009
1.686 5533.188 5262.168 5816.016
1.689 5537.071 5266.019 5820.023
1.692 5540.955 5269.911 5823.962
1.695 5544.839 5273.803 5827.932
1.698 5548.723 5277.692 5831.909
1.701 5552.607 5281.598 5835.842
1.704 5556.492 5285.523 5839.833
1.706 5560.378 5289.432 5843.827
1.709 5564.264 5293.371 5847.76
1.712 5568.15 5297.216 5851.724
1.715 5572.037 5301.123 5855.747
1.718 5575.924 5305.038 5859.717
1.721 5579.813 5308.891 5863.651
1.724 5583.701 5312.8 5867.622
1.727 5587.591 5316.711 5871.64
1.73 5591.48 5320.632 5875.611
1.733 5595.371 5324.568 5879.613
1.736 5599.262 5328.434 5883.572
1.739 5603.155 5332.271 5887.517
1.742 5607.047 5336.205 5891.469
1.745 5610.941 5340.103 5895.484
1.748 5614.835 5343.998 5899.512
1.751 5618.731 5347.925 5903.474
1.754 5622.627 5351.842 5907.446
1.757 5626.524 5355.704 5911.415
1.761 5630.422 5359.56 5915.371
1.764 5634.321 5363.461 5919.382
1.767 5638.22 5367.34 5923.352
1.77 5642.121 5371.196 5927.369
1.773 5646.023 5375.096 5931.394
1.776 5649.926 5379.023 5935.377
1.779 5653.83 5382.912 5939.374
1.783 5657.735 5386.799 5943.374
1.786 5661.641 5390.673 5947.38
1.789 5665.548 5394.598 5951.338
1.792 5669.457 5398.47 5955.337
1.795 5673.366 5402.328 5959.331
1.799 5677.277 5406.273 5963.332
1.802 5681.189 5410.139 5967.315
1.805 5685.102 5414.044 5971.288
1.808 5689.017 5417.953 5975.341
1.812 5692.933 5421.816 5979.274
1.815 5696.85 5425.727 5983.295
1.818 5700.769 5429.638 5987.302
1.821 5704.689 5433.544 5991.309
1.825 5708.61 5437.435 5995.324
1.828 5712.533 5441.354 5999.362
1.832 5716.458 5445.22 6003.352
1.835 5720.384 5449.094 6007.398
1.838 5724.311 5453.014 6011.352
1.842 5728.24 5456.802 6015.374
1.845 5732.171 5460.741 6019.399
1.848 5736.103 5464.705 6023.424
1.852 5740.037 5468.603 6027.431
1.855 5743.972 5472.519 6031.466
1.859 5747.909 5476.432 6035.433
1.862 5751.848 5480.311 6039.523
1.866 5755.788 5484.217 6043.526
1.869 5759.731 5488.186 6047.539
1.873 5763.675 5492.155 6051.557
1.876 5767.621 5496.077 6055.595
1.88 5771.568 5499.984 6059.664
1.883 5775.518 5503.88 6063.686
1.887 5779.469 5507.796 6067.687
1.89 5783.423 5511.712 6071.73
1.894 5787.378 5515.667 6075.699
1.898 5791.335 5519.608 6079.709
1.901 5795.294 5523.523 6083.811
1.905 5799.256 5527.49 6087.852
1.908 5803.219 5531.43 6091.956
1.912 5807.184 5535.387 6096.018
1.916 5811.152 5539.274 6100.051
1.919 5815.121 5543.263 6104.118
1.923 5819.093 5547.204 6108.111
1.927 5823.067 5551.209 6112.203
1.931 5827.043 5555.121 6116.253
1.934 5831.021 5559.128 6120.309
1.938 5835.002 5563.072 6124.376
1.942 5838.985 5567.039 6128.468
1.946 5842.97 5571.042 6132.579
1.949 5846.957 5575.013 6136.642
1.953 5850.947 5578.995 6140.735
1.957 5854.939 5582.912 6144.824
1.961 5858.934 5586.905 6148.894
1.965 5862.931 5590.884 6152.986
1.969 5866.93 5594.898 6157.035
1.972 5870.932 5598.845 6161.16
1.976 5874.937 5602.803 6165.218
1.98 5878.944 5606.738 6169.36
1.984 5882.953 5610.662 6173.439
1.988 5886.965 5614.662 6177.527
1.992 5890.98 5618.589 6181.607
1.996 5894.998 5622.539 6185.713
2 5899.018 5626.517 6189.844
2.004 5903.041 5630.496 6193.888
2.008 5907.066 5634.498 6197.99
2.012 5911.095 5638.476 6202.103
2.016 5915.126 5642.456 6206.227
2.02 5919.16 5646.46 6210.37
2.024 5923.197 5650.456 6214.516
2.028 5927.236 5654.476 6218.704
2.033 5931.279 5658.44 6222.818
2.037 5935.325 5662.481 6226.996
2.041 5939.373 5666.543 6231.133
2.045 5943.424 5670.621 6235.278
2.049 5947.479 5674.645 6239.442
2.053 5951.536 5678.72 6243.586
2.058 5955.597 5682.718 6247.789
2.062 5959.661 5686.749 6251.951
2.066 5963.727 5690.825 6256.116
2.07 5967.797 5694.809 6260.299
2.075 5971.871 5698.848 6264.485
2.079 5975.947 5702.875 6268.634
2.083 5980.027 5706.919 6272.783
2.088 5984.109 5711.014 6276.938
2.092 5988.196 5715.043 6281.096
2.096 5992.285 5719.092 6285.257
2.101 5996.378 5723.156 6289.436
2.105 6000.474 5727.177 6293.614
2.11 6004.574 5731.241 6297.772
2.114 6008.677 5735.296 6301.963
2.119 6012.784 5739.317 6306.188
2.123 6016.894 5743.405 6310.364
2.128 6021.007 5747.428 6314.55
2.132 6025.124 5751.534 6318.714
2.137 6029.245 5755.641 6322.928
2.141 6033.37 5759.745 6327.144
2.146 6037.498 5763.846 6331.358
2.151 6041.629 5767.919 6335.558
2.155 6045.765 5772.022 6339.74
2.16 6049.904 5776.074 6343.977
2.165 6054.047 5780.149 6348.221
2.169 6058.194 5784.228 6352.377
2.174 6062.345 5788.35 6356.677
2.179 6066.499 5792.512 6360.926
2.183 6070.658 5796.648 6365.095
2.188 6074.82 5800.738 6369.321
2.193 6078.986 5804.881 6373.568
2.198 6083.157 5808.985 6377.827
2.203 6087.331 5813.145 6382.097
2.208 6091.509 5817.327 6386.337
2.212 6095.692 5821.471 6390.633
2.217 6099.878 5825.639 6394.926
2.222 6104.069 5829.769 6399.162
2.227 6108.264 5833.953 6403.423
2.232 6112.463 5838.12 6407.743
2.237 6116.667 5842.236 6412.046
2.242 6120.875 5846.374 6416.304
2.247 6125.087 5850.54 6420.587
2.252 6129.303 5854.711 6424.884
2.257 6133.524 5858.868 6429.163
2.262 6137.749 5863.014 6433.523
2.268 6141.979 5867.136 6437.841
2.273 6146.213 5871.324 6442.174
2.278 6150.452 5875.536 6446.538
2.283 6154.695 5879.721 6450.875
2.288 6158.943 5883.946 6455.249
2.294 6163.195 5888.156 6459.59
2.299 6167.452 5892.343 6463.939
2.304 6171.714 5896.586 6468.274
2.309 6175.981 5900.795 6472.63
2.315 6180.252 5905.008 6477.005
2.32 6184.528 5909.25 6481.366
2.326 6188.809 5913.423 6485.726
2.331 6193.095 5917.659 6490.096
2.336 6197.386 5921.844 6494.532
2.342 6201.681 5926.036 6498.915
2.347 6205.982 5930.336 6503.281
2.353 6210.287 5934.591 6507.679
2.358 6214.598 5938.907 6512.051
2.364 6218.914 5943.144 6516.401
2.37 6223.235 5947.406 6520.811
2.375 6227.561 5951.652 6525.184
2.381 6231.892 5955.877 6529.579
2.387 6236.229 5960.154 6534.047
2.392 6240.57 5964.436 6538.474
2.398 6244.918 5968.743 6542.94
2.404 6249.27 5973.006 6547.339
2.41 6253.628 5977.319 6551.746
2.415 6257.991 5981.651 6556.222
2.421 6262.36 5985.922 6560.647
2.427 6266.734 5990.197 6565.146
2.433 6271.114 5994.497 6569.621
2.439 6275.499 5998.81 6574.103
2.445 6279.89 6003.147 6578.602
2.451 6284.287 6007.43 6583.076
2.457 6288.689 6011.835 6587.552
2.463 6293.097 6016.19 6592.066
2.469 6297.511 6020.505 6596.564
2.475 6301.931 6024.861 6601.026
2.481 6306.356 6029.191 6605.548
2.488 6310.788 6033.556 6610.076
2.494 6315.225 6037.938 6614.558
2.5 6319.668 6042.34 6619.072
2.506 6324.118 6046.71 6623.636
2.513 6328.573 6051.094 6628.199
2.519 6333.035 6055.439 6632.736
2.525 6337.503 6059.865 6637.303
2.532 6341.977 6064.257 6641.881
2.538 6346.457 6068.644 6646.518
2.545 6350.943 6073.029 6651.116
2.551 6355.436 6077.447 6655.741
2.558 6359.935 6081.844 6660.294
2.564 6364.441 6086.327 6664.904
2.571 6368.953 6090.801 6669.516
2.577 6373.471 6095.203 6674.101
2.584 6377.997 6099.615 6678.713
2.591 6382.528 6104.159 6683.389
2.597 6387.067 6108.591 6687.999
2.604 6391.612 6113.07 6692.647
2.611 6396.163 6117.525 6697.264
2.618 6400.722 6122.034 6701.954
2.625 6405.287 6126.526 6706.605
2.632 6409.86 6131.016 6711.224
2.639 6414.439 6135.574 6715.867
2.646 6419.025 6140.064 6720.606
2.653 6423.618 6144.611 6725.299
2.66 6428.218 6149.142 6729.918
2.667 6432.826 6153.651 6734.68
2.674 6437.44 6158.114 6739.396
2.681 6442.062 6162.687 6744.101
2.688 6446.691 6167.16 6748.762
2.695 6451.327 6171.702 6753.463
2.703 6455.971 6176.211 6758.187
2.71 6460.622 6180.728 6763
2.717 6465.281 6185.309 6767.808
2.725 6469.947 6189.906 6772.561
2.732 6474.62 6194.492 6777.287
2.74 6479.301 6199.105 6781.995
2.747 6483.99 6203.672 6786.796
2.755 6488.687 6208.307 6791.591
2.762 6493.391 6212.973 6796.42
2.77 6498.104 6217.553 6801.244
2.778 6502.824 6222.208 6806.086
2.786 6507.552 6226.809 6810.931
2.793 6512.288 6231.439 6815.813
2.801 6517.032 6236.109 6820.67
2.809 6521.784 6240.774 6825.524
2.817 6526.545 6245.46 6830.367
2.825 6531.313 6250.184 6835.221
2.833 6536.09 6254.851 6840.11
2.841 6540.876 6259.54 6844.931
2.849 6545.669 6264.306 6849.801
2.857 6550.471 6268.981 6854.65
2.865 6555.282 6273.708 6859.554
2.874 6560.101 6278.419 6864.525
2.882 6564.929 6283.132 6869.506
2.89 6569.765 6287.941 6874.427
2.899 6574.61 6292.715 6879.353
2.907 6579.464 6297.518 6884.316
2.915 6584.327 6302.29 6889.286
2.924 6589.199 6307.081 6894.255
2.933 6594.08 6311.873 6899.277
2.941 6598.97 6316.681 6904.316
2.95 6603.869 6321.491 6909.316
2.959 6608.777 6326.303 6914.287
2.967 6613.694 6331.179 6919.307
2.976 6618.621 6335.964 6924.338
2.985 6623.557 6340.78 6929.445
2.994 6628.503 6345.675 6934.499
3.003 6633.458 6350.534 6939.516
3.012 6638.422 6355.432 6944.666
3.021 6643.397 6360.283 6949.737
3.03 6648.381 6365.178 6954.84
3.04 6653.374 6370.046 6959.92
3.049 6658.378 6374.892 6965.004
3.058 6663.391 6379.768 6970.2
3.067 6668.415 6384.708 6975.312
3.077 6673.449 6389.613 6980.469
3.086 6678.492 6394.543 6985.596
3.096 6683.546 6399.52 6990.796
3.106 6688.61 6404.454 6995.974
3.115 6693.685 6409.437 7001.155
3.125 6698.77 6414.337 7006.381
3.135 6703.865 6419.329 7011.617
3.145 6708.971 6424.315 7016.858
3.155 6714.088 6429.303 7022.098
3.165 6719.215 6434.274 7027.307
3.175 6724.353 6439.334 7032.608
3.185 6729.502 6444.339 7037.886
3.195 6734.662 6449.478 7043.161
3.205 6739.833 6454.576 7048.493
3.215 6745.016 6459.662 7053.782
3.226 6750.209 6464.75 7059.107
3.236 6755.414 6469.812 7064.389
3.247 6760.63 6474.941 7069.71
3.257 6765.857 6480.075 7075.096
3.268 6771.096 6485.218 7080.438
3.279 6776.347 6490.312 7085.806
3.289 6781.609 6495.456 7091.2
3.3 6786.883 6500.597 7096.563
3.311 6792.169 6505.749 7101.962
3.322 6797.467 6510.95 7107.384
3.333 6802.776 6516.176 7112.818
3.344 6808.099 6521.361 7118.244
3.356 6813.433 6526.603 7123.637
3.367 6818.779 6531.791 7129.04
3.378 6824.138 6537.042 7134.56
3.39 6829.51 6542.32 7140.008
3.401 6834.894 6547.553 7145.516
3.413 6840.291 6552.815 7151.072
3.425 6845.7 6558.124 7156.576
3.436 6851.122 6563.416 7162.151
3.448 6856.558 6568.685 7167.691
3.46 6862.006 6573.988 7173.241
3.472 6867.468 6579.353 7178.849
3.484 6872.943 6584.706 7184.415
3.497 6878.431 6590.098 7189.988
3.509 6883.933 6595.476 7195.621
3.521 6889.448 6600.877 7201.275
3.534 6894.977 6606.298 7206.91
3.546 6900.519 6611.705 7212.607
3.559 6906.076 6617.103 7218.364
3.571 6911.647 6622.607 7224.037
3.584 6917.231 6628.093 7229.758
3.597 6922.83 6633.584 7235.456
3.61 6928.443 6639.002 7241.173
3.623 6934.071 6644.539 7246.931
3.636 6939.713 6650.017 7252.757
3.65 6945.37 6655.532 7258.556
3.663 6951.042 6661.131 7264.423
3.676 6956.728 6666.783 7270.24
3.69 6962.43 6672.375 7276.065
3.704 6968.146 6677.914 7281.866
3.717 6973.878 6683.52 7287.752
3.731 6979.625 6689.177 7293.636
3.745 6985.388 6694.818 7299.548
3.759 6991.166 6700.394 7305.417
3.774 6996.961 6706.081 7311.35
3.788 7002.77 6711.664 7317.322
3.802 7008.596 6717.309 7323.337
3.817 7014.438 6722.978 7329.395
3.831 7020.297 6728.623 7335.395
3.846 7026.171 6734.297 7341.423
3.861 7032.062 6739.968 7347.466
3.876 7037.97 6745.726 7353.537
3.891 7043.895 6751.4 7359.606
3.906 7049.836 6757.188 7365.749
3.922 7055.795 6762.969 7371.924
3.937 7061.771 6768.721 7378.003
3.953 7067.764 6774.56 7384.17
3.968 7073.774 6780.377 7390.272
3.984 7079.802 6786.204 7396.462
4 7085.848 6792.084 7402.628
4.016 7091.912 6798.029 7408.766
4.032 7097.994 6803.956 7415.017
4.049 7104.094 6809.941 7421.252
4.065 7110.213 6815.875 7427.541
4.082 7116.35 6821.856 7433.852
4.098 7122.506 6827.741 7440.111
4.115 7128.681 6833.732 7446.42
4.132 7134.874 6839.722 7452.854
4.149 7141.087 6845.73 7459.242
4.167 7147.319 6851.746 7465.593
4.184 7153.571 6857.881 7471.991
4.202 7159.842 6864.025 7478.389
4.219 7166.134 6870.108 7484.857
4.237 7172.445 6876.271 7491.345
4.255 7178.776 6882.398 7497.843
4.274 7185.128 6888.555 7504.324
4.292 7191.501 6894.719 7510.801
4.31 7197.894 6900.964 7517.382
4.329 7204.308 6907.121 7524.036
4.348 7210.743 6913.335 7530.628
4.367 7217.2 6919.585 7537.218
4.386 7223.678 6925.919 7543.937
4.405 7230.177 6932.189 7550.653
4.425 7236.699 6938.521 7557.306
4.444 7243.243 6944.943 7563.991
4.464 7249.808 6951.32 7570.773
4.484 7256.397 6957.704 7577.548
4.505 7263.008 6964.11 7584.344
4.525 7269.642 6970.508 7591.16
4.545 7276.299 6976.999 7597.936
4.566 7282.98 6983.508 7604.768
4.587 7289.684 6989.985 7611.633
4.608 7296.411 6996.506 7618.523
4.63 7303.163 7003.018 7625.415
4.651 7309.939 7009.583 7632.379
4.673 7316.739 7016.112 7639.37
4.695 7323.565 7022.685 7646.34
4.717 7330.415 7029.352 7653.391
4.739 7337.29 7035.897 7660.454
4.762 7344.19 7042.559 7667.494
4.785 7351.116 7049.278 7674.66
4.808 7358.069 7055.939 7681.833
4.831 7365.047 7062.723 7688.999
4.854 7372.051 7069.487 7696.272
4.878 7379.083 7076.231 7703.44
4.902 7386.141 7083.023 7710.652
4.926 7393.226 7089.827 7718.04
4.95 7400.339 7096.647 7725.259
4.975 7407.48 7103.459 7732.638
5 7414.648 7110.404 7739.895
5.025 7421.845 7117.356 7747.328
5.051 7429.071 7124.278 7754.824
5.076 7436.325 7131.282 7762.319
5.102 7443.609 7138.227 7769.856
5.128 7450.922 7145.351 7777.333
5.155 7458.265 7152.363 7784.865
5.181 7465.637 7159.585 7792.402
5.208 7473.041 7166.783 7800.064
5.236 7480.475 7173.921 7807.742
5.263 7487.94 7181.125 7815.481
5.291 7495.436 7188.348 7823.19
5.319 7502.964 7195.586 7830.891
5.348 7510.524 7202.869 7838.769
5.376 7518.117 7210.188 7846.461
5.405 7525.742 7217.524 7854.33
5.435 7533.4 7224.944 7862.247
5.464 7541.092 7232.416 7870.223
5.495 7548.818 7239.886 7878.23
5.525 7556.578 7247.355 7886.281
5.556 7564.372 7254.834 7894.312
5.587 7572.201 7262.424 7902.509
5.618 7580.066 7269.936 7910.647
5.65 7587.966 7277.476 7918.722
5.682 7595.903 7284.957 7926.975
5.714 7603.876 7292.552 7935.143
5.747 7611.886 7300.16 7943.499
5.78 7619.933 7307.857 7951.839
5.814 7628.018 7315.555 7960.123
5.848 7636.142 7323.286 7968.501
5.882 7644.304 7331.155 7976.934
5.917 7652.505 7339.138 7985.436
5.952 7660.746 7347.056 7993.995
5.988 7669.027 7355.001 8002.548
6.024 7677.349 7362.934 8011.175
6.061 7685.711 7370.9 8019.896
6.098 7694.116 7378.927 8028.525
6.135 7702.562 7386.978 8037.3
6.173 7711.05 7395.089 8046.1
6.211 7719.582 7403.321 8054.95
6.25 7728.158 7411.503 8063.862
6.289 7736.777 7419.686 8072.84
6.329 7745.442 7427.906 8081.779
6.369 7754.151 7436.314 8090.877
6.41 7762.907 7444.706 8099.787
6.452 7771.708 7453.093 8108.957
6.494 7780.557 7461.462 8118.178
6.536 7789.454 7469.97 8127.48
6.579 7798.398 7478.437 8136.651
6.623 7807.392 7486.988 8146.053
6.667 7816.435 7495.671 8155.47
6.711 7825.528 7504.343 8164.946
6.757 7834.672 7513.121 8174.407
6.803 7843.867 7521.855 8184.023
6.849 7853.115 7530.684 8193.659
6.897 7862.415 7539.587 8203.329
6.944 7871.769 7548.516 8213.146
6.993 7881.178 7557.538 8222.922
7.042 7890.641 7566.544 8232.69
7.092 7900.161 7575.572 8242.647
7.143 7909.737 7584.668 8252.566
7.194 7919.37 7593.764 8262.769
7.246 7929.062 7602.925 8272.956
7.299 7938.813 7612.244 8283.254
7.353 7948.623 7621.473 8293.461
7.407 7958.495 7630.818 8303.877
7.463 7968.428 7640.264 8314.309
7.519 7978.424 7649.709 8324.81
7.576 7988.483 7659.34 8335.456
7.634 7998.607 7668.948 8346.001
7.692 8008.796 7678.667 8356.582
7.752 8019.052 7688.368 8367.403
7.812 8029.375 7698.146 8378.235
7.874 8039.766 7707.998 8389.071
7.937 8050.227 7717.855 8400.221
8 8060.759 7728.018 8411.481
8.065 8071.362 7738.065 8422.571
8.13 8082.038 7748.176 8433.909
8.197 8092.788 7758.318 8445.236
8.264 8103.614 7768.569 8456.598
8.333 8114.515 7778.866 8468.044
8.403 8125.495 7789.243 8479.626
8.475 8136.553 7799.64 8491.285
8.547 8147.692 7810.26 8503.127
8.621 8158.912 7820.863 8514.954
8.696 8170.215 7831.487 8526.86
8.772 8181.603 7842.199 8538.892
8.85 8193.076 7852.998 8550.938
8.929 8204.637 7863.874 8563.228
9.009 8216.287 7874.809 8575.675
9.091 8228.027 7885.888 8588.137
9.174 8239.859 7896.936 8600.544
9.259 8251.785 7908.177 8613.146
9.346 8263.806 7919.354 8625.895
9.434 8275.924 7930.635 8638.747
9.524 8288.142 7942.037 8651.599
9.615 8300.46 7953.7 8664.773
9.709 8312.88 7965.313 8677.891
9.804 8325.406 7977.051 8691.232
9.901 8338.038 7988.821 8704.812
10 8350.778 8000.792 8718.44
10.101 8363.629 8012.889 8732.099
10.204 8376.594 8025.095 8745.945
10.309 8389.673 8037.281 8760.028
10.417 8402.871 8049.563 8774.124
10.526 8416.188 8061.977 8788.316
10.638 8429.627 8074.513 8802.771
10.753 8443.192 8087.082 8817.318
10.87 8456.884 8099.735 8831.992
10.989 8470.706 8112.473 8846.834
11.111 8484.661 8125.385 8861.684
11.236 8498.753 8138.603 8876.85
11.364 8512.983 8151.767 8892.221
11.494 8527.356 8165.034 8907.665
11.628 8541.873 8178.503 8923.341
11.765 8556.539 8192.022 8939.414
11.905 8571.357 8205.68 8955.394
12.048 8586.331 8219.458 8971.567
12.195 8601.463 8233.258 8988.182
12.346 8616.759 8247.329 9004.684
12.5 8632.221 8261.562 9021.481
12.658 8647.854 8275.877 9038.452
12.821 8663.662 8290.252 9055.644
12.987 8679.65 8304.802 9072.98
13.158 8695.822 8319.664 9090.735
13.333 8712.182 8334.6 9108.685
13.514 8728.736 8349.722 9126.766
13.699 8745.489 8365.142 9144.996
13.889 8762.446 8380.776 9163.612
14.085 8779.612 8396.491 9182.522
14.286 8796.994 8412.453 9201.653
14.493 8814.597 8428.486 9221.132
14.706 8832.427 8444.702 9240.846
14.925 8850.492 8461.074 9260.762
15.152 8868.797 8477.561 9281.046
15.385 8887.351 8494.27 9301.434
15.625 8906.16 8511.423 9322.287
15.873 8925.232 8528.601 9343.529
16.129 8944.576 8546.064 9365.171
16.393 8964.199 8563.88 9387.076
16.667 8984.111 8581.947 9409.31
16.949 9004.322 8600.074 9431.706
17.241 9024.84 8618.583 9454.728
17.544 9045.677 8637.378 9477.849
17.857 9066.843 8656.436 9501.815
18.182 9088.35 8675.836 9525.963
18.519 9110.21 8695.446 9550.538
18.868 9132.436 8715.147 9575.552
19.231 9155.04 8735.286 9601.104
19.608 9178.038 8755.87 9626.722
20 9201.443 8776.606 9653.286
20.408 9225.274 8797.698 9680.504
20.833 9249.545 8819.241 9707.891
21.277 9274.275 8841.103 9736.005
21.739 9299.483 8863.536 9765.139
22.222 9325.19 8886.295 9794.839
22.727 9351.416 8909.289 9825.015
23.256 9378.186 8932.736 9855.547
23.81 9405.523 8956.678 9887.309
24.39 9433.454 8980.933 9919.528
25 9462.007 9005.758 9952.27
25.641 9491.213 9031.147 9986.15
26.316 9521.105 9057.24 10020.88
27.027 9551.717 9083.742 10056.856
27.778 9583.088 9110.838 10093.58
28.571 9615.259 9138.427 10131.299
29.412 9648.274 9166.906 10170.102
30.303 9682.183 9195.908 10209.99
31.25 9717.037 9225.836 10250.854
32.258 9752.896 9256.544 10292.794
33.333 9789.822 9288.033 10336.469
34.483 9827.886 9320.316 10381.969
35.714 9867.164 9353.578 10429.087
37.037 9907.741 9387.903 10477.785
38.462 9949.711 9422.983 10528.146
40 9993.181 9459.458 10580.723
41.667 10038.267 9496.839 10635.102
43.478 10085.102 9535.898 10692.006
45.455 10133.837 9576.308 10751.293
47.619 10184.641 9618.21 10813.229
50 10237.708 9661.983 10878.452
52.632 10293.262 9707.661 10947.302
55.556 10351.562 9754.899 11019.618
58.824 10412.91 9804.492 11096.412
62.5 10477.661 9856.668 11177.447
66.667 10546.238 9911.085 11263.673
71.429 10619.15 9969.153 11356.304
76.923 10697.013 10030.683 11455.566
83.333 10780.59 10096.51 11562.356
90.909 10870.838 10166.374 11679.392
100 10968.98 10242.149 11807.161
111.111 11076.613 10324.443 11948.159
125 11195.889 10414.799 12105.228
142.857 11329.795 10515.148 12284.158
166.667 11482.669 10628.475 12491.008
200 11661.159 10758.794 12735.035
250 11876.262 10912.644 13034.298
333.333 12148.27 11102.583 13419.863
500 12521.794 11356.405 13960.547
1000 13134.749 11753.674 14885.549
1111.111 13225.189 11810.156 15025.367
1250 13325.46 11872.491 15181.537
1428.571 13438.085 11941.422 15359.088
1666.667 13566.726 12019.232 15565.403
2000 13716.997 12109.36 15807.609
2500 13898.181 12215.533 16102.854
3333.333 14127.408 12347.735 16486.598
5000 14442.338 12524.701 17025.675
10000 14959.396 12801.534 17942.596
