"Pr" "Mp" "Q_2" "Q_9"
1.01 3422.148 2424.469 3905.214
1.011 3454.096 2472.527 3930.391
1.012 3483.814 2516.772 3953.986
1.013 3511.634 2557.924 3976.294
1.014 3537.82 2596.9 3997.476
1.015 3562.581 2633.437 4017.733
1.016 3586.087 2667.743 4036.738
1.017 3608.48 2701.131 4055.1
1.018 3629.877 2732.549 4072.808
1.019 3650.38 2761.922 4089.798
1.02 3670.071 2790.519 4106.229
1.021 3689.026 2818.301 4122.146
1.022 3707.306 2844.711 4137.551
1.024 3724.969 2869.945 4152.468
1.025 3742.061 2894.894 4167.011
1.026 3758.626 2918.776 4181.013
1.027 3774.703 2941.871 4194.788
1.028 3790.325 2964.106 4208.079
1.029 3805.523 2985.897 4221.146
1.03 3820.324 3006.86 4233.9
1.031 3834.753 3027.043 4246.458
1.032 3848.833 3047.121 4258.828
1.033 3862.584 3066.394 4270.815
1.034 3876.025 3085.281 4282.664
1.035 3889.172 3103.831 4294.276
1.036 3902.041 3122.036 4305.811
1.037 3914.648 3139.648 4317.013
1.038 3927.004 3156.991 4327.991
1.04 3939.123 3173.943 4338.773
1.041 3951.015 3190.694 4349.505
1.042 3962.692 3206.86 4360.049
1.043 3974.163 3222.953 4370.369
1.044 3985.437 3238.671 4380.596
1.045 3996.522 3254.174 4390.683
1.046 4007.428 3269.36 4400.504
1.047 4018.161 3284.445 4410.252
1.048 4028.727 3298.898 4419.93
1.049 4039.135 3313.331 4429.437
1.05 4049.389 3327.335 4438.862
1.052 4059.496 3341.205 4448.122
1.053 4069.462 3355.052 4457.308
1.054 4079.291 3368.81 4466.325
1.055 4088.988 3382.112 4475.259
1.056 4098.558 3395.124 4484.09
1.057 4108.005 3407.838 4492.921
1.058 4117.333 3420.4 4501.572
1.059 4126.547 3432.931 4510.052
1.06 4135.65 3445.429 4518.591
1.062 4144.646 3457.597 4526.972
1.063 4153.538 3469.693 4535.459
1.064 4162.329 3481.431 4543.731
1.065 4171.023 3493.163 4551.809
1.066 4179.622 3504.704 4559.874
1.067 4188.128 3516.168 4568.03
1.068 4196.546 3527.412 4576.101
1.07 4204.877 3538.392 4583.913
1.071 4213.124 3549.522 4591.713
1.072 4221.289 3560.504 4599.473
1.073 4229.374 3570.984 4607.139
1.074 4237.382 3581.593 4614.909
1.075 4245.314 3592.259 4622.482
1.076 4253.173 3602.471 4630.108
1.078 4260.961 3612.873 4637.634
1.079 4268.679 3623.341 4645.07
1.08 4276.329 3633.283 4652.483
1.081 4283.912 3643.434 4659.868
1.082 4291.431 3653.44 4667.164
1.083 4298.887 3663.381 4674.412
1.085 4306.282 3673.092 4681.673
1.086 4313.616 3682.526 4688.785
1.087 4320.892 3692.081 4695.932
1.088 4328.11 3701.631 4702.859
1.089 4335.273 3711.064 4709.894
1.091 4342.38 3720.286 4716.753
1.092 4349.435 3729.563 4723.629
1.093 4356.437 3738.747 4730.454
1.094 4363.387 3747.736 4737.189
1.095 4370.288 3756.687 4744.014
1.096 4377.14 3765.631 4750.837
1.098 4383.943 3774.431 4757.455
1.099 4390.7 3783.115 4764.168
1.1 4397.411 3791.639 4770.821
1.101 4404.077 3800.253 4777.319
1.103 4410.699 3808.863 4783.878
1.104 4417.277 3817.247 4790.21
1.105 4423.813 3825.64 4796.74
1.106 4430.308 3833.956 4803.199
1.107 4436.761 3842.219 4809.711
1.109 4443.175 3850.411 4816.221
1.11 4449.55 3858.526 4822.567
1.111 4455.886 3866.685 4828.869
1.112 4462.185 3874.709 4835.217
1.114 4468.446 3882.739 4841.41
1.115 4474.672 3890.687 4847.689
1.116 4480.861 3898.469 4853.875
1.117 4487.016 3906.355 4859.985
1.119 4493.136 3913.972 4866.101
1.12 4499.222 3921.768 4872.254
1.121 4505.276 3929.282 4878.385
1.122 4511.296 3937.022 4884.535
1.124 4517.285 3944.613 4890.467
1.125 4523.242 3952.198 4896.641
1.126 4529.168 3959.729 4902.637
1.127 4535.064 3967.261 4908.625
1.129 4540.93 3974.734 4914.586
1.13 4546.767 3982.115 4920.622
1.131 4552.575 3989.349 4926.632
1.133 4558.354 3996.522 4932.507
1.134 4564.105 4003.754 4938.393
1.135 4569.829 4010.885 4944.242
1.136 4575.526 4017.953 4949.972
1.138 4581.196 4025.013 4955.805
1.139 4586.84 4032.085 4961.576
1.14 4592.458 4039.102 4967.409
1.142 4598.051 4046.039 4973.145
1.143 4603.618 4053.053 4978.859
1.144 4609.162 4059.864 4984.569
1.145 4614.681 4066.659 4990.255
1.147 4620.176 4073.475 4995.972
1.148 4625.647 4080.413 5001.63
1.149 4631.096 4087.074 5007.285
1.151 4636.521 4093.916 5012.972
1.152 4641.924 4100.572 5018.51
1.153 4647.306 4107.131 5024.113
1.155 4652.665 4113.731 5029.652
1.156 4658.003 4120.236 5035.12
1.157 4663.319 4126.922 5040.656
1.159 4668.615 4133.392 5046.17
1.16 4673.89 4139.734 5051.72
1.161 4679.145 4146.234 5057.134
1.163 4684.38 4152.801 5062.558
1.164 4689.595 4159.175 5068.053
1.166 4694.791 4165.448 5073.344
1.167 4699.968 4171.801 5078.714
1.168 4705.126 4178.163 5084.15
1.17 4710.265 4184.361 5089.485
1.171 4715.385 4190.488 5094.834
1.172 4720.488 4196.652 5100.166
1.174 4725.573 4202.709 5105.504
1.175 4730.64 4208.726 5110.814
1.176 4735.69 4214.651 5116.146
1.178 4740.722 4220.679 5121.447
1.179 4745.738 4226.75 5126.747
1.181 4750.737 4232.728 5132.081
1.182 4755.719 4238.705 5137.41
1.183 4760.686 4244.719 5142.691
1.185 4765.636 4250.69 5147.897
1.186 4770.57 4256.525 5153.118
1.188 4775.489 4262.388 5158.386
1.189 4780.392 4268.201 5163.55
1.19 4785.28 4274.073 5168.702
1.192 4790.153 4280.017 5173.848
1.193 4795.011 4285.864 5179.041
1.195 4799.854 4291.751 5184.185
1.196 4804.683 4297.44 5189.196
1.198 4809.497 4303.055 5194.29
1.199 4814.298 4308.797 5199.437
1.2 4819.084 4314.444 5204.559
1.202 4823.857 4320.038 5209.675
1.203 4828.616 4325.572 5214.65
1.205 4833.362 4331.169 5219.723
1.206 4838.094 4336.754 5224.757
1.208 4842.813 4342.343 5229.847
1.209 4847.52 4347.869 5234.953
1.211 4852.213 4353.433 5239.956
1.212 4856.894 4358.891 5244.97
1.214 4861.563 4364.52 5250.04
1.215 4866.219 4369.92 5254.993
1.217 4870.863 4375.33 5259.955
1.218 4875.494 4380.796 5264.887
1.22 4880.114 4386.189 5269.922
1.221 4884.723 4391.559 5274.842
1.222 4889.319 4396.954 5279.817
1.224 4893.904 4402.32 5284.739
1.225 4898.478 4407.807 5289.706
1.227 4903.04 4413.091 5294.546
1.229 4907.592 4418.361 5299.541
1.23 4912.132 4423.67 5304.487
1.232 4916.662 4429.046 5309.286
1.233 4921.181 4434.327 5314.143
1.235 4925.689 4439.52 5319.058
1.236 4930.187 4444.672 5323.86
1.238 4934.675 4449.758 5328.688
1.239 4939.152 4454.909 5333.614
1.241 4943.62 4460.09 5338.471
1.242 4948.077 4465.199 5343.314
1.244 4952.524 4470.24 5348.165
1.245 4956.962 4475.316 5353.017
1.247 4961.39 4480.368 5357.846
1.248 4965.809 4485.35 5362.629
1.25 4970.218 4490.423 5367.357
1.252 4974.618 4495.393 5372.198
1.253 4979.008 4500.424 5376.995
1.255 4983.39 4505.305 5381.734
1.256 4987.762 4510.307 5386.439
1.258 4992.126 4515.293 5391.224
1.259 4996.48 4520.226 5395.922
1.261 5000.826 4525.212 5400.625
1.263 5005.164 4530.199 5405.417
1.264 5009.493 4535.063 5410.139
1.266 5013.813 4540.058 5414.938
1.267 5018.125 4544.957 5419.707
1.269 5022.429 4549.936 5424.391
1.271 5026.725 4554.756 5429.104
1.272 5031.012 4559.647 5433.755
1.274 5035.292 4564.532 5438.485
1.276 5039.564 4569.269 5443.221
1.277 5043.828 4574.188 5447.976
1.279 5048.084 4578.986 5452.611
1.28 5052.333 4583.893 5457.249
1.282 5056.574 4588.653 5461.873
1.284 5060.808 4593.371 5466.496
1.285 5065.035 4598.165 5471.115
1.287 5069.254 4602.851 5475.737
1.289 5073.466 4607.667 5480.392
1.29 5077.67 4612.237 5485.029
1.292 5081.868 4616.976 5489.762
1.294 5086.059 4621.841 5494.411
1.295 5090.243 4626.623 5499.003
1.297 5094.42 4631.321 5503.686
1.299 5098.59 4635.883 5508.288
1.3 5102.753 4640.581 5512.931
1.302 5106.91 4645.127 5517.502
1.304 5111.061 4649.855 5522.144
1.305 5115.205 4654.461 5526.719
1.307 5119.342 4659.111 5531.296
1.309 5123.474 4663.795 5535.862
1.311 5127.599 4668.302 5540.407
1.312 5131.718 4672.969 5545.055
1.314 5135.83 4677.484 5549.591
1.316 5139.937 4681.926 5554.114
1.318 5144.038 4686.517 5558.683
1.319 5148.133 4691.171 5563.269
1.321 5152.222 4695.59 5567.854
1.323 5156.305 4700.092 5572.395
1.325 5160.382 4704.566 5576.936
1.326 5164.454 4709.156 5581.453
1.328 5168.52 4713.7 5586.036
1.33 5172.581 4718.2 5590.514
1.332 5176.636 4722.749 5595.044
1.333 5180.686 4727.217 5599.541
1.335 5184.731 4731.662 5604.123
1.337 5188.77 4736.179 5608.635
1.339 5192.804 4740.645 5613.079
1.34 5196.833 4744.958 5617.556
1.342 5200.856 4749.311 5622.127
1.344 5204.875 4753.86 5626.652
1.346 5208.888 4758.238 5631.087
1.348 5212.897 4762.622 5635.661
1.35 5216.901 4767.017 5640.107
1.351 5220.9 4771.401 5644.598
1.353 5224.894 4775.71 5649.167
1.355 5228.883 4780.067 5653.681
1.357 5232.868 4784.341 5658.243
1.359 5236.848 4788.559 5662.766
1.361 5240.824 4792.956 5667.211
1.362 5244.795 4797.45 5671.773
1.364 5248.762 4801.858 5676.3
1.366 5252.724 4806.208 5680.762
1.368 5256.682 4810.553 5685.274
1.37 5260.635 4814.788 5689.716
1.372 5264.585 4819.028 5694.097
1.374 5268.53 4823.284 5698.554
1.376 5272.471 4827.599 5703.015
1.377 5276.407 4831.874 5707.482
1.379 5280.34 4836.095 5711.822
1.381 5284.269 4840.285 5716.281
1.383 5288.194 4844.409 5720.756
1.385 5292.114 4848.616 5725.241
1.387 5296.031 4852.903 5729.6
1.389 5299.944 4857.102 5733.958
1.391 5303.854 4861.245 5738.342
1.393 5307.759 4865.37 5742.704
1.395 5311.661 4869.584 5747.125
1.397 5315.56 4873.749 5751.481
1.399 5319.454 4877.957 5755.912
1.401 5323.345 4882.132 5760.268
1.403 5327.233 4886.204 5764.649
1.404 5331.117 4890.456 5769.093
1.406 5334.998 4894.626 5773.562
1.408 5338.875 4898.675 5777.986
1.41 5342.749 4902.81 5782.414
1.412 5346.62 4907.014 5786.832
1.414 5350.487 4911.131 5791.249
1.416 5354.351 4915.264 5795.673
1.418 5358.212 4919.427 5799.944
1.42 5362.07 4923.511 5804.349
1.422 5365.925 4927.507 5808.677
1.425 5369.777 4931.582 5813.014
1.427 5373.626 4935.664 5817.447
1.429 5377.471 4939.706 5821.794
1.431 5381.314 4943.83 5826.167
1.433 5385.154 4947.955 5830.58
1.435 5388.991 4952.083 5834.976
1.437 5392.825 4956.168 5839.312
1.439 5396.657 4960.258 5843.744
1.441 5400.486 4964.299 5848.07
1.443 5404.312 4968.363 5852.438
1.445 5408.135 4972.403 5856.79
1.447 5411.956 4976.497 5861.134
1.449 5415.774 4980.539 5865.495
1.451 5419.589 4984.618 5869.912
1.453 5423.402 4988.651 5874.323
1.456 5427.213 4992.793 5878.701
1.458 5431.021 4996.804 5883.025
1.46 5434.827 5000.907 5887.352
1.462 5438.63 5004.949 5891.726
1.464 5442.431 5008.947 5896.018
1.466 5446.23 5013.05 5900.395
1.468 5450.026 5017.124 5904.763
1.471 5453.821 5021.242 5909.147
1.473 5457.613 5025.244 5913.494
1.475 5461.403 5029.211 5917.833
1.477 5465.19 5033.088 5922.162
1.479 5468.976 5037.023 5926.589
1.481 5472.76 5040.96 5931.003
1.484 5476.541 5044.956 5935.368
1.486 5480.321 5048.976 5939.658
1.488 5484.098 5053.021 5944.014
1.49 5487.874 5057.014 5948.328
1.493 5491.648 5060.977 5952.672
1.495 5495.42 5064.923 5956.998
1.497 5499.19 5068.913 5961.344
1.499 5502.958 5072.804 5965.713
1.502 5506.725 5076.73 5970.139
1.504 5510.49 5080.697 5974.454
1.506 5514.253 5084.666 5978.77
1.508 5518.014 5088.58 5983.016
1.511 5521.774 5092.594 5987.325
1.513 5525.532 5096.481 5991.627
1.515 5529.289 5100.307 5995.858
1.517 5533.044 5104.194 6000.264
1.52 5536.798 5108.079 6004.609
1.522 5540.55 5112.025 6008.943
1.524 5544.3 5115.901 6013.283
1.527 5548.05 5119.78 6017.626
1.529 5551.797 5123.713 6021.958
1.531 5555.544 5127.556 6026.314
1.534 5559.289 5131.538 6030.655
1.536 5563.033 5135.498 6035.035
1.538 5566.776 5139.381 6039.369
1.541 5570.517 5143.296 6043.734
1.543 5574.257 5147.14 6048.01
1.546 5577.996 5151.129 6052.254
1.548 5581.734 5155.005 6056.586
1.55 5585.471 5158.961 6060.946
1.553 5589.206 5162.848 6065.316
1.555 5592.941 5166.764 6069.663
1.558 5596.674 5170.617 6074.056
1.56 5600.407 5174.504 6078.429
1.563 5604.138 5178.323 6082.785
1.565 5607.869 5182.151 6087.057
1.567 5611.599 5186.149 6091.417
1.57 5615.327 5190.006 6095.806
1.572 5619.055 5193.871 6100.207
1.575 5622.782 5197.815 6104.559
1.577 5626.509 5201.798 6108.896
1.58 5630.234 5205.577 6113.183
1.582 5633.959 5209.466 6117.547
1.585 5637.683 5213.312 6121.778
1.587 5641.406 5217.087 6126.073
1.59 5645.129 5220.936 6130.403
1.592 5648.851 5224.75 6134.731
1.595 5652.573 5228.536 6138.973
1.597 5656.293 5232.357 6143.342
1.6 5660.014 5236.202 6147.733
1.603 5663.733 5239.988 6152.137
1.605 5667.453 5243.886 6156.331
1.608 5671.171 5247.741 6160.698
1.61 5674.89 5251.64 6164.99
1.613 5678.608 5255.461 6169.268
1.616 5682.325 5259.312 6173.609
1.618 5686.042 5263.111 6177.883
1.621 5689.759 5266.984 6182.3
1.623 5693.475 5270.855 6186.613
1.626 5697.192 5274.692 6190.919
1.629 5700.908 5278.501 6195.299
1.631 5704.623 5282.321 6199.541
1.634 5708.339 5286.171 6203.892
1.637 5712.054 5289.952 6208.22
1.639 5715.769 5293.674 6212.612
1.642 5719.484 5297.512 6216.912
1.645 5723.199 5301.408 6221.244
1.647 5726.914 5305.238 6225.579
1.65 5730.628 5309.045 6229.921
1.653 5734.343 5312.905 6234.325
1.656 5738.058 5316.645 6238.699
1.658 5741.772 5320.372 6242.993
1.661 5745.487 5324.258 6247.417
1.664 5749.202 5328.105 6251.72
1.667 5752.917 5331.935 6256.027
1.669 5756.632 5335.694 6260.393
1.672 5760.347 5339.423 6264.71
1.675 5764.062 5343.188 6269.052
1.678 5767.778 5346.849 6273.462
1.681 5771.494 5350.683 6277.768
1.684 5775.21 5354.566 6282.114
1.686 5778.926 5358.387 6286.456
1.689 5782.643 5362.152 6290.876
1.692 5786.36 5366.051 6295.334
1.695 5790.077 5369.91 6299.723
1.698 5793.794 5373.723 6304.069
1.701 5797.513 5377.439 6308.502
1.704 5801.231 5381.252 6312.823
1.706 5804.95 5385.039 6317.171
1.709 5808.669 5388.869 6321.554
1.712 5812.389 5392.63 6325.93
1.715 5816.11 5396.404 6330.345
1.718 5819.83 5400.238 6334.765
1.721 5823.552 5404.023 6339.124
1.724 5827.274 5407.766 6343.511
1.727 5830.997 5411.448 6347.921
1.73 5834.72 5415.267 6352.311
1.733 5838.444 5419.055 6356.731
1.736 5842.169 5422.799 6361.134
1.739 5845.895 5426.597 6365.554
1.742 5849.621 5430.287 6369.901
1.745 5853.348 5434.021 6374.222
1.748 5857.075 5437.735 6378.568
1.751 5860.804 5441.582 6382.944
1.754 5864.533 5445.384 6387.334
1.757 5868.264 5449.262 6391.742
1.761 5871.995 5452.955 6396.151
1.764 5875.727 5456.777 6400.54
1.767 5879.46 5460.619 6404.898
1.77 5883.194 5464.507 6409.324
1.773 5886.929 5468.272 6413.716
1.776 5890.665 5472.093 6418.197
1.779 5894.402 5475.862 6422.551
1.783 5898.14 5479.595 6426.976
1.786 5901.879 5483.338 6431.444
1.789 5905.62 5487.24 6435.867
1.792 5909.361 5491.088 6440.378
1.795 5913.104 5494.883 6444.816
1.799 5916.848 5498.649 6449.218
1.802 5920.593 5502.406 6453.65
1.805 5924.339 5506.208 6458.078
1.808 5928.086 5510.007 6462.548
1.812 5931.835 5513.887 6467.012
1.815 5935.585 5517.664 6471.461
1.818 5939.337 5521.483 6475.831
1.821 5943.089 5525.226 6480.262
1.825 5946.843 5529.12 6484.729
1.828 5950.599 5532.89 6489.167
1.832 5954.356 5536.702 6493.642
1.835 5958.114 5540.49 6498.103
1.838 5961.874 5544.325 6502.678
1.842 5965.636 5548.144 6507.187
1.845 5969.399 5551.992 6511.686
1.848 5973.163 5555.836 6516.191
1.852 5976.929 5559.691 6520.717
1.855 5980.697 5563.505 6525.111
1.859 5984.466 5567.281 6529.584
1.862 5988.237 5571.114 6534.068
1.866 5992.01 5574.995 6538.572
1.869 5995.784 5578.844 6543.044
1.873 5999.56 5582.684 6547.49
1.876 6003.338 5586.434 6551.992
1.88 6007.117 5590.31 6556.424
1.883 6010.899 5594.157 6560.957
1.887 6014.682 5597.932 6565.468
1.89 6018.467 5601.766 6569.925
1.894 6022.254 5605.668 6574.492
1.898 6026.043 5609.48 6578.975
1.901 6029.833 5613.47 6583.459
1.905 6033.626 5617.301 6587.99
1.908 6037.421 5621.151 6592.463
1.912 6041.217 5625.009 6596.999
1.916 6045.016 5628.846 6601.572
1.919 6048.817 5632.647 6606.117
1.923 6052.619 5636.456 6610.594
1.927 6056.424 5640.322 6615.068
1.931 6060.231 5644.199 6619.618
1.934 6064.04 5648.088 6624.076
1.938 6067.852 5651.902 6628.604
1.942 6071.665 5655.82 6633.138
1.946 6075.481 5659.715 6637.666
1.949 6079.299 5663.574 6642.26
1.953 6083.119 5667.546 6646.87
1.957 6086.942 5671.477 6651.482
1.961 6090.767 5675.352 6656.05
1.965 6094.594 5679.212 6660.664
1.969 6098.424 5683.109 6665.206
1.972 6102.256 5686.988 6669.839
1.976 6106.09 5690.942 6674.416
1.98 6109.927 5694.829 6678.917
1.984 6113.766 5698.684 6683.489
1.988 6117.608 5702.572 6688.153
1.992 6121.453 5706.487 6692.828
1.996 6125.3 5710.373 6697.381
2 6129.149 5714.182 6701.891
2.004 6133.001 5718.152 6706.56
2.008 6136.856 5722.089 6711.215
2.012 6140.714 5725.912 6715.881
2.016 6144.574 5729.816 6720.529
2.02 6148.437 5733.709 6725.253
2.024 6152.303 5737.642 6729.905
2.028 6156.171 5741.635 6734.608
2.033 6160.042 5745.526 6739.28
2.037 6163.916 5749.423 6743.982
2.041 6167.793 5753.411 6748.715
2.045 6171.673 5757.412 6753.378
2.049 6175.556 5761.38 6758.098
2.053 6179.441 5765.213 6762.712
2.058 6183.33 5769.122 6767.402
2.062 6187.221 5773.005 6772.077
2.066 6191.116 5776.979 6776.819
2.07 6195.014 5780.891 6781.55
2.075 6198.914 5784.743 6786.354
2.079 6202.818 5788.685 6791.133
2.083 6206.725 5792.65 6795.895
2.088 6210.635 5796.548 6800.593
2.092 6214.549 5800.49 6805.385
2.096 6218.465 5804.406 6810.107
2.101 6222.385 5808.424 6814.906
2.105 6226.308 5812.35 6819.573
2.11 6230.234 5816.341 6824.313
2.114 6234.164 5820.296 6829.02
2.119 6238.096 5824.312 6833.77
2.123 6242.033 5828.232 6838.551
2.128 6245.973 5832.202 6843.395
2.132 6249.916 5836.183 6848.158
2.137 6253.862 5840.149 6853.017
2.141 6257.812 5844.237 6857.751
2.146 6261.766 5848.213 6862.443
2.151 6265.723 5852.244 6867.214
2.155 6269.684 5856.31 6871.922
2.16 6273.649 5860.285 6876.714
2.165 6277.617 5864.198 6881.583
2.169 6281.588 5868.182 6886.434
2.174 6285.564 5872.168 6891.226
2.179 6289.543 5876.153 6896.013
2.183 6293.526 5880.185 6900.839
2.188 6297.512 5884.206 6905.691
2.193 6301.503 5888.236 6910.518
2.198 6305.497 5892.264 6915.352
2.203 6309.496 5896.349 6920.205
2.208 6313.498 5900.385 6925.116
2.212 6317.504 5904.452 6930.008
2.217 6321.514 5908.573 6934.926
2.222 6325.528 5912.579 6939.709
2.227 6329.546 5916.63 6944.591
2.232 6333.568 5920.679 6949.321
2.237 6337.595 5924.681 6954.13
2.242 6341.625 5928.732 6958.998
2.247 6345.66 5932.774 6963.95
2.252 6349.698 5936.875 6968.93
2.257 6353.741 5941.021 6973.854
2.262 6357.789 5945.126 6978.779
2.268 6361.84 5949.183 6983.731
2.273 6365.896 5953.316 6988.617
2.278 6369.956 5957.364 6993.61
2.283 6374.021 5961.485 6998.635
2.288 6378.09 5965.667 7003.649
2.294 6382.163 5969.765 7008.665
2.299 6386.241 5973.891 7013.699
2.304 6390.324 5977.919 7018.716
2.309 6394.411 5981.986 7023.705
2.315 6398.503 5986.095 7028.696
2.32 6402.599 5990.264 7033.81
2.326 6406.7 5994.381 7038.732
2.331 6410.805 5998.539 7043.814
2.336 6414.916 6002.64 7048.95
2.342 6419.031 6006.77 7053.996
2.347 6423.151 6010.968 7058.939
2.353 6427.275 6015.062 7063.993
2.358 6431.405 6019.281 7069.163
2.364 6435.539 6023.45 7074.263
2.37 6439.679 6027.675 7079.285
2.375 6443.823 6031.848 7084.358
2.381 6447.972 6036.014 7089.417
2.387 6452.127 6040.217 7094.478
2.392 6456.286 6044.432 7099.521
2.398 6460.451 6048.655 7104.629
2.404 6464.621 6052.854 7109.747
2.41 6468.796 6056.953 7114.905
2.415 6472.976 6061.167 7120.104
2.421 6477.161 6065.376 7125.282
2.427 6481.352 6069.577 7130.56
2.433 6485.548 6073.765 7135.664
2.439 6489.749 6077.827 7140.685
2.445 6493.956 6082.057 7145.763
2.451 6498.168 6086.274 7150.949
2.457 6502.386 6090.435 7156.165
2.463 6506.61 6094.758 7161.335
2.469 6510.838 6098.993 7166.556
2.475 6515.073 6103.224 7171.89
2.481 6519.313 6107.352 7177.117
2.488 6523.559 6111.625 7182.378
2.494 6527.81 6115.99 7187.53
2.5 6532.068 6120.311 7192.815
2.506 6536.331 6124.582 7198.138
2.513 6540.6 6128.826 7203.377
2.519 6544.874 6133.112 7208.583
2.525 6549.155 6137.417 7213.844
2.532 6553.442 6141.845 7219.095
2.538 6557.734 6146.152 7224.434
2.545 6562.033 6150.439 7229.748
2.551 6566.338 6154.749 7234.981
2.558 6570.649 6159.079 7240.369
2.564 6574.966 6163.331 7245.762
2.571 6579.29 6167.706 7251.06
2.577 6583.619 6172.123 7256.356
2.584 6587.955 6176.467 7261.781
2.591 6592.297 6180.789 7267.112
2.597 6596.646 6185.213 7272.471
2.604 6601.001 6189.665 7277.807
2.611 6605.363 6194.032 7283.264
2.618 6609.731 6198.438 7288.656
2.625 6614.106 6202.863 7294.036
2.632 6618.487 6207.296 7299.571
2.639 6622.875 6211.685 7305.107
2.646 6627.27 6216.141 7310.543
2.653 6631.671 6220.573 7316.158
2.66 6636.079 6225.034 7321.627
2.667 6640.494 6229.535 7327.148
2.674 6644.916 6233.986 7332.638
2.681 6649.345 6238.522 7338.121
2.688 6653.781 6242.97 7343.653
2.695 6658.224 6247.393 7349.163
2.703 6662.674 6251.869 7354.734
2.71 6667.131 6256.393 7360.265
2.717 6671.595 6260.845 7365.863
2.725 6676.067 6265.299 7371.418
2.732 6680.546 6269.717 7376.958
2.74 6685.032 6274.33 7382.479
2.747 6689.526 6278.873 7388.068
2.755 6694.027 6283.318 7393.629
2.762 6698.535 6287.763 7399.354
2.77 6703.051 6292.37 7404.92
2.778 6707.575 6296.932 7410.633
2.786 6712.106 6301.538 7416.201
2.793 6716.645 6306.149 7421.803
2.801 6721.192 6310.801 7427.56
2.809 6725.746 6315.407 7433.265
2.817 6730.308 6319.866 7439.061
2.825 6734.879 6324.438 7444.882
2.833 6739.457 6329.061 7450.617
2.841 6744.043 6333.598 7456.382
2.849 6748.637 6338.216 7462.246
2.857 6753.24 6342.91 7468.099
2.865 6757.85 6347.585 7473.874
2.874 6762.469 6352.165 7479.726
2.882 6767.096 6356.733 7485.471
2.89 6771.732 6361.404 7491.17
2.899 6776.376 6366.067 7497.071
2.907 6781.028 6370.691 7502.953
2.915 6785.689 6375.409 7508.782
2.924 6790.359 6380.071 7514.683
2.933 6795.037 6384.748 7520.624
2.941 6799.724 6389.593 7526.717
2.95 6804.419 6394.328 7532.717
2.959 6809.124 6399.185 7538.546
2.967 6813.837 6403.929 7544.528
2.976 6818.559 6408.706 7550.498
2.985 6823.291 6413.408 7556.452
2.994 6828.031 6418.171 7562.469
3.003 6832.781 6422.796 7568.548
3.012 6837.54 6427.514 7574.504
3.021 6842.308 6432.337 7580.653
3.03 6847.085 6437.103 7586.701
3.04 6851.872 6441.911 7592.648
3.049 6856.668 6446.844 7598.83
3.058 6861.474 6451.69 7605.047
3.067 6866.289 6456.468 7611.214
3.077 6871.115 6461.325 7617.451
3.086 6875.949 6466.208 7623.693
3.096 6880.794 6471.104 7629.865
3.106 6885.649 6476.039 7636.073
3.115 6890.513 6480.848 7642.183
3.125 6895.388 6485.745 7648.421
3.135 6900.272 6490.577 7654.685
3.145 6905.167 6495.44 7661.02
3.155 6910.072 6500.33 7667.338
3.165 6914.987 6505.273 7673.746
3.175 6919.913 6510.179 7680.062
3.185 6924.849 6515.151 7686.271
3.195 6929.796 6520.071 7692.561
3.205 6934.753 6525.019 7698.889
3.215 6939.721 6530.015 7705.27
3.226 6944.7 6535.036 7711.563
3.236 6949.69 6540.017 7718.011
3.247 6954.691 6544.99 7724.268
3.257 6959.702 6549.989 7730.596
3.268 6964.725 6555.03 7737.113
3.279 6969.759 6560.107 7743.566
3.289 6974.804 6565.15 7749.946
3.3 6979.86 6570.203 7756.388
3.311 6984.928 6575.234 7762.863
3.322 6990.007 6580.214 7769.389
3.333 6995.098 6585.265 7775.982
3.344 7000.201 6590.326 7782.516
3.356 7005.315 6595.406 7789.021
3.367 7010.442 6600.585 7795.609
3.378 7015.58 6605.668 7802.228
3.39 7020.73 6610.804 7808.802
3.401 7025.892 6615.925 7815.323
3.413 7031.066 6621.187 7822.257
3.425 7036.253 6626.34 7828.932
3.436 7041.452 6631.551 7835.718
3.448 7046.664 6636.774 7842.453
3.46 7051.888 6641.94 7849.095
3.472 7057.125 6647.201 7855.733
3.484 7062.375 6652.457 7862.612
3.497 7067.637 6657.687 7869.483
3.509 7072.912 6662.769 7876.389
3.521 7078.201 6668.011 7883.382
3.534 7083.503 6673.344 7890.18
3.546 7088.817 6678.723 7897.124
3.559 7094.146 6683.981 7904.128
3.571 7099.487 6689.359 7910.975
3.584 7104.843 6694.83 7917.926
3.597 7110.211 6700.27 7924.903
3.61 7115.594 6705.661 7931.87
3.623 7120.991 6711.041 7938.808
3.636 7126.401 6716.381 7946.034
3.65 7131.826 6721.781 7953.142
3.663 7137.265 6727.188 7960.3
3.676 7142.718 6732.659 7967.41
3.69 7148.186 6738.03 7974.584
3.704 7153.668 6743.499 7981.636
3.717 7159.165 6748.996 7988.966
3.731 7164.676 6754.383 7996.118
3.745 7170.203 6759.881 8003.373
3.759 7175.744 6765.265 8010.672
3.774 7181.301 6770.786 8017.966
3.788 7186.873 6776.394 8025.317
3.802 7192.46 6781.873 8032.7
3.817 7198.063 6787.431 8040.33
3.831 7203.681 6792.988 8047.676
3.846 7209.315 6798.55 8055.132
3.861 7214.965 6804.192 8062.565
3.876 7220.632 6809.723 8070.094
3.891 7226.314 6815.436 8077.819
3.906 7232.012 6821.106 8085.428
3.922 7237.727 6826.942 8093.024
3.937 7243.459 6832.617 8100.382
3.953 7249.207 6838.319 8108.049
3.968 7254.972 6844.097 8115.797
3.984 7260.753 6849.843 8123.632
4 7266.552 6855.726 8131.311
4.016 7272.369 6861.52 8139.078
4.032 7278.202 6867.334 8146.729
4.049 7284.053 6873.108 8154.416
4.065 7289.922 6878.994 8162.316
4.082 7295.809 6884.796 8170.376
4.098 7301.713 6890.634 8178.42
4.115 7307.636 6896.488 8186.381
4.132 7313.577 6902.359 8194.308
4.149 7319.537 6908.269 8202.532
4.167 7325.515 6914.166 8210.605
4.184 7331.512 6920.28 8218.761
4.202 7337.528 6926.335 8227.087
4.219 7343.563 6932.383 8235.351
4.237 7349.617 6938.432 8243.568
4.255 7355.69 6944.555 8251.767
4.274 7361.784 6950.641 8260.105
4.292 7367.897 6956.668 8268.477
4.31 7374.03 6962.676 8276.818
4.329 7380.183 6968.735 8285.263
4.348 7386.356 6974.879 8293.5
4.367 7392.55 6981.15 8301.934
4.386 7398.765 6987.342 8310.286
4.405 7405 6993.531 8318.883
4.425 7411.257 6999.708 8327.562
4.444 7417.534 7005.763 8336.242
4.464 7423.834 7012.051 8344.823
4.484 7430.154 7018.176 8353.701
4.505 7436.497 7024.338 8362.459
4.525 7442.862 7030.567 8371.051
4.545 7449.249 7036.827 8379.859
4.566 7455.658 7043.077 8388.775
4.587 7462.09 7049.273 8397.613
4.608 7468.545 7055.536 8406.53
4.63 7475.023 7061.959 8415.45
4.651 7481.524 7068.352 8424.457
4.673 7488.049 7074.95 8433.512
4.695 7494.597 7081.389 8442.669
4.717 7501.17 7087.793 8452.059
4.739 7507.766 7094.248 8461.175
4.762 7514.388 7100.847 8470.266
4.785 7521.033 7107.409 8479.407
4.808 7527.704 7113.944 8488.638
4.831 7534.4 7120.461 8498.138
4.854 7541.121 7127.007 8507.802
4.878 7547.868 7133.7 8517.426
4.902 7554.641 7140.405 8526.956
4.926 7561.44 7147.025 8536.472
4.95 7568.265 7153.611 8546.135
4.975 7575.117 7160.31 8555.735
5 7581.996 7167.107 8565.514
5.025 7588.903 7174.023 8575.231
5.051 7595.836 7180.718 8585.031
5.076 7602.798 7187.528 8594.83
5.102 7609.787 7194.461 8604.648
5.128 7616.805 7201.406 8614.828
5.155 7623.852 7208.296 8624.826
5.181 7630.928 7215.266 8634.853
5.208 7638.032 7222.15 8645.083
5.236 7645.167 7229.116 8655.335
5.263 7652.331 7236.093 8665.611
5.291 7659.525 7243.157 8675.773
5.319 7666.75 7250.167 8686.197
5.348 7674.006 7257.307 8696.72
5.376 7681.293 7264.404 8707.14
5.405 7688.611 7271.612 8717.929
5.435 7695.962 7278.81 8728.591
5.464 7703.344 7286.062 8739.272
5.495 7710.759 7293.358 8749.922
5.525 7718.207 7300.706 8760.511
5.556 7725.688 7308.087 8771.536
5.587 7733.203 7315.476 8782.58
5.618 7740.751 7322.958 8793.633
5.65 7748.335 7330.348 8804.626
5.682 7755.952 7337.882 8815.744
5.714 7763.606 7345.319 8826.93
5.747 7771.294 7352.794 8838.186
5.78 7779.019 7360.305 8849.578
5.814 7786.78 7367.807 8860.965
5.848 7794.578 7375.425 8872.532
5.882 7802.413 7383.178 8884.197
5.917 7810.285 7390.958 8895.791
5.952 7818.196 7398.633 8907.339
5.988 7826.146 7406.384 8919.099
6.024 7834.134 7414.079 8931.035
6.061 7842.162 7421.839 8942.986
6.098 7850.23 7429.659 8955.057
6.135 7858.339 7437.601 8967.141
6.173 7866.488 7445.656 8979.676
6.211 7874.679 7453.678 8991.716
6.25 7882.912 7461.752 9004.336
6.289 7891.187 7469.841 9016.73
6.329 7899.505 7477.992 9029.265
6.369 7907.867 7486.232 9041.961
6.41 7916.273 7494.337 9054.499
6.452 7924.724 7502.549 9067.366
6.494 7933.22 7510.708 9080.09
6.536 7941.762 7519.027 9093.013
6.579 7950.35 7527.339 9105.938
6.623 7958.985 7535.68 9119.333
6.667 7967.668 7544.124 9132.408
6.711 7976.399 7552.658 9145.686
6.757 7985.179 7561.172 9158.906
6.803 7994.008 7569.54 9172.811
6.849 8002.888 7577.957 9186.542
6.897 8011.819 7586.694 9200.272
6.944 8020.801 7595.415 9214.455
6.993 8029.836 7604.011 9228.243
7.042 8038.923 7612.652 9242.434
7.092 8048.065 7621.458 9256.863
7.143 8057.261 7630.362 9271.27
7.194 8066.512 7639.244 9286.006
7.246 8075.819 7648.184 9300.742
7.299 8085.183 7657.221 9315.535
7.353 8094.605 7666.244 9330.669
7.407 8104.085 7675.361 9345.612
7.463 8113.625 7684.481 9360.826
7.519 8123.225 7693.679 9376.345
7.576 8132.886 7702.95 9391.672
7.634 8142.609 7712.286 9407.031
7.692 8152.395 7721.68 9422.617
7.752 8162.246 7730.927 9438.31
7.812 8172.161 7740.486 9454.169
7.874 8182.141 7749.96 9470.449
7.937 8192.189 7759.539 9486.971
8 8202.305 7769.027 9503.466
8.065 8212.49 7778.761 9519.81
8.13 8222.745 7788.549 9536.309
8.197 8233.071 7798.373 9553.206
8.264 8243.47 7808.34 9570.445
8.333 8253.942 7818.238 9587.838
8.403 8264.489 7828.288 9605.096
8.475 8275.112 7838.251 9622.616
8.547 8285.813 7848.358 9640.214
8.621 8296.592 7858.55 9658.103
8.696 8307.45 7868.841 9675.828
8.772 8318.391 7879.269 9694.225
8.85 8329.413 7889.813 9712.442
8.929 8340.52 7900.176 9730.79
9.009 8351.713 7910.769 9749.484
9.091 8362.992 7921.343 9768.647
9.174 8374.36 7932.102 9787.561
9.259 8385.819 7942.954 9806.919
9.346 8397.369 7953.638 9826.384
9.434 8409.013 7964.447 9846.17
9.524 8420.752 7975.62 9866.367
9.615 8432.588 7986.61 9886.549
9.709 8444.523 7997.696 9907.127
9.804 8456.558 8008.942 9927.999
9.901 8468.697 8020.283 9948.992
10 8480.94 8031.771 9970.277
10.101 8493.289 8043.342 9991.785
10.204 8505.748 8055.024 10013.739
10.309 8518.317 8066.702 10036.314
10.417 8531 8078.562 10058.493
10.526 8543.799 8090.45 10080.627
10.638 8556.715 8102.428 10103.386
10.753 8569.751 8114.414 10126.408
10.87 8582.911 8126.643 10149.961
10.989 8596.196 8138.884 10173.862
11.111 8609.609 8151.369 10198.05
11.236 8623.153 8163.826 10222.54
11.364 8636.831 8176.445 10247.31
11.494 8650.646 8189.27 10272.225
11.628 8664.601 8202.123 10297.815
11.765 8678.699 8215.086 10323.772
11.905 8692.943 8228.216 10349.724
12.048 8707.337 8241.418 10376.164
12.195 8721.884 8254.805 10402.512
12.346 8736.588 8268.184 10429.839
12.5 8751.453 8281.913 10456.827
12.658 8766.483 8295.664 10484.628
12.821 8781.681 8309.22 10512.348
12.987 8797.052 8323.166 10540.62
13.158 8812.601 8337.447 10570.13
13.333 8828.331 8351.603 10600.285
13.514 8844.248 8365.941 10630.464
13.699 8860.356 8380.573 10660.806
13.889 8876.661 8395.327 10692.018
14.085 8893.168 8410.372 10723.509
14.286 8909.883 8425.215 10756.093
14.493 8926.811 8440.548 10788.789
14.706 8943.958 8456.074 10822.105
14.925 8961.331 8471.639 10855.696
15.152 8978.935 8487.645 10890.216
15.385 8996.779 8503.725 10924.846
15.625 9014.869 8519.634 10960.437
15.873 9033.213 8536.032 10996.737
16.129 9051.819 8552.877 11033.799
16.393 9070.694 8569.513 11071.947
16.667 9089.847 8586.664 11111.076
16.949 9109.288 8603.92 11150.464
17.241 9129.027 8621.363 11190.322
17.544 9149.072 8639.196 11231.49
17.857 9169.434 8657.036 11273.396
18.182 9190.125 8675.181 11316.077
18.519 9211.156 8693.513 11359.495
18.868 9232.54 8712.448 11404.506
19.231 9254.289 8731.647 11450.173
19.608 9276.418 8750.72 11496.919
20 9298.94 8770.053 11544.488
20.408 9321.871 8789.833 11593.726
20.833 9345.227 8810.067 11643.517
21.277 9369.026 8830.422 11694.958
21.739 9393.286 8851.302 11747.046
22.222 9418.027 8872.302 11801.511
22.727 9443.269 8893.627 11856.103
23.256 9469.035 8915.852 11912.529
23.81 9495.348 8938.548 11970.033
24.39 9522.235 8961.132 12031.406
25 9549.722 8984.397 12092.632
25.641 9577.838 9008.342 12156.227
26.316 9606.616 9032.727 12222.537
27.027 9636.089 9057.3 12291.676
27.778 9666.293 9082.714 12361.818
28.571 9697.27 9108.393 12434.459
29.412 9729.062 9134.586 12509.385
30.303 9761.716 9161.51 12587.077
31.25 9795.282 9189.021 12667.534
32.258 9829.818 9217.303 12751.023
33.333 9865.384 9246.421 12837.435
34.483 9902.048 9276.312 12927.398
35.714 9939.884 9307.081 13021.56
37.037 9978.974 9338.323 13120.797
38.462 10019.409 9370.976 13223.209
40 10061.292 9404.031 13329.073
41.667 10104.735 9438.465 13441.076
43.478 10149.868 9474.181 13558.726
45.455 10196.834 9510.739 13681.8
47.619 10245.799 9548.793 13812.045
50 10296.95 9588.314 13949.321
52.632 10350.503 9629.46 14096.959
55.556 10406.709 9672.244 14253.689
58.824 10465.859 9717.285 14421.145
62.5 10528.298 9764.674 14600.809
66.667 10594.434 9814.358 14794.277
71.429 10664.758 9866.83 15002.986
76.923 10739.869 9921.78 15227.472
83.333 10820.504 9979.785 15477.212
90.909 10907.588 10041.765 15747.402
100 11002.305 10108.543 16052.095
111.111 11106.203 10179.999 16398.787
125 11221.363 10258.785 16792.452
142.857 11350.68 10345.386 17248.576
166.667 11498.353 10440.963 17789.802
200 11670.826 10551.156 18443.594
250 11878.757 10680.608 19271.854
333.333 12141.821 10835.784 20393.406
500 12503.299 11038.359 22075.787
1000 13097.093 11342.806 25248.463
1111.111 13184.772 11385.713 25768.68
1250 13282.002 11431.768 26358.377
1428.571 13391.238 11483.431 27046.896
1666.667 13516.041 11540.282 27859.609
2000 13661.874 11604.692 28842.16
2500 13837.774 11680.72 30093.738
3333.333 14060.423 11771.584 31797.878
5000 14366.514 11891.248 34339.162
10000 14869.575 12075.399 39148.769
