"Pr" "Mp" "Q_2" "Q_9"
1.01 3031.448 2634.714 3343.839
1.011 3060.467 2668.377 3369.86
1.012 3087.478 2699.547 3394.162
1.013 3112.782 2728.577 3416.93
1.014 3136.613 2756.294 3438.296
1.015 3159.159 2782.325 3458.477
1.016 3180.574 2807.061 3477.804
1.017 3200.986 2830.683 3496.123
1.018 3220.5 2853.091 3513.93
1.019 3239.206 2874.765 3530.822
1.02 3257.18 2895.416 3547.065
1.021 3274.489 2915.213 3562.792
1.022 3291.189 2934.385 3578.106
1.024 3307.331 2952.944 3592.865
1.025 3322.958 2970.868 3607.103
1.026 3338.109 2988.109 3620.896
1.027 3352.818 3004.85 3634.274
1.028 3367.117 3021.116 3647.397
1.029 3381.032 3036.931 3659.99
1.03 3394.588 3052.383 3672.399
1.031 3407.808 3067.383 3684.537
1.032 3420.712 3081.978 3696.323
1.033 3433.318 3096.266 3707.932
1.034 3445.644 3110.302 3719.273
1.035 3457.704 3123.883 3730.188
1.036 3469.513 3137.255 3741.009
1.037 3481.083 3150.383 3751.65
1.038 3492.428 3163.313 3762.049
1.04 3503.557 3175.861 3772.31
1.041 3514.482 3188.256 3782.336
1.042 3525.211 3200.438 3792.299
1.043 3535.754 3212.355 3802.035
1.044 3546.118 3224.029 3811.47
1.045 3556.312 3235.524 3820.88
1.046 3566.343 3246.799 3830.1
1.047 3576.217 3257.858 3839.236
1.048 3585.94 3268.698 3848.257
1.049 3595.52 3279.582 3857.118
1.05 3604.961 3290.221 3865.787
1.052 3614.268 3300.589 3874.427
1.053 3623.447 3310.943 3882.905
1.054 3632.502 3321.029 3891.388
1.055 3641.438 3330.979 3899.575
1.056 3650.258 3340.915 3907.747
1.057 3658.968 3350.712 3915.802
1.058 3667.569 3360.351 3923.784
1.059 3676.067 3369.853 3931.666
1.06 3684.464 3379.295 3939.47
1.062 3692.764 3388.424 3947.143
1.063 3700.97 3397.581 3954.76
1.064 3709.085 3406.774 3962.305
1.065 3717.111 3415.738 3969.766
1.066 3725.051 3424.589 3977.179
1.067 3732.908 3433.402 3984.457
1.068 3740.683 3442.068 3991.654
1.07 3748.381 3450.691 3998.699
1.071 3756.001 3459.237 4005.776
1.072 3763.548 3467.649 4012.815
1.073 3771.022 3475.962 4019.793
1.074 3778.427 3484.223 4026.682
1.075 3785.762 3492.448 4033.501
1.076 3793.032 3500.599 4040.364
1.078 3800.236 3508.582 4047.045
1.079 3807.377 3516.499 4053.695
1.08 3814.456 3524.342 4060.26
1.081 3821.476 3532.118 4066.811
1.082 3828.436 3539.824 4073.328
1.083 3835.34 3547.487 4079.815
1.085 3842.188 3555.068 4086.212
1.086 3848.981 3562.589 4092.594
1.087 3855.721 3570.041 4098.923
1.088 3862.41 3577.425 4105.181
1.089 3869.047 3584.882 4111.397
1.091 3875.635 3592.237 4117.584
1.092 3882.174 3599.443 4123.711
1.093 3888.666 3606.59 4129.846
1.094 3895.111 3613.728 4135.895
1.095 3901.511 3620.758 4141.903
1.096 3907.867 3627.818 4147.815
1.098 3914.179 3634.746 4153.671
1.099 3920.448 3641.688 4159.634
1.1 3926.676 3648.572 4165.441
1.101 3932.863 3655.433 4171.221
1.103 3939.01 3662.185 4176.995
1.104 3945.117 3668.867 4182.72
1.105 3951.186 3675.585 4188.411
1.106 3957.218 3682.193 4194.056
1.107 3963.213 3688.869 4199.733
1.109 3969.171 3695.466 4205.323
1.11 3975.094 3701.977 4210.898
1.111 3980.982 3708.445 4216.394
1.112 3986.836 3714.96 4221.859
1.114 3992.656 3721.382 4227.291
1.115 3998.444 3727.673 4232.757
1.116 4004.199 3734.006 4238.136
1.117 4009.922 3740.282 4243.553
1.119 4015.614 3746.612 4248.904
1.12 4021.276 3752.801 4254.244
1.121 4026.908 3759.007 4259.565
1.122 4032.51 3765.181 4264.876
1.124 4038.083 3771.252 4270.163
1.125 4043.627 3777.375 4275.357
1.126 4049.143 3783.329 4280.646
1.127 4054.632 3789.367 4285.771
1.129 4060.094 3795.292 4290.935
1.13 4065.529 3801.254 4296.118
1.131 4070.938 3807.261 4301.209
1.133 4076.322 3813.149 4306.309
1.134 4081.679 3819.034 4311.378
1.135 4087.012 3824.858 4316.365
1.136 4092.321 3830.595 4321.41
1.138 4097.605 3836.513 4326.371
1.139 4102.866 3842.294 4331.293
1.14 4108.103 3848.052 4336.212
1.142 4113.318 3853.693 4341.125
1.143 4118.509 3859.193 4345.995
1.144 4123.679 3864.786 4350.895
1.145 4128.826 3870.384 4355.79
1.147 4133.952 3875.899 4360.663
1.148 4139.057 3881.406 4365.5
1.149 4144.14 3886.939 4370.356
1.151 4149.203 3892.489 4375.172
1.152 4154.246 3897.911 4379.954
1.153 4159.269 3903.403 4384.718
1.155 4164.272 3908.87 4389.446
1.156 4169.255 3914.319 4394.187
1.157 4174.22 3919.659 4398.865
1.159 4179.165 3924.982 4403.577
1.16 4184.092 3930.287 4408.26
1.161 4189.001 3935.566 4412.97
1.163 4193.891 3940.89 4417.621
1.164 4198.764 3946.221 4422.255
1.166 4203.619 3951.508 4426.83
1.167 4208.457 3956.773 4431.492
1.168 4213.278 3962.045 4436.043
1.17 4218.081 3967.359 4440.658
1.171 4222.869 3972.548 4445.217
1.172 4227.64 3977.657 4449.75
1.174 4232.395 3982.857 4454.294
1.175 4237.133 3988.022 4458.824
1.176 4241.857 3993.14 4463.345
1.178 4246.564 3998.194 4467.787
1.179 4251.257 4003.337 4472.308
1.181 4255.934 4008.393 4476.759
1.182 4260.596 4013.343 4481.224
1.183 4265.244 4018.315 4485.624
1.185 4269.877 4023.309 4490.021
1.186 4274.496 4028.178 4494.465
1.188 4279.101 4033.069 4498.87
1.189 4283.692 4038.107 4503.198
1.19 4288.269 4043.112 4507.579
1.192 4292.833 4048.126 4511.925
1.193 4297.383 4052.971 4516.28
1.195 4301.92 4057.848 4520.577
1.196 4306.443 4062.737 4524.917
1.198 4310.954 4067.604 4529.239
1.199 4315.453 4072.414 4533.517
1.2 4319.938 4077.345 4537.804
1.202 4324.412 4082.231 4542.083
1.203 4328.873 4087.043 4546.307
1.205 4333.322 4091.915 4550.554
1.206 4337.759 4096.711 4554.78
1.208 4342.184 4101.545 4559.003
1.209 4346.597 4106.34 4563.261
1.211 4350.999 4111.134 4567.491
1.212 4355.39 4115.883 4571.706
1.214 4359.769 4120.589 4575.88
1.215 4364.138 4125.335 4580.034
1.217 4368.495 4129.953 4584.166
1.218 4372.841 4134.688 4588.283
1.22 4377.177 4139.367 4592.463
1.221 4381.502 4143.993 4596.634
1.222 4385.817 4148.597 4600.718
1.224 4390.122 4153.267 4604.847
1.225 4394.416 4157.954 4608.952
1.227 4398.7 4162.567 4613.019
1.229 4402.975 4167.106 4617.081
1.23 4407.239 4171.722 4621.254
1.232 4411.494 4176.316 4625.41
1.233 4415.739 4180.935 4629.478
1.235 4419.975 4185.514 4633.514
1.236 4424.201 4190.051 4637.571
1.238 4428.418 4194.578 4641.622
1.239 4432.626 4199.078 4645.613
1.241 4436.825 4203.645 4649.646
1.242 4441.015 4208.176 4653.671
1.244 4445.196 4212.638 4657.638
1.245 4449.368 4217.153 4661.611
1.247 4453.532 4221.603 4665.595
1.248 4457.687 4226.042 4669.555
1.25 4461.834 4230.458 4673.537
1.252 4465.972 4234.924 4677.527
1.253 4470.102 4239.362 4681.485
1.255 4474.224 4243.782 4685.434
1.256 4478.338 4248.143 4689.342
1.258 4482.444 4252.535 4693.253
1.259 4486.543 4256.884 4697.21
1.261 4490.633 4261.301 4701.195
1.263 4494.716 4265.725 4705.16
1.264 4498.791 4270.106 4709.076
1.266 4502.858 4274.412 4712.98
1.267 4506.918 4278.77 4716.891
1.269 4510.971 4282.989 4720.821
1.271 4515.017 4287.294 4724.68
1.272 4519.055 4291.607 4728.569
1.274 4523.086 4295.824 4732.5
1.276 4527.111 4300.12 4736.343
1.277 4531.128 4304.438 4740.251
1.279 4535.139 4308.701 4744.17
1.28 4539.142 4312.964 4748.016
1.282 4543.139 4317.247 4751.867
1.284 4547.13 4321.487 4755.708
1.285 4551.114 4325.715 4759.547
1.287 4555.091 4330.009 4763.334
1.289 4559.062 4334.264 4767.173
1.29 4563.027 4338.493 4770.951
1.292 4566.985 4342.662 4774.794
1.294 4570.937 4346.867 4778.576
1.295 4574.883 4351.042 4782.34
1.297 4578.823 4355.187 4786.122
1.299 4582.757 4359.389 4789.927
1.3 4586.685 4363.582 4793.736
1.302 4590.608 4367.654 4797.506
1.304 4594.524 4371.87 4801.247
1.305 4598.435 4375.96 4804.961
1.307 4602.34 4380.096 4808.697
1.309 4606.24 4384.151 4812.42
1.311 4610.134 4388.32 4816.162
1.312 4614.023 4392.506 4819.899
1.314 4617.906 4396.62 4823.642
1.316 4621.784 4400.678 4827.395
1.318 4625.657 4404.765 4831.124
1.319 4629.524 4408.893 4834.844
1.321 4633.387 4413.012 4838.576
1.323 4637.244 4417.088 4842.329
1.325 4641.096 4421.17 4846.068
1.326 4644.943 4425.198 4849.778
1.328 4648.786 4429.265 4853.475
1.33 4652.623 4433.322 4857.16
1.332 4656.456 4437.403 4860.859
1.333 4660.284 4441.564 4864.512
1.335 4664.107 4445.537 4868.224
1.337 4667.926 4449.618 4871.905
1.339 4671.74 4453.701 4875.595
1.34 4675.549 4457.764 4879.282
1.342 4679.354 4461.813 4882.948
1.344 4683.155 4465.822 4886.606
1.346 4686.951 4469.818 4890.256
1.348 4690.743 4473.828 4893.893
1.35 4694.531 4477.843 4897.584
1.351 4698.314 4481.799 4901.175
1.353 4702.094 4485.782 4904.853
1.355 4705.869 4489.816 4908.507
1.357 4709.64 4493.813 4912.228
1.359 4713.407 4497.809 4915.883
1.361 4717.171 4501.759 4919.526
1.362 4720.93 4505.737 4923.169
1.364 4724.685 4509.713 4926.806
1.366 4728.437 4513.686 4930.474
1.368 4732.185 4517.615 4934.107
1.37 4735.929 4521.519 4937.778
1.372 4739.669 4525.47 4941.409
1.374 4743.406 4529.422 4945.048
1.376 4747.139 4533.273 4948.692
1.377 4750.869 4537.161 4952.319
1.379 4754.595 4541.16 4955.943
1.381 4758.318 4545.089 4959.579
1.383 4762.037 4549.068 4963.194
1.385 4765.753 4553.008 4966.836
1.387 4769.466 4556.901 4970.433
1.389 4773.175 4560.865 4973.992
1.391 4776.881 4564.751 4977.557
1.393 4780.584 4568.689 4981.134
1.395 4784.284 4572.607 4984.662
1.397 4787.98 4576.436 4988.283
1.399 4791.674 4580.317 4991.887
1.401 4795.364 4584.158 4995.521
1.403 4799.052 4588.046 4999.134
1.404 4802.736 4591.861 5002.713
1.406 4806.418 4595.678 5006.247
1.408 4810.097 4599.582 5009.792
1.41 4813.773 4603.446 5013.378
1.412 4817.446 4607.237 5016.937
1.414 4821.117 4611.096 5020.515
1.416 4824.784 4615.03 5024.069
1.418 4828.449 4618.882 5027.637
1.42 4832.112 4622.692 5031.205
1.422 4835.772 4626.543 5034.722
1.425 4839.429 4630.468 5038.247
1.427 4843.084 4634.283 5041.779
1.429 4846.736 4638.179 5045.377
1.431 4850.386 4641.979 5048.931
1.433 4854.033 4645.766 5052.476
1.435 4857.678 4649.563 5056.035
1.437 4861.321 4653.4 5059.6
1.439 4864.961 4657.158 5063.155
1.441 4868.599 4660.987 5066.671
1.443 4872.235 4664.828 5070.211
1.445 4875.869 4668.636 5073.729
1.447 4879.5 4672.431 5077.306
1.449 4883.13 4676.192 5080.904
1.451 4886.757 4679.996 5084.44
1.453 4890.382 4683.784 5087.983
1.456 4894.006 4687.561 5091.491
1.458 4897.627 4691.399 5095.033
1.46 4901.246 4695.211 5098.529
1.462 4904.864 4699.004 5102.087
1.464 4908.479 4702.762 5105.613
1.466 4912.093 4706.522 5109.119
1.468 4915.704 4710.304 5112.636
1.471 4919.314 4714.161 5116.143
1.473 4922.923 4718.007 5119.626
1.475 4926.529 4721.801 5123.128
1.477 4930.134 4725.57 5126.633
1.479 4933.737 4729.343 5130.147
1.481 4937.339 4733.106 5133.684
1.484 4940.939 4736.883 5137.257
1.486 4944.537 4740.67 5140.791
1.488 4948.134 4744.396 5144.3
1.49 4951.729 4748.117 5147.817
1.493 4955.323 4751.84 5151.394
1.495 4958.915 4755.6 5154.851
1.497 4962.506 4759.411 5158.377
1.499 4966.096 4763.111 5161.931
1.502 4969.684 4766.781 5165.473
1.504 4973.271 4770.558 5168.962
1.506 4976.857 4774.309 5172.406
1.508 4980.441 4778.02 5175.887
1.511 4984.024 4781.762 5179.378
1.513 4987.606 4785.483 5182.859
1.515 4991.187 4789.159 5186.362
1.517 4994.767 4792.819 5189.882
1.52 4998.345 4796.483 5193.314
1.522 5001.923 4800.187 5196.798
1.524 5005.499 4803.869 5200.292
1.527 5009.074 4807.603 5203.761
1.529 5012.649 4811.261 5207.242
1.531 5016.222 4815.033 5210.73
1.534 5019.795 4818.741 5214.237
1.536 5023.366 4822.471 5217.722
1.538 5026.937 4826.188 5221.267
1.541 5030.507 4829.952 5224.794
1.543 5034.076 4833.628 5228.29
1.546 5037.644 4837.339 5231.735
1.548 5041.211 4841.072 5235.234
1.55 5044.778 4844.858 5238.704
1.553 5048.344 4848.578 5242.226
1.555 5051.909 4852.265 5245.708
1.558 5055.474 4855.87 5249.216
1.56 5059.038 4859.565 5252.662
1.563 5062.601 4863.244 5256.153
1.565 5066.164 4866.949 5259.662
1.567 5069.726 4870.629 5263.151
1.57 5073.288 4874.324 5266.687
1.572 5076.849 4877.988 5270.179
1.575 5080.41 4881.658 5273.662
1.577 5083.97 4885.371 5277.165
1.58 5087.53 4889.091 5280.672
1.582 5091.089 4892.813 5284.193
1.585 5094.648 4896.528 5287.693
1.587 5098.207 4900.198 5291.172
1.59 5101.765 4903.881 5294.65
1.592 5105.324 4907.503 5298.142
1.595 5108.881 4911.206 5301.644
1.597 5112.439 4914.863 5305.126
1.6 5115.997 4918.551 5308.605
1.603 5119.554 4922.246 5312.083
1.605 5123.111 4925.963 5315.6
1.608 5126.668 4929.671 5319.089
1.61 5130.225 4933.379 5322.609
1.613 5133.782 4937.036 5326.128
1.616 5137.338 4940.71 5329.612
1.618 5140.895 4944.378 5333.135
1.621 5144.452 4948.076 5336.622
1.623 5148.008 4951.835 5340.136
1.626 5151.565 4955.552 5343.621
1.629 5155.122 4959.292 5347.122
1.631 5158.679 4963.007 5350.631
1.634 5162.236 4966.732 5354.124
1.637 5165.793 4970.425 5357.633
1.639 5169.35 4974.13 5361.175
1.642 5172.908 4977.783 5364.689
1.645 5176.466 4981.447 5368.213
1.647 5180.024 4985.174 5371.7
1.65 5183.582 4988.851 5375.205
1.653 5187.141 4992.525 5378.7
1.656 5190.699 4996.2 5382.19
1.658 5194.259 4999.87 5385.701
1.661 5197.818 5003.543 5389.184
1.664 5201.378 5007.231 5392.707
1.667 5204.939 5010.935 5396.25
1.669 5208.5 5014.6 5399.726
1.672 5212.061 5018.279 5403.238
1.675 5215.623 5021.971 5406.74
1.678 5219.185 5025.668 5410.247
1.681 5222.748 5029.357 5413.751
1.684 5226.311 5033.045 5417.198
1.686 5229.875 5036.774 5420.699
1.689 5233.44 5040.41 5424.207
1.692 5237.005 5044.105 5427.709
1.695 5240.571 5047.829 5431.261
1.698 5244.138 5051.485 5434.743
1.701 5247.705 5055.151 5438.276
1.704 5251.273 5058.837 5441.801
1.706 5254.842 5062.467 5445.333
1.709 5258.412 5066.162 5448.879
1.712 5261.982 5069.839 5452.359
1.715 5265.553 5073.518 5455.876
1.718 5269.125 5077.206 5459.424
1.721 5272.698 5080.885 5462.926
1.724 5276.272 5084.579 5466.46
1.727 5279.847 5088.288 5469.991
1.73 5283.423 5091.993 5473.534
1.733 5286.999 5095.662 5477.093
1.736 5290.577 5099.34 5480.654
1.739 5294.156 5103.084 5484.205
1.742 5297.736 5106.723 5487.744
1.745 5301.316 5110.412 5491.257
1.748 5304.898 5114.14 5494.792
1.751 5308.481 5117.816 5498.32
1.754 5312.066 5121.468 5501.838
1.757 5315.651 5125.112 5505.4
1.761 5319.238 5128.817 5508.883
1.764 5322.825 5132.505 5512.423
1.767 5326.414 5136.213 5515.967
1.77 5330.005 5139.887 5519.478
1.773 5333.596 5143.588 5523.013
1.776 5337.189 5147.266 5526.583
1.779 5340.783 5150.966 5530.11
1.783 5344.379 5154.687 5533.634
1.786 5347.975 5158.409 5537.189
1.789 5351.574 5162.098 5540.742
1.792 5355.173 5165.785 5544.262
1.795 5358.775 5169.467 5547.828
1.799 5362.377 5173.173 5551.366
1.802 5365.981 5176.894 5555.005
1.805 5369.587 5180.564 5558.564
1.808 5373.194 5184.229 5562.157
1.812 5376.803 5187.9 5565.773
1.815 5380.413 5191.581 5569.322
1.818 5384.025 5195.307 5572.88
1.821 5387.639 5199 5576.474
1.825 5391.254 5202.706 5580.027
1.828 5394.871 5206.375 5583.534
1.832 5398.49 5210.076 5587.093
1.835 5402.111 5213.791 5590.715
1.838 5405.733 5217.5 5594.352
1.842 5409.357 5221.239 5597.875
1.845 5412.983 5224.955 5601.444
1.848 5416.61 5228.601 5605.065
1.852 5420.24 5232.34 5608.662
1.855 5423.871 5236.07 5612.224
1.859 5427.504 5239.794 5615.86
1.862 5431.14 5243.502 5619.508
1.866 5434.777 5247.222 5623.137
1.869 5438.416 5250.944 5626.769
1.873 5442.057 5254.683 5630.376
1.876 5445.7 5258.415 5633.966
1.88 5449.345 5262.127 5637.606
1.883 5452.993 5265.909 5641.224
1.887 5456.642 5269.654 5644.837
1.89 5460.294 5273.422 5648.466
1.894 5463.947 5277.223 5652.093
1.898 5467.603 5280.967 5655.748
1.901 5471.261 5284.768 5659.341
1.905 5474.922 5288.524 5662.977
1.908 5478.584 5292.215 5666.552
1.912 5482.249 5295.906 5670.219
1.916 5485.916 5299.603 5673.879
1.919 5489.586 5303.371 5677.542
1.923 5493.257 5307.167 5681.194
1.927 5496.932 5310.903 5684.901
1.931 5500.608 5314.638 5688.524
1.934 5504.287 5318.409 5692.158
1.938 5507.969 5322.162 5695.891
1.942 5511.652 5325.929 5699.544
1.946 5515.339 5329.699 5703.231
1.949 5519.028 5333.466 5706.936
1.953 5522.719 5337.212 5710.64
1.957 5526.413 5340.924 5714.344
1.961 5530.11 5344.705 5718.018
1.965 5533.809 5348.53 5721.732
1.969 5537.511 5352.278 5725.467
1.972 5541.216 5356.026 5729.189
1.976 5544.923 5359.836 5732.869
1.98 5548.633 5363.622 5736.547
1.984 5552.346 5367.363 5740.266
1.988 5556.062 5371.13 5743.925
1.992 5559.78 5374.898 5747.591
1.996 5563.502 5378.701 5751.337
2 5567.226 5382.562 5755.058
2.004 5570.953 5386.37 5758.778
2.008 5574.683 5390.171 5762.461
2.012 5578.416 5393.942 5766.183
2.016 5582.151 5397.771 5769.889
2.02 5585.89 5401.535 5773.625
2.024 5589.632 5405.369 5777.409
2.028 5593.377 5409.188 5781.185
2.033 5597.125 5413 5784.929
2.037 5600.876 5416.822 5788.662
2.041 5604.63 5420.638 5792.391
2.045 5608.387 5424.468 5796.191
2.049 5612.148 5428.315 5799.95
2.053 5615.912 5432.119 5803.705
2.058 5619.679 5435.953 5807.462
2.062 5623.449 5439.776 5811.239
2.066 5627.223 5443.592 5815.031
2.07 5630.999 5447.397 5818.799
2.075 5634.78 5451.257 5822.59
2.079 5638.563 5455.129 5826.396
2.083 5642.35 5458.98 5830.189
2.088 5646.141 5462.845 5833.946
2.092 5649.934 5466.658 5837.769
2.096 5653.732 5470.523 5841.607
2.101 5657.533 5474.412 5845.435
2.105 5661.337 5478.284 5849.223
2.11 5665.145 5482.128 5853.1
2.114 5668.957 5485.992 5856.934
2.119 5672.772 5489.868 5860.663
2.123 5676.591 5493.73 5864.512
2.128 5680.413 5497.618 5868.37
2.132 5684.239 5501.567 5872.146
2.137 5688.069 5505.45 5875.982
2.141 5691.903 5509.28 5879.751
2.146 5695.741 5513.159 5883.603
2.151 5699.582 5517.04 5887.404
2.155 5703.427 5520.948 5891.246
2.16 5707.277 5524.789 5895.13
2.165 5711.13 5528.674 5899.002
2.169 5714.987 5532.511 5902.784
2.174 5718.848 5536.543 5906.629
2.179 5722.713 5540.411 5910.525
2.183 5726.582 5544.342 5914.423
2.188 5730.455 5548.26 5918.337
2.193 5734.332 5552.226 5922.22
2.198 5738.214 5556.177 5926.067
2.203 5742.099 5560.057 5929.949
2.208 5745.989 5563.927 5933.847
2.212 5749.883 5567.835 5937.757
2.217 5753.781 5571.776 5941.663
2.222 5757.684 5575.743 5945.574
2.227 5761.591 5579.686 5949.499
2.232 5765.502 5583.574 5953.394
2.237 5769.417 5587.511 5957.29
2.242 5773.337 5591.482 5961.231
2.247 5777.262 5595.447 5965.191
2.252 5781.191 5599.388 5969.128
2.257 5785.124 5603.355 5973.121
2.262 5789.062 5607.305 5977.105
2.268 5793.005 5611.296 5981.079
2.273 5796.952 5615.318 5985.06
2.278 5800.904 5619.35 5989.036
2.283 5804.86 5623.358 5993.005
2.288 5808.822 5627.386 5997.016
2.294 5812.788 5631.323 6000.998
2.299 5816.758 5635.328 6005.04
2.304 5820.734 5639.302 6009.072
2.309 5824.714 5643.338 6013.054
2.315 5828.7 5647.347 6017.092
2.32 5832.69 5651.338 6021.162
2.326 5836.685 5655.323 6025.182
2.331 5840.685 5659.321 6029.197
2.336 5844.691 5663.334 6033.199
2.342 5848.701 5667.397 6037.29
2.347 5852.716 5671.47 6041.314
2.353 5856.737 5675.515 6045.373
2.358 5860.762 5679.601 6049.419
2.364 5864.793 5683.654 6053.474
2.37 5868.829 5687.71 6057.528
2.375 5872.87 5691.772 6061.627
2.381 5876.917 5695.864 6065.696
2.387 5880.969 5699.969 6069.778
2.392 5885.026 5704.069 6073.882
2.398 5889.089 5708.129 6077.968
2.404 5893.157 5712.167 6082.057
2.41 5897.231 5716.219 6086.187
2.415 5901.31 5720.27 6090.311
2.421 5905.395 5724.419 6094.407
2.427 5909.486 5728.553 6098.501
2.433 5913.582 5732.634 6102.632
2.439 5917.684 5736.797 6106.73
2.445 5921.791 5740.914 6110.872
2.451 5925.904 5745.061 6115.066
2.457 5930.023 5749.204 6119.247
2.463 5934.148 5753.349 6123.419
2.469 5938.279 5757.524 6127.606
2.475 5942.416 5761.652 6131.843
2.481 5946.558 5765.793 6136.045
2.488 5950.707 5769.904 6140.26
2.494 5954.862 5774.084 6144.469
2.5 5959.023 5778.267 6148.716
2.506 5963.19 5782.463 6152.935
2.513 5967.363 5786.699 6157.257
2.519 5971.542 5790.844 6161.572
2.525 5975.728 5795.1 6165.762
2.532 5979.919 5799.368 6170.036
2.538 5984.118 5803.526 6174.268
2.545 5988.322 5807.747 6178.528
2.551 5992.533 5811.952 6182.795
2.558 5996.751 5816.191 6187.114
2.564 6000.975 5820.423 6191.394
2.571 6005.205 5824.67 6195.706
2.577 6009.442 5828.886 6200.05
2.584 6013.686 5833.093 6204.406
2.591 6017.936 5837.394 6208.809
2.597 6022.194 5841.641 6213.146
2.604 6026.458 5845.913 6217.506
2.611 6030.728 5850.161 6221.803
2.618 6035.006 5854.361 6226.127
2.625 6039.291 5858.624 6230.441
2.632 6043.582 5862.911 6234.808
2.639 6047.881 5867.21 6239.196
2.646 6052.186 5871.528 6243.587
2.653 6056.499 5875.834 6247.989
2.66 6060.819 5880.08 6252.422
2.667 6065.146 5884.394 6256.796
2.674 6069.48 5888.744 6261.182
2.681 6073.822 5893.103 6265.59
2.688 6078.171 5897.437 6269.951
2.695 6082.527 5901.922 6274.458
2.703 6086.891 5906.305 6278.912
2.71 6091.262 5910.664 6283.362
2.717 6095.641 5915.07 6287.868
2.725 6100.028 5919.4 6292.338
2.732 6104.422 5923.757 6296.822
2.74 6108.824 5928.129 6301.343
2.747 6113.233 5932.494 6305.794
2.755 6117.651 5936.908 6310.242
2.762 6122.076 5941.305 6314.769
2.77 6126.509 5945.757 6319.278
2.778 6130.95 5950.106 6323.739
2.786 6135.399 5954.476 6328.309
2.793 6139.856 5958.949 6332.8
2.801 6144.322 5963.4 6337.401
2.809 6148.795 5967.803 6341.909
2.817 6153.277 5972.307 6346.518
2.825 6157.767 5976.78 6351.14
2.833 6162.266 5981.196 6355.774
2.841 6166.772 5985.671 6360.401
2.849 6171.288 5990.191 6365.041
2.857 6175.812 5994.691 6369.696
2.865 6180.344 5999.201 6374.341
2.874 6184.885 6003.658 6378.951
2.882 6189.435 6008.121 6383.634
2.89 6193.994 6012.654 6388.331
2.899 6198.561 6017.173 6393
2.907 6203.137 6021.638 6397.734
2.915 6207.722 6026.203 6402.446
2.924 6212.317 6030.765 6407.083
2.933 6216.92 6035.329 6411.769
2.941 6221.532 6039.935 6416.541
2.95 6226.154 6044.565 6421.341
2.959 6230.785 6049.183 6426.09
2.967 6235.425 6053.833 6430.846
2.976 6240.075 6058.47 6435.664
2.985 6244.734 6063.05 6440.379
2.994 6249.402 6067.684 6445.239
3.003 6254.08 6072.407 6450.042
3.012 6258.768 6077.07 6454.832
3.021 6263.466 6081.721 6459.709
3.03 6268.173 6086.387 6464.523
3.04 6272.89 6091.004 6469.392
3.049 6277.617 6095.704 6474.247
3.058 6282.354 6100.426 6479.141
3.067 6287.102 6105.182 6484.001
3.077 6291.859 6109.846 6488.855
3.086 6296.626 6114.482 6493.755
3.096 6301.404 6119.187 6498.653
3.106 6306.192 6123.936 6503.509
3.115 6310.991 6128.678 6508.443
3.125 6315.8 6133.51 6513.406
3.135 6320.62 6138.285 6518.376
3.145 6325.45 6143.07 6523.349
3.155 6330.291 6147.91 6528.338
3.165 6335.143 6152.795 6533.398
3.175 6340.006 6157.549 6538.395
3.185 6344.879 6162.346 6543.375
3.195 6349.764 6167.188 6548.409
3.205 6354.66 6172.016 6553.479
3.215 6359.567 6176.856 6558.618
3.226 6364.485 6181.731 6563.711
3.236 6369.415 6186.64 6568.836
3.247 6374.356 6191.565 6573.898
3.257 6379.309 6196.444 6578.947
3.268 6384.273 6201.299 6584.096
3.279 6389.249 6206.177 6589.245
3.289 6394.236 6211.082 6594.378
3.3 6399.236 6216.01 6599.522
3.311 6404.248 6220.948 6604.672
3.322 6409.271 6225.888 6609.975
3.333 6414.307 6230.816 6615.195
3.344 6419.355 6235.818 6620.372
3.356 6424.415 6240.77 6625.591
3.367 6429.488 6245.73 6630.903
3.378 6434.573 6250.77 6636.16
3.39 6439.671 6255.817 6641.442
3.401 6444.781 6260.842 6646.778
3.413 6449.904 6265.871 6652.078
3.425 6455.04 6270.906 6657.452
3.436 6460.189 6275.961 6662.808
3.448 6465.351 6280.99 6668.086
3.46 6470.527 6286.068 6673.51
3.472 6475.715 6291.146 6678.935
3.484 6480.917 6296.239 6684.315
3.497 6486.132 6301.344 6689.814
3.509 6491.361 6306.456 6695.321
3.521 6496.604 6311.523 6700.735
3.534 6501.86 6316.655 6706.181
3.546 6507.13 6321.847 6711.617
3.559 6512.414 6327.042 6717.117
3.571 6517.713 6332.236 6722.638
3.584 6523.025 6337.478 6728.183
3.597 6528.352 6342.693 6733.669
3.61 6533.693 6347.897 6739.226
3.623 6539.049 6353.176 6744.778
3.636 6544.42 6358.412 6750.446
3.65 6549.805 6363.629 6756.053
3.663 6555.205 6368.929 6761.752
3.676 6560.62 6374.226 6767.462
3.69 6566.05 6379.467 6773.212
3.704 6571.496 6384.811 6778.868
3.717 6576.957 6390.129 6784.566
3.731 6582.433 6395.494 6790.329
3.745 6587.925 6400.898 6796.063
3.759 6593.432 6406.223 6801.848
3.774 6598.956 6411.647 6807.627
3.788 6604.495 6417.09 6813.456
3.802 6610.051 6422.533 6819.301
3.817 6615.623 6428.014 6825.083
3.831 6621.211 6433.479 6830.93
3.846 6626.816 6438.937 6836.795
3.861 6632.437 6444.344 6842.695
3.876 6638.075 6449.801 6848.635
3.891 6643.73 6455.326 6854.605
3.906 6649.402 6460.883 6860.534
3.922 6655.092 6466.396 6866.554
3.937 6660.798 6471.965 6872.572
3.953 6666.522 6477.626 6878.601
3.968 6672.264 6483.128 6884.637
3.984 6678.024 6488.698 6890.689
4 6683.801 6494.308 6896.799
4.016 6689.597 6499.937 6902.83
4.032 6695.41 6505.609 6908.981
4.049 6701.243 6511.305 6915.134
4.065 6707.093 6516.932 6921.257
4.082 6712.963 6522.63 6927.546
4.098 6718.851 6528.338 6933.761
4.115 6724.758 6534.051 6939.987
4.132 6730.685 6539.784 6946.168
4.149 6736.63 6545.556 6952.429
4.167 6742.596 6551.279 6958.7
4.184 6748.581 6557.082 6964.985
4.202 6754.586 6562.979 6971.293
4.219 6760.611 6568.813 6977.639
4.237 6766.656 6574.644 6983.969
4.255 6772.721 6580.512 6990.418
4.274 6778.807 6586.363 6996.848
4.292 6784.914 6592.238 7003.341
4.31 6791.042 6598.17 7009.843
4.329 6797.191 6604.066 7016.328
4.348 6803.361 6610.014 7022.858
4.367 6809.553 6616.044 7029.369
4.386 6815.767 6622.043 7035.941
4.405 6822.002 6628.075 7042.525
4.425 6828.26 6634.091 7049.176
4.444 6834.539 6640.137 7055.81
4.464 6840.842 6646.22 7062.537
4.484 6847.167 6652.286 7069.243
4.505 6853.515 6658.359 7075.935
4.525 6859.886 6664.477 7082.709
4.545 6866.28 6670.561 7089.499
4.566 6872.698 6676.758 7096.27
4.587 6879.14 6682.864 7103.101
4.608 6885.606 6689.131 7109.969
4.63 6892.096 6695.335 7116.891
4.651 6898.611 6701.601 7123.715
4.673 6905.15 6707.887 7130.722
4.695 6911.714 6714.211 7137.625
4.717 6918.304 6720.576 7144.672
4.739 6924.919 6726.841 7151.681
4.762 6931.559 6733.255 7158.796
4.785 6938.226 6739.572 7165.898
4.808 6944.919 6745.971 7172.999
4.831 6951.638 6752.333 7180.219
4.854 6958.384 6758.756 7187.453
4.878 6965.157 6765.246 7194.638
4.902 6971.957 6771.844 7201.917
4.926 6978.784 6778.375 7209.223
4.95 6985.64 6784.813 7216.589
4.975 6992.524 6791.39 7223.973
5 6999.435 6797.99 7231.348
5.025 7006.376 6804.627 7238.764
5.051 7013.346 6811.215 7246.267
5.076 7020.344 6817.842 7253.742
5.102 7027.373 6824.604 7261.188
5.128 7034.431 6831.342 7268.752
5.155 7041.519 6838.102 7276.373
5.181 7048.638 6844.852 7284.062
5.208 7055.788 6851.598 7291.748
5.236 7062.969 6858.358 7299.52
5.263 7070.181 6865.218 7307.266
5.291 7077.425 6872.101 7314.967
5.319 7084.701 6878.989 7322.787
5.348 7092.01 6885.924 7330.66
5.376 7099.352 6892.975 7338.565
5.405 7106.727 6900.025 7346.524
5.435 7114.135 6907.013 7354.594
5.464 7121.577 6914.089 7362.609
5.495 7129.054 6921.162 7370.675
5.525 7136.565 6928.311 7378.761
5.556 7144.112 6935.461 7386.937
5.587 7151.694 6942.634 7395.095
5.618 7159.311 6949.828 7403.351
5.65 7166.965 6957.027 7411.668
5.682 7174.656 6964.291 7419.997
5.714 7182.384 6971.594 7428.306
5.747 7190.15 6978.809 7436.73
5.78 7197.953 6986.098 7445.176
5.814 7205.795 6993.558 7453.768
5.848 7213.676 7001.069 7462.391
5.882 7221.596 7008.433 7470.942
5.917 7229.556 7015.939 7479.523
5.952 7237.556 7023.494 7488.33
5.988 7245.597 7031.01 7497.067
6.024 7253.679 7038.506 7505.855
6.061 7261.803 7046.163 7514.596
6.098 7269.969 7053.872 7523.461
6.135 7278.178 7061.529 7532.416
6.173 7286.431 7069.265 7541.476
6.211 7294.727 7077.038 7550.543
6.25 7303.068 7084.855 7559.605
6.289 7311.453 7092.712 7568.659
6.329 7319.885 7100.613 7577.931
6.369 7328.362 7108.482 7587.255
6.41 7336.886 7116.436 7596.684
6.452 7345.457 7124.432 7605.978
6.494 7354.076 7132.518 7615.42
6.536 7362.744 7140.541 7625.011
6.579 7371.461 7148.706 7634.572
6.623 7380.228 7156.973 7644.285
6.667 7389.045 7165.195 7653.975
6.711 7397.913 7173.455 7663.789
6.757 7406.834 7181.697 7673.483
6.803 7415.806 7189.962 7683.348
6.849 7424.832 7198.325 7693.328
6.897 7433.912 7206.848 7703.33
6.944 7443.047 7215.319 7713.404
6.993 7452.238 7223.748 7723.559
7.042 7461.484 7232.323 7733.876
7.092 7470.788 7240.886 7744.183
7.143 7480.149 7249.648 7754.654
7.194 7489.57 7258.348 7765.215
7.246 7499.05 7267.052 7775.71
7.299 7508.59 7275.809 7786.268
7.353 7518.191 7284.707 7797.061
7.407 7527.855 7293.543 7807.728
7.463 7537.582 7302.637 7818.523
7.519 7547.373 7311.761 7829.418
7.576 7557.229 7320.82 7840.31
7.634 7567.151 7329.97 7851.411
7.692 7577.14 7339.137 7862.515
7.752 7587.197 7348.378 7873.796
7.812 7597.323 7357.732 7885.13
7.874 7607.519 7367.098 7896.414
7.937 7617.787 7376.56 7907.934
8 7628.127 7386.013 7919.581
8.065 7638.541 7395.595 7931.327
8.13 7649.029 7405.223 7943.178
8.197 7659.593 7414.948 7955.11
8.264 7670.235 7424.567 7967.067
8.333 7680.955 7434.349 7978.949
8.403 7691.754 7444.38 7991.193
8.475 7702.635 7454.271 8003.44
8.547 7713.598 7464.334 8015.72
8.621 7724.645 7474.366 8028.05
8.696 7735.778 7484.529 8040.647
8.772 7746.997 7494.759 8053.293
8.85 7758.305 7505.114 8066.039
8.929 7769.702 7515.423 8078.905
9.009 7781.191 7525.873 8091.995
9.091 7792.773 7536.401 8105.134
9.174 7804.449 7546.986 8118.364
9.259 7816.223 7557.597 8131.629
9.346 7828.094 7568.354 8145.005
9.434 7840.066 7579.199 8158.769
9.524 7852.139 7590.102 8172.46
9.615 7864.317 7601.122 8186.313
9.709 7876.6 7612.16 8200.204
9.804 7888.991 7623.302 8214.315
9.901 7901.493 7634.54 8228.479
10 7914.106 7646.078 8242.854
10.101 7926.835 7657.571 8257.4
10.204 7939.679 7669.032 8272.153
10.309 7952.643 7680.511 8287.075
10.417 7965.729 7692.186 8302.026
10.526 7978.938 7704.139 8317.259
10.638 7992.274 7716.073 8332.721
10.753 8005.74 7728.191 8348.333
10.87 8019.337 7740.323 8364.044
10.989 8033.07 7752.522 8379.894
11.111 8046.94 7764.876 8395.959
11.236 8060.951 7777.468 8412.184
11.364 8075.106 7790.027 8428.465
11.494 8089.409 7802.737 8444.835
11.628 8103.862 7815.688 8461.51
11.765 8118.469 7828.72 8478.593
11.905 8133.235 7841.799 8495.779
12.048 8148.161 7855.069 8513.091
12.195 8163.253 7868.53 8530.603
12.346 8178.514 7882.184 8548.448
12.5 8193.949 7895.96 8566.513
12.658 8209.561 7909.665 8584.725
12.821 8225.356 7923.647 8603.151
12.987 8241.337 7937.8 8621.768
13.158 8257.511 7951.949 8640.693
13.333 8273.88 7966.361 8659.842
13.514 8290.452 7980.945 8679.203
13.699 8307.231 7995.694 8698.809
13.889 8324.223 8010.55 8718.858
14.085 8341.433 8025.55 8739.167
14.286 8358.869 8040.668 8759.506
14.493 8376.536 8055.952 8780.562
14.706 8394.44 8071.634 8801.832
14.925 8412.59 8087.502 8823.495
15.152 8430.991 8103.486 8845.344
15.385 8449.653 8119.667 8867.411
15.625 8468.581 8136.065 8889.915
15.873 8487.786 8152.805 8912.88
16.129 8507.275 8169.792 8936.021
16.393 8527.058 8186.897 8959.464
16.667 8547.144 8204.293 8983.314
16.949 8567.543 8221.875 9007.699
17.241 8588.266 8239.66 9032.709
17.544 8609.324 8257.975 9057.613
17.857 8630.728 8276.242 9083.511
18.182 8652.491 8294.761 9109.655
18.519 8674.626 8313.695 9135.999
18.868 8697.146 8332.954 9163.24
19.231 8720.065 8352.432 9190.641
19.608 8743.4 8372.483 9218.999
20 8767.166 8392.304 9247.98
20.408 8791.38 8412.87 9277.47
20.833 8816.061 8433.879 9307.314
21.277 8841.227 8455.076 9338.027
21.739 8866.9 8476.773 9369.148
22.222 8893.1 8498.817 9401.442
22.727 8919.852 8521.392 9434.546
23.256 8947.181 8544.377 9468.244
23.81 8975.112 8568.01 9502.594
24.39 9003.675 8591.944 9537.89
25 9032.9 8616.432 9573.982
25.641 9062.82 8641.368 9610.969
26.316 9093.471 8666.663 9649.149
27.027 9124.89 8692.974 9688.572
27.778 9157.12 8719.84 9728.442
28.571 9190.204 8747.236 9769.807
29.412 9224.192 8775.433 9812.143
30.303 9259.136 8804.313 9856.077
31.25 9295.095 8834.045 9901.025
32.258 9332.131 8864.322 9947.884
33.333 9370.313 8895.777 9995.819
34.483 9409.719 8927.889 10045.688
35.714 9450.432 8961.128 10097.543
37.037 9492.546 8995.285 10151.194
38.462 9536.164 9030.519 10206.44
40 9581.403 9067.151 10264.766
41.667 9628.391 9105.044 10325.31
43.478 9677.275 9144.411 10388.35
45.455 9728.22 9185.481 10454.523
47.619 9781.415 9227.911 10523.55
50 9837.075 9272.207 10596.453
52.632 9895.447 9318.687 10672.398
55.556 9956.819 9367.064 10752.773
58.824 10021.529 9417.625 10838.386
62.5 10089.971 9471.441 10929.08
66.667 10162.62 9528.133 11025.524
71.429 10240.045 9587.718 11129.147
76.923 10322.938 9651.65 11239.871
83.333 10412.159 9719.706 11361.239
90.909 10508.788 9793.314 11492.753
100 10614.21 9873.036 11638.221
111.111 10730.241 9959.795 11799.233
125 10859.332 10056.065 11979.345
142.857 11004.906 10163.844 12184.76
166.667 11171.951 10285.416 12422.727
200 11368.153 10427.662 12706.591
250 11606.306 10596.858 13054.819
333.333 11910.198 10809.233 13508.734
500 12332.652 11097.196 14159.63
1000 13039.472 11559.262 15286.162
1111.111 13145.253 11626.39 15459.871
1250 13262.997 11700.851 15654.911
1428.571 13395.838 11784.085 15877.755
1666.667 13548.342 11878.48 16134.919
2000 13727.551 11988.034 16443.634
2500 13945.181 12118.876 16820.416
3333.333 14223.014 12282.982 17315.212
5000 14609.426 12506.63 18019.559
10000 15256.253 12864.246 19246.733
