"Pr" "Mp" "Q_2" "Q_9"
1.01 3418.09 2440.997 3887.39
1.011 3448.383 2485.476 3911.364
1.012 3476.574 2526.726 3933.449
1.013 3502.976 2564.919 3954.37
1.014 3527.836 2601.133 3974.23
1.015 3551.352 2635.25 3992.855
1.016 3573.684 2667.327 4011.005
1.017 3594.965 2698.254 4028.213
1.018 3615.307 2727.564 4044.791
1.019 3634.804 2755.576 4060.559
1.02 3653.536 2782.416 4075.706
1.021 3671.571 2808.077 4090.309
1.022 3688.969 2832.85 4104.472
1.024 3705.784 2856.729 4118.297
1.025 3722.06 2879.465 4131.768
1.026 3737.838 2901.364 4144.674
1.027 3753.154 2922.986 4157.372
1.028 3768.041 2943.785 4169.87
1.029 3782.527 2963.94 4181.891
1.03 3796.637 2983.941 4193.733
1.031 3810.396 3003.205 4205.212
1.032 3823.825 3022.237 4216.463
1.033 3836.942 3040.619 4227.45
1.034 3849.766 3058.499 4238.252
1.035 3862.313 3076.029 4248.903
1.036 3874.597 3093.213 4259.306
1.037 3886.632 3109.841 4269.438
1.038 3898.43 3126.156 4279.362
1.04 3910.004 3142.072 4289.116
1.041 3921.363 3157.65 4298.665
1.042 3932.519 3173.164 4308.185
1.043 3943.479 3188.465 4317.499
1.044 3954.254 3203.31 4326.738
1.045 3964.85 3217.935 4335.86
1.046 3975.275 3232.185 4344.808
1.047 3985.537 3246.542 4353.687
1.048 3995.642 3260.388 4362.393
1.049 4005.596 3273.973 4370.95
1.05 4015.405 3287.505 4379.457
1.052 4025.075 3300.644 4387.709
1.053 4034.611 3313.743 4395.977
1.054 4044.017 3326.64 4404.134
1.055 4053.298 3339.449 4412.196
1.056 4062.459 3351.959 4420.124
1.057 4071.504 3364.446 4428
1.058 4080.437 3376.464 4435.828
1.059 4089.261 3388.318 4443.502
1.06 4097.98 3400.229 4451.175
1.062 4106.597 3411.649 4458.737
1.063 4115.116 3422.979 4466.219
1.064 4123.54 3434.273 4473.525
1.065 4131.871 3445.412 4480.885
1.066 4140.112 3456.615 4488.016
1.067 4148.267 3467.434 4495.25
1.068 4156.337 3478.193 4502.443
1.07 4164.324 3488.945 4509.456
1.071 4172.232 3499.536 4516.487
1.072 4180.063 3509.862 4523.425
1.073 4187.818 3520.358 4530.246
1.074 4195.499 3530.502 4536.915
1.075 4203.11 3540.642 4543.644
1.076 4210.65 3550.572 4550.334
1.078 4218.123 3560.461 4556.873
1.079 4225.53 3570.408 4563.48
1.08 4232.872 3580.203 4570.041
1.081 4240.152 3589.771 4576.474
1.082 4247.371 3599.31 4582.903
1.083 4254.53 3608.879 4589.261
1.085 4261.63 3618.252 4595.509
1.086 4268.674 3627.558 4601.844
1.087 4275.662 3636.699 4608.073
1.088 4282.596 3645.872 4614.248
1.089 4289.476 3655.089 4620.425
1.091 4296.305 3664.166 4626.56
1.092 4303.084 3673.109 4632.663
1.093 4309.812 3681.761 4638.634
1.094 4316.492 3690.636 4644.65
1.095 4323.125 3699.335 4650.609
1.096 4329.712 3707.922 4656.533
1.098 4336.253 3716.544 4662.53
1.099 4342.749 3724.858 4668.34
1.1 4349.202 3733.149 4674.135
1.101 4355.612 3741.542 4679.92
1.103 4361.981 3749.835 4685.728
1.104 4368.308 3758.036 4691.382
1.105 4374.596 3766.249 4697.061
1.106 4380.844 3774.329 4702.694
1.107 4387.053 3782.275 4708.376
1.109 4393.225 3790.255 4713.959
1.11 4399.359 3798.4 4719.436
1.111 4405.457 3806.362 4725.03
1.112 4411.52 3814.157 4730.433
1.114 4417.547 3821.859 4735.868
1.115 4423.54 3829.744 4741.357
1.116 4429.499 3837.439 4746.738
1.117 4435.425 3845.167 4752.156
1.119 4441.319 3852.682 4757.547
1.12 4447.18 3860.152 4762.9
1.121 4453.01 3867.663 4768.258
1.122 4458.809 3874.971 4773.58
1.124 4464.578 3882.456 4778.86
1.125 4470.318 3889.764 4784.058
1.126 4476.027 3897.053 4789.271
1.127 4481.708 3904.21 4794.523
1.129 4487.361 3911.443 4799.691
1.13 4492.986 3918.625 4804.849
1.131 4498.584 3925.772 4809.996
1.133 4504.154 3932.885 4815.055
1.134 4509.699 3940.034 4820.166
1.135 4515.217 3947.094 4825.256
1.136 4520.709 3954.126 4830.301
1.138 4526.177 3961.123 4835.308
1.139 4531.619 3968.058 4840.334
1.14 4537.037 3974.945 4845.308
1.142 4542.432 3981.859 4850.197
1.143 4547.802 3988.843 4855.101
1.144 4553.149 3995.583 4860.017
1.145 4558.474 4002.381 4864.946
1.147 4563.775 4009.084 4869.867
1.148 4569.055 4015.654 4874.703
1.149 4574.312 4022.298 4879.531
1.151 4579.548 4028.996 4884.366
1.152 4584.763 4035.607 4889.167
1.153 4589.957 4042.184 4893.916
1.155 4595.13 4048.792 4898.738
1.156 4600.283 4055.273 4903.444
1.157 4605.416 4061.797 4908.265
1.159 4610.529 4068.335 4912.958
1.16 4615.623 4074.591 4917.722
1.161 4620.698 4080.942 4922.413
1.163 4625.753 4087.417 4927.034
1.164 4630.79 4093.641 4931.739
1.166 4635.809 4099.959 4936.388
1.167 4640.809 4106.227 4940.974
1.168 4645.792 4112.506 4945.556
1.17 4650.757 4118.785 4950.174
1.171 4655.705 4124.989 4954.817
1.172 4660.636 4131.336 4959.434
1.174 4665.549 4137.582 4964.074
1.175 4670.446 4143.791 4968.653
1.176 4675.327 4149.909 4973.214
1.178 4680.191 4155.993 4977.707
1.179 4685.04 4162.061 4982.179
1.181 4689.873 4168.18 4986.678
1.182 4694.69 4174.098 4991.181
1.183 4699.491 4180.053 4995.665
1.185 4704.278 4186.075 5000.16
1.186 4709.049 4192.018 5004.584
1.188 4713.806 4197.949 5009.048
1.189 4718.548 4203.982 5013.486
1.19 4723.276 4209.83 5017.98
1.192 4727.99 4215.603 5022.467
1.193 4732.689 4221.398 5026.813
1.195 4737.375 4227.131 5031.175
1.196 4742.047 4232.981 5035.577
1.198 4746.706 4238.699 5039.922
1.199 4751.351 4244.468 5044.249
1.2 4755.983 4250.081 5048.545
1.202 4760.602 4255.778 5052.914
1.203 4765.208 4261.482 5057.243
1.205 4769.802 4267.065 5061.55
1.206 4774.383 4272.644 5065.922
1.208 4778.952 4278.22 5070.273
1.209 4783.508 4283.758 5074.541
1.211 4788.053 4289.299 5078.875
1.212 4792.585 4294.865 5083.183
1.214 4797.106 4300.351 5087.453
1.215 4801.615 4305.866 5091.703
1.217 4806.113 4311.381 5096.009
1.218 4810.599 4316.866 5100.267
1.22 4815.074 4322.272 5104.514
1.221 4819.538 4327.635 5108.641
1.222 4823.991 4333.084 5112.879
1.224 4828.434 4338.515 5117.032
1.225 4832.865 4343.775 5121.262
1.227 4837.286 4349.02 5125.436
1.229 4841.697 4354.445 5129.681
1.23 4846.097 4359.834 5133.823
1.232 4850.487 4365.088 5137.972
1.233 4854.867 4370.322 5142.126
1.235 4859.238 4375.596 5146.327
1.236 4863.598 4380.851 5150.505
1.238 4867.948 4386.048 5154.618
1.239 4872.289 4391.398 5158.708
1.241 4876.621 4396.677 5162.848
1.242 4880.943 4401.785 5166.962
1.244 4885.256 4406.991 5171.075
1.245 4889.56 4412.109 5175.214
1.247 4893.854 4417.296 5179.309
1.248 4898.14 4422.526 5183.385
1.25 4902.417 4427.659 5187.453
1.252 4906.685 4432.914 5191.559
1.253 4910.944 4438.118 5195.658
1.255 4915.195 4443.269 5199.774
1.256 4919.437 4448.311 5203.818
1.258 4923.671 4453.416 5207.878
1.259 4927.897 4458.489 5211.935
1.261 4932.115 4463.59 5215.969
1.263 4936.324 4468.59 5220.018
1.264 4940.526 4473.588 5224.036
1.266 4944.719 4478.509 5228.106
1.267 4948.905 4483.359 5232.047
1.269 4953.083 4488.244 5236.09
1.271 4957.254 4493.247 5240.084
1.272 4961.417 4498.158 5244.084
1.274 4965.572 4503.134 5248.012
1.276 4969.721 4508.083 5251.982
1.277 4973.861 4513.069 5255.998
1.279 4977.995 4518.059 5260.009
1.28 4982.121 4522.989 5264.017
1.282 4986.241 4527.906 5267.956
1.284 4990.353 4532.813 5271.874
1.285 4994.459 4537.627 5275.822
1.287 4998.558 4542.468 5279.731
1.289 5002.65 4547.332 5283.68
1.29 5006.735 4552.182 5287.633
1.292 5010.814 4557.04 5291.576
1.294 5014.886 4561.898 5295.514
1.295 5018.952 4566.739 5299.475
1.297 5023.012 4571.569 5303.414
1.299 5027.065 4576.377 5307.292
1.3 5031.112 4581.172 5311.185
1.302 5035.153 4585.904 5315.091
1.304 5039.187 4590.582 5319.031
1.305 5043.216 4595.167 5322.924
1.307 5047.239 4599.946 5326.811
1.309 5051.256 4604.603 5330.693
1.311 5055.267 4609.324 5334.564
1.312 5059.272 4614.146 5338.42
1.314 5063.272 4618.884 5342.264
1.316 5067.266 4623.526 5346.084
1.318 5071.254 4628.206 5349.894
1.319 5075.237 4632.837 5353.844
1.321 5079.214 4637.526 5357.658
1.323 5083.187 4642.114 5361.477
1.325 5087.153 4646.892 5365.459
1.326 5091.115 4651.518 5369.289
1.328 5095.071 4656.105 5373.137
1.33 5099.023 4660.744 5376.963
1.332 5102.969 4665.311 5380.775
1.333 5106.91 4669.861 5384.547
1.335 5110.846 4674.426 5388.375
1.337 5114.777 4679.076 5392.121
1.339 5118.704 4683.709 5395.988
1.34 5122.626 4688.377 5399.791
1.342 5126.543 4692.89 5403.571
1.344 5130.455 4697.354 5407.333
1.346 5134.363 4701.882 5411.122
1.348 5138.266 4706.433 5414.934
1.35 5142.164 4710.956 5418.766
1.351 5146.058 4715.507 5422.629
1.353 5149.948 4720.025 5426.431
1.355 5153.833 4724.608 5430.257
1.357 5157.714 4729.158 5434.078
1.359 5161.591 4733.683 5437.846
1.361 5165.464 4738.159 5441.631
1.362 5169.332 4742.631 5445.365
1.364 5173.196 4747.189 5449.084
1.366 5177.057 4751.645 5452.832
1.368 5180.913 4756.14 5456.595
1.37 5184.765 4760.546 5460.302
1.372 5188.613 4764.996 5464.05
1.374 5192.458 4769.487 5467.845
1.376 5196.299 4773.963 5471.592
1.377 5200.136 4778.405 5475.314
1.379 5203.969 4782.989 5479.031
1.381 5207.798 4787.396 5482.816
1.383 5211.624 4791.794 5486.603
1.385 5215.446 4796.203 5490.342
1.387 5219.265 4800.592 5494.115
1.389 5223.08 4804.92 5497.854
1.391 5226.892 4809.281 5501.572
1.393 5230.701 4813.66 5505.294
1.395 5234.506 4817.982 5508.974
1.397 5238.307 4822.314 5512.733
1.399 5242.106 4826.722 5516.456
1.401 5245.901 4831.134 5520.189
1.403 5249.693 4835.514 5523.927
1.404 5253.482 4839.855 5527.682
1.406 5257.267 4844.16 5531.44
1.408 5261.05 4848.525 5535.164
1.41 5264.83 4852.904 5538.889
1.412 5268.606 4857.224 5542.538
1.414 5272.38 4861.546 5546.195
1.416 5276.151 4865.771 5549.914
1.418 5279.919 4870.121 5553.647
1.42 5283.684 4874.373 5557.319
1.422 5287.446 4878.694 5560.988
1.425 5291.206 4882.994 5564.674
1.427 5294.962 4887.279 5568.448
1.429 5298.716 4891.616 5572.124
1.431 5302.468 4895.875 5575.858
1.433 5306.217 4900.183 5579.58
1.435 5309.963 4904.427 5583.291
1.437 5313.707 4908.709 5586.973
1.439 5317.448 4912.986 5590.683
1.441 5321.187 4917.259 5594.359
1.443 5324.924 4921.572 5598.074
1.445 5328.658 4925.81 5601.764
1.447 5332.389 4930.111 5605.418
1.449 5336.119 4934.286 5609.109
1.451 5339.846 4938.532 5612.777
1.453 5343.571 4942.712 5616.466
1.456 5347.294 4946.897 5620.118
1.458 5351.014 4951.11 5623.796
1.46 5354.733 4955.266 5627.514
1.462 5358.449 4959.456 5631.223
1.464 5362.163 4963.711 5634.988
1.466 5365.876 4967.967 5638.614
1.468 5369.586 4972.157 5642.27
1.471 5373.294 4976.377 5645.941
1.473 5377.001 4980.573 5649.675
1.475 5380.705 4984.792 5653.394
1.477 5384.408 4989.031 5657.086
1.479 5388.108 4993.208 5660.782
1.481 5391.807 4997.448 5664.449
1.484 5395.505 5001.622 5668.127
1.486 5399.2 5005.822 5671.78
1.488 5402.894 5010.006 5675.377
1.49 5406.586 5014.195 5679.049
1.493 5410.277 5018.357 5682.749
1.495 5413.966 5022.483 5686.418
1.497 5417.653 5026.553 5690.087
1.499 5421.339 5030.618 5693.716
1.502 5425.023 5034.799 5697.369
1.504 5428.706 5038.958 5701.101
1.506 5432.388 5043.082 5704.752
1.508 5436.068 5047.244 5708.439
1.511 5439.746 5051.357 5712.078
1.513 5443.424 5055.46 5715.673
1.515 5447.1 5059.669 5719.296
1.517 5450.774 5063.717 5722.95
1.52 5454.448 5067.83 5726.628
1.522 5458.12 5072.02 5730.287
1.524 5461.791 5076.138 5733.951
1.527 5465.461 5080.234 5737.632
1.529 5469.129 5084.371 5741.263
1.531 5472.797 5088.528 5744.898
1.534 5476.463 5092.551 5748.584
1.536 5480.129 5096.639 5752.284
1.538 5483.793 5100.77 5755.944
1.541 5487.457 5104.909 5759.6
1.543 5491.119 5109.07 5763.283
1.546 5494.781 5113.198 5766.938
1.548 5498.441 5117.302 5770.621
1.55 5502.101 5121.401 5774.331
1.553 5505.76 5125.471 5778.011
1.555 5509.418 5129.543 5781.664
1.558 5513.075 5133.663 5785.317
1.56 5516.732 5137.683 5788.985
1.563 5520.387 5141.791 5792.573
1.565 5524.042 5145.781 5796.223
1.567 5527.697 5149.854 5799.921
1.57 5531.35 5153.83 5803.601
1.572 5535.004 5157.925 5807.242
1.575 5538.656 5162.017 5810.984
1.577 5542.308 5166.111 5814.643
1.58 5545.959 5170.181 5818.283
1.582 5549.61 5174.203 5821.981
1.585 5553.26 5178.201 5825.687
1.587 5556.91 5182.202 5829.36
1.59 5560.56 5186.251 5832.966
1.592 5564.209 5190.264 5836.568
1.595 5567.857 5194.334 5840.247
1.597 5571.506 5198.333 5843.844
1.6 5575.154 5202.373 5847.541
1.603 5578.801 5206.44 5851.253
1.605 5582.449 5210.399 5854.976
1.608 5586.096 5214.386 5858.684
1.61 5589.743 5218.423 5862.359
1.613 5593.39 5222.435 5866.039
1.616 5597.036 5226.48 5869.753
1.618 5600.682 5230.477 5873.471
1.621 5604.329 5234.506 5877.142
1.623 5607.975 5238.535 5880.855
1.626 5611.621 5242.556 5884.55
1.629 5615.267 5246.609 5888.236
1.631 5618.913 5250.607 5891.921
1.634 5622.559 5254.618 5895.597
1.637 5626.205 5258.679 5899.332
1.639 5629.851 5262.748 5903.027
1.642 5633.498 5266.821 5906.716
1.645 5637.144 5270.805 5910.38
1.647 5640.79 5274.893 5914.063
1.65 5644.437 5278.993 5917.763
1.653 5648.084 5282.957 5921.381
1.656 5651.731 5286.935 5925.121
1.658 5655.378 5290.928 5928.795
1.661 5659.026 5294.94 5932.456
1.664 5662.674 5299.019 5936.093
1.667 5666.322 5303.032 5939.769
1.669 5669.97 5306.994 5943.437
1.672 5673.619 5311.034 5947.203
1.675 5677.268 5315.056 5950.88
1.678 5680.918 5319.026 5954.577
1.681 5684.568 5323.065 5958.307
1.684 5688.219 5327.059 5962.008
1.686 5691.87 5331.165 5965.692
1.689 5695.521 5335.177 5969.415
1.692 5699.173 5339.223 5973.153
1.695 5702.826 5343.17 5976.837
1.698 5706.479 5347.174 5980.622
1.701 5710.133 5351.169 5984.3
1.704 5713.787 5355.184 5988.001
1.706 5717.442 5359.264 5991.716
1.709 5721.098 5363.39 5995.429
1.712 5724.755 5367.304 5999.2
1.715 5728.412 5371.29 6002.928
1.718 5732.07 5375.302 6006.668
1.721 5735.729 5379.304 6010.357
1.724 5739.388 5383.306 6014.06
1.727 5743.049 5387.332 6017.842
1.73 5746.71 5391.314 6021.572
1.733 5750.372 5395.316 6025.318
1.736 5754.035 5399.294 6029.105
1.739 5757.699 5403.322 6032.835
1.742 5761.364 5407.288 6036.553
1.745 5765.03 5411.33 6040.258
1.748 5768.697 5415.347 6044.063
1.751 5772.365 5419.311 6047.811
1.754 5776.034 5423.363 6051.572
1.757 5779.704 5427.338 6055.288
1.761 5783.375 5431.32 6059.108
1.764 5787.047 5435.379 6062.847
1.767 5790.721 5439.36 6066.672
1.77 5794.395 5443.344 6070.469
1.773 5798.071 5447.302 6074.257
1.776 5801.748 5451.297 6078.013
1.779 5805.426 5455.307 6081.818
1.783 5809.106 5459.331 6085.584
1.786 5812.787 5463.26 6089.376
1.789 5816.469 5467.283 6093.215
1.792 5820.152 5471.297 6097.019
1.795 5823.837 5475.241 6100.855
1.799 5827.523 5479.269 6104.731
1.802 5831.211 5483.22 6108.506
1.805 5834.9 5487.203 6112.306
1.808 5838.591 5491.168 6116.032
1.812 5842.283 5495.196 6119.876
1.815 5845.976 5499.244 6123.665
1.818 5849.671 5503.297 6127.475
1.821 5853.368 5507.274 6131.3
1.825 5857.066 5511.284 6135.125
1.828 5860.766 5515.368 6138.938
1.832 5864.467 5519.39 6142.788
1.835 5868.17 5523.365 6146.639
1.838 5871.875 5527.368 6150.457
1.842 5875.582 5531.373 6154.327
1.845 5879.29 5535.421 6158.15
1.848 5883 5539.431 6161.974
1.852 5886.712 5543.517 6165.796
1.855 5890.425 5547.484 6169.639
1.859 5894.141 5551.459 6173.496
1.862 5897.858 5555.416 6177.337
1.866 5901.577 5559.401 6181.111
1.869 5905.298 5563.397 6185.023
1.873 5909.021 5567.418 6188.883
1.876 5912.746 5571.465 6192.665
1.88 5916.473 5575.489 6196.551
1.883 5920.202 5579.484 6200.437
1.887 5923.933 5583.531 6204.221
1.89 5927.666 5587.524 6208.086
1.894 5931.401 5591.636 6211.972
1.898 5935.138 5595.679 6215.796
1.901 5938.877 5599.649 6219.639
1.905 5942.619 5603.687 6223.491
1.908 5946.362 5607.714 6227.37
1.912 5950.108 5611.694 6231.289
1.916 5953.856 5615.691 6235.171
1.919 5957.606 5619.689 6238.999
1.923 5961.359 5623.727 6242.917
1.927 5965.114 5627.73 6246.766
1.931 5968.871 5631.819 6250.702
1.934 5972.631 5635.794 6254.6
1.938 5976.392 5639.838 6258.54
1.942 5980.157 5643.87 6262.467
1.946 5983.924 5647.938 6266.47
1.949 5987.693 5652.031 6270.402
1.953 5991.465 5656.09 6274.319
1.957 5995.239 5660.098 6278.245
1.961 5999.016 5664.178 6282.114
1.965 6002.795 5668.171 6286.102
1.969 6006.577 5672.208 6290.071
1.972 6010.361 5676.286 6294.026
1.976 6014.148 5680.302 6297.961
1.98 6017.938 5684.342 6301.864
1.984 6021.731 5688.416 6305.792
1.988 6025.526 5692.551 6309.78
1.992 6029.324 5696.617 6313.755
1.996 6033.125 5700.646 6317.72
2 6036.928 5704.678 6321.707
2.004 6040.735 5708.733 6325.639
2.008 6044.544 5712.77 6329.639
2.012 6048.356 5716.868 6333.6
2.016 6052.171 5720.909 6337.679
2.02 6055.989 5724.973 6341.666
2.024 6059.81 5728.999 6345.654
2.028 6063.633 5733.045 6349.599
2.033 6067.46 5737.143 6353.545
2.037 6071.29 5741.181 6357.571
2.041 6075.123 5745.251 6361.57
2.045 6078.959 5749.338 6365.563
2.049 6082.798 5753.376 6369.597
2.053 6086.641 5757.451 6373.62
2.058 6090.486 5761.543 6377.623
2.062 6094.335 5765.681 6381.713
2.066 6098.187 5769.764 6385.708
2.07 6102.042 5773.916 6389.768
2.075 6105.9 5778.016 6393.811
2.079 6109.762 5782.151 6397.883
2.083 6113.627 5786.221 6401.972
2.088 6117.496 5790.277 6406.07
2.092 6121.367 5794.378 6410.129
2.096 6125.243 5798.491 6414.226
2.101 6129.121 5802.506 6418.246
2.105 6133.004 5806.63 6422.315
2.11 6136.889 5810.767 6426.422
2.114 6140.779 5814.86 6430.561
2.119 6144.672 5819.044 6434.67
2.123 6148.568 5823.176 6438.806
2.128 6152.468 5827.308 6442.891
2.132 6156.372 5831.443 6447.011
2.137 6160.279 5835.564 6451.162
2.141 6164.19 5839.668 6455.312
2.146 6168.105 5843.799 6459.476
2.151 6172.024 5847.961 6463.624
2.155 6175.946 5852.103 6467.769
2.16 6179.873 5856.277 6471.903
2.165 6183.803 5860.39 6476.086
2.169 6187.737 5864.503 6480.264
2.174 6191.675 5868.646 6484.394
2.179 6195.617 5872.832 6488.588
2.183 6199.563 5877.013 6492.753
2.188 6203.512 5881.223 6496.932
2.193 6207.466 5885.33 6501.136
2.198 6211.424 5889.515 6505.288
2.203 6215.387 5893.685 6509.563
2.208 6219.353 5897.869 6513.815
2.212 6223.323 5902.076 6518.025
2.217 6227.298 5906.301 6522.262
2.222 6231.277 5910.492 6526.451
2.227 6235.26 5914.642 6530.681
2.232 6239.248 5918.786 6535.019
2.237 6243.239 5922.927 6539.254
2.242 6247.236 5927.129 6543.52
2.247 6251.236 5931.307 6547.801
2.252 6255.241 5935.495 6552.066
2.257 6259.25 5939.75 6556.391
2.262 6263.264 5943.984 6560.672
2.268 6267.283 5948.13 6564.939
2.273 6271.306 5952.379 6569.198
2.278 6275.333 5956.664 6573.506
2.283 6279.366 5960.947 6577.88
2.288 6283.403 5965.253 6582.251
2.294 6287.444 5969.532 6586.585
2.299 6291.49 5973.765 6590.856
2.304 6295.541 5978.057 6595.237
2.309 6299.597 5982.298 6599.626
2.315 6303.658 5986.524 6603.942
2.32 6307.724 5990.81 6608.275
2.326 6311.794 5995.119 6612.639
2.331 6315.869 5999.353 6616.999
2.336 6319.95 6003.655 6621.342
2.342 6324.035 6007.915 6625.721
2.347 6328.125 6012.244 6630.187
2.353 6332.221 6016.518 6634.576
2.358 6336.321 6020.853 6639.015
2.364 6340.427 6025.152 6643.533
2.37 6344.538 6029.494 6647.993
2.375 6348.654 6033.886 6652.349
2.381 6352.776 6038.247 6656.723
2.387 6356.902 6042.59 6661.197
2.392 6361.034 6046.975 6665.678
2.398 6365.172 6051.259 6670.148
2.404 6369.314 6055.613 6674.633
2.41 6373.463 6059.907 6679.122
2.415 6377.616 6064.227 6683.593
2.421 6381.775 6068.595 6688.074
2.427 6385.94 6072.895 6692.576
2.433 6390.111 6077.23 6697.132
2.439 6394.286 6081.589 6701.674
2.445 6398.468 6085.957 6706.322
2.451 6402.656 6090.339 6710.966
2.457 6406.849 6094.687 6715.498
2.463 6411.048 6099.028 6720.034
2.469 6415.252 6103.389 6724.591
2.475 6419.463 6107.81 6729.066
2.481 6423.679 6112.232 6733.658
2.488 6427.902 6116.59 6738.179
2.494 6432.13 6120.98 6742.792
2.5 6436.365 6125.395 6747.361
2.506 6440.605 6129.82 6751.898
2.513 6444.852 6134.253 6756.501
2.519 6449.105 6138.704 6761.115
2.525 6453.364 6143.115 6765.79
2.532 6457.629 6147.558 6770.435
2.538 6461.901 6152.011 6775.022
2.545 6466.179 6156.485 6779.741
2.551 6470.463 6160.954 6784.458
2.558 6474.754 6165.474 6789.239
2.564 6479.051 6169.919 6793.971
2.571 6483.354 6174.391 6798.697
2.577 6487.665 6178.945 6803.354
2.584 6491.981 6183.413 6808.095
2.591 6496.305 6187.92 6812.802
2.597 6500.635 6192.381 6817.54
2.604 6504.972 6196.929 6822.28
2.611 6509.315 6201.382 6827.104
2.618 6513.666 6205.937 6831.846
2.625 6518.023 6210.406 6836.699
2.632 6522.387 6214.867 6841.487
2.639 6526.758 6219.362 6846.261
2.646 6531.136 6223.945 6851.069
2.653 6535.522 6228.536 6856.003
2.66 6539.914 6233.104 6860.799
2.667 6544.313 6237.632 6865.532
2.674 6548.72 6242.177 6870.422
2.681 6553.134 6246.754 6875.235
2.688 6557.555 6251.376 6880.052
2.695 6561.983 6255.953 6884.903
2.703 6566.419 6260.494 6889.799
2.71 6570.863 6265.107 6894.605
2.717 6575.314 6269.689 6899.533
2.725 6579.772 6274.268 6904.464
2.732 6584.238 6278.947 6909.423
2.74 6588.712 6283.599 6914.353
2.747 6593.193 6288.116 6919.39
2.755 6597.682 6292.68 6924.393
2.762 6602.179 6297.312 6929.322
2.77 6606.684 6302.016 6934.316
2.778 6611.197 6306.67 6939.312
2.786 6615.717 6311.285 6944.361
2.793 6620.246 6316.014 6949.416
2.801 6624.783 6320.711 6954.461
2.809 6629.328 6325.393 6959.507
2.817 6633.881 6329.998 6964.542
2.825 6638.442 6334.671 6969.671
2.833 6643.012 6339.345 6974.82
2.841 6647.59 6344.113 6979.911
2.849 6652.176 6348.759 6985.012
2.857 6656.771 6353.507 6990.13
2.865 6661.374 6358.234 6995.23
2.874 6665.986 6362.983 7000.279
2.882 6670.607 6367.709 7005.365
2.89 6675.236 6372.423 7010.554
2.899 6679.874 6377.163 7015.722
2.907 6684.521 6381.877 7021.014
2.915 6689.177 6386.678 7026.117
2.924 6693.842 6391.351 7031.458
2.933 6698.516 6396.105 7036.718
2.941 6703.198 6400.887 7041.977
2.95 6707.89 6405.798 7047.177
2.959 6712.592 6410.661 7052.379
2.967 6717.302 6415.468 7057.652
2.976 6722.022 6420.266 7062.976
2.985 6726.751 6425.105 7068.287
2.994 6731.49 6429.938 7073.686
3.003 6736.238 6434.859 7079.014
3.012 6740.996 6439.706 7084.378
3.021 6745.763 6444.561 7089.796
3.03 6750.54 6449.412 7095.205
3.04 6755.327 6454.318 7100.678
3.049 6760.124 6459.138 7106.159
3.058 6764.931 6464.082 7111.549
3.067 6769.748 6469.017 7117.099
3.077 6774.575 6473.935 7122.521
3.086 6779.412 6478.828 7127.995
3.096 6784.259 6483.775 7133.544
3.106 6789.116 6488.667 7139.085
3.115 6793.984 6493.607 7144.562
3.125 6798.862 6498.581 7150.091
3.135 6803.751 6503.522 7155.725
3.145 6808.651 6508.552 7161.373
3.155 6813.561 6513.466 7166.953
3.165 6818.482 6518.467 7172.599
3.175 6823.413 6523.433 7178.173
3.185 6828.356 6528.414 7183.871
3.195 6833.309 6533.432 7189.476
3.205 6838.274 6538.563 7195.115
3.215 6843.249 6543.637 7200.796
3.226 6848.236 6548.72 7206.494
3.236 6853.234 6553.81 7212.24
3.247 6858.244 6558.782 7217.981
3.257 6863.265 6563.857 7223.76
3.268 6868.298 6569.006 7229.565
3.279 6873.342 6574.071 7235.366
3.289 6878.398 6579.267 7241.108
3.3 6883.465 6584.348 7246.967
3.311 6888.545 6589.392 7252.84
3.322 6893.636 6594.613 7258.729
3.333 6898.74 6599.743 7264.618
3.344 6903.856 6604.865 7270.539
3.356 6908.984 6610.022 7276.447
3.367 6914.124 6615.206 7282.387
3.378 6919.277 6620.396 7288.347
3.39 6924.442 6625.538 7294.361
3.401 6929.62 6630.757 7300.466
3.413 6934.81 6635.971 7306.512
3.425 6940.013 6641.24 7312.631
3.436 6945.23 6646.543 7318.774
3.448 6950.459 6651.716 7324.826
3.46 6955.701 6656.964 7330.825
3.472 6960.956 6662.319 7336.974
3.484 6966.225 6667.591 7343.075
3.497 6971.507 6672.869 7349.266
3.509 6976.803 6678.175 7355.507
3.521 6982.112 6683.576 7361.772
3.534 6987.435 6688.869 7368.144
3.546 6992.772 6694.248 7374.424
3.559 6998.122 6699.616 7380.722
3.571 7003.487 6704.962 7387.129
3.584 7008.866 6710.386 7393.466
3.597 7014.259 6715.733 7399.873
3.61 7019.666 6721.137 7406.374
3.623 7025.088 6726.567 7412.667
3.636 7030.524 6731.993 7419.08
3.65 7035.975 6737.41 7425.509
3.663 7041.441 6742.871 7431.969
3.676 7046.921 6748.247 7438.626
3.69 7052.417 6753.622 7445.181
3.704 7057.928 6759.107 7451.713
3.717 7063.454 6764.578 7458.173
3.731 7068.995 6770.083 7464.845
3.745 7074.552 6775.558 7471.534
3.759 7080.125 6781.046 7478.24
3.774 7085.713 6786.547 7484.939
3.788 7091.318 6791.996 7491.739
3.802 7096.938 6797.472 7498.402
3.817 7102.574 6802.983 7505.042
3.831 7108.227 6808.512 7511.843
3.846 7113.896 6814.097 7518.667
3.861 7119.582 6819.668 7525.454
3.876 7125.284 6825.324 7532.346
3.891 7131.003 6830.95 7539.209
3.906 7136.739 6836.641 7546.141
3.922 7142.492 6842.287 7553.186
3.937 7148.263 6847.956 7560.183
3.953 7154.05 6853.654 7567.215
3.968 7159.856 6859.365 7574.246
3.984 7165.679 6865.02 7581.336
4 7171.519 6870.732 7588.495
4.016 7177.378 6876.526 7595.65
4.032 7183.255 6882.264 7602.778
4.049 7189.15 6887.979 7610.079
4.065 7195.063 6893.741 7617.381
4.082 7200.995 6899.483 7624.586
4.098 7206.946 6905.252 7631.855
4.115 7212.916 6911.083 7639.13
4.132 7218.905 6917.031 7646.531
4.149 7224.913 6922.89 7654.021
4.167 7230.94 6928.744 7661.408
4.184 7236.987 6934.678 7668.865
4.202 7243.054 6940.525 7676.397
4.219 7249.14 6946.472 7683.964
4.237 7255.247 6952.385 7691.59
4.255 7261.374 6958.318 7699.319
4.274 7267.521 6964.353 7706.989
4.292 7273.689 6970.351 7714.695
4.31 7279.878 6976.367 7722.416
4.329 7286.088 6982.351 7730.18
4.348 7292.319 6988.353 7738.005
4.367 7298.571 6994.433 7745.741
4.386 7304.845 7000.463 7753.715
4.405 7311.14 7006.544 7761.608
4.425 7317.458 7012.628 7769.486
4.444 7323.797 7018.718 7777.368
4.464 7330.159 7024.761 7785.162
4.484 7336.544 7030.985 7793.114
4.505 7342.951 7037.138 7801.151
4.525 7349.382 7043.293 7809.301
4.545 7355.835 7049.51 7817.468
4.566 7362.312 7055.782 7825.786
4.587 7368.813 7062.08 7833.97
4.608 7375.337 7068.265 7842.282
4.63 7381.886 7074.488 7850.651
4.651 7388.458 7080.791 7858.989
4.673 7395.056 7087.038 7867.441
4.695 7401.678 7093.458 7875.908
4.717 7408.325 7099.825 7884.523
4.739 7414.997 7106.251 7893.053
4.762 7421.695 7112.697 7901.735
4.785 7428.419 7119.204 7910.32
4.808 7435.168 7125.585 7919.182
4.831 7441.944 7132.055 7927.965
4.854 7448.747 7138.58 7936.826
4.878 7455.576 7145.027 7945.629
4.902 7462.432 7151.61 7954.594
4.926 7469.315 7158.148 7963.682
4.95 7476.227 7164.709 7972.583
4.975 7483.165 7171.288 7981.701
5 7490.133 7177.938 7990.956
5.025 7497.128 7184.54 8000.165
5.051 7504.152 7191.149 8009.215
5.076 7511.206 7197.795 8018.634
5.102 7518.288 7204.48 8028.028
5.128 7525.4 7211.13 8037.338
5.155 7532.543 7217.793 8046.881
5.181 7539.715 7224.487 8056.25
5.208 7546.918 7231.223 8065.834
5.236 7554.152 7237.947 8075.405
5.263 7561.417 7244.796 8085.098
5.291 7568.713 7251.692 8094.791
5.319 7576.042 7258.56 8104.508
5.348 7583.402 7265.446 8114.316
5.376 7590.796 7272.456 8124.282
5.405 7598.222 7279.547 8134.138
5.435 7605.681 7286.554 8144.115
5.464 7613.174 7293.468 8154.037
5.495 7620.701 7300.613 8164.277
5.525 7628.263 7307.732 8174.487
5.556 7635.859 7314.713 8184.492
5.587 7643.491 7321.734 8194.788
5.618 7651.158 7329.02 8205.14
5.65 7658.861 7336.236 8215.315
5.682 7666.6 7343.492 8225.931
5.714 7674.376 7350.775 8236.529
5.747 7682.19 7358.021 8247.181
5.78 7690.041 7365.32 8257.909
5.814 7697.93 7372.656 8268.735
5.848 7705.858 7379.899 8279.568
5.882 7713.824 7387.323 8290.426
5.917 7721.83 7394.73 8301.43
5.952 7729.876 7402.233 8312.317
5.988 7737.963 7409.656 8323.515
6.024 7746.09 7417.093 8334.52
6.061 7754.259 7424.533 8345.873
6.098 7762.469 7432.07 8357.235
6.135 7770.722 7439.769 8368.593
6.173 7779.018 7447.381 8380.107
6.211 7787.357 7454.939 8391.813
6.25 7795.74 7462.711 8403.501
6.289 7804.168 7470.432 8415.247
6.329 7812.641 7478.205 8427.165
6.369 7821.16 7485.863 8439.221
6.41 7829.724 7493.71 8451.349
6.452 7838.336 7501.607 8463.412
6.494 7846.995 7509.462 8475.718
6.536 7855.702 7517.444 8487.875
6.579 7864.458 7525.409 8500.229
6.623 7873.263 7533.421 8512.666
6.667 7882.118 7541.463 8525.061
6.711 7891.023 7549.571 8537.908
6.757 7899.98 7557.728 8550.612
6.803 7908.989 7565.818 8563.52
6.849 7918.051 7574.093 8576.584
6.897 7927.166 7582.283 8589.508
6.944 7936.335 7590.577 8602.497
6.993 7945.559 7598.949 8615.832
7.042 7954.839 7607.261 8629.236
7.092 7964.175 7615.682 8642.654
7.143 7973.569 7624.057 8656.401
7.194 7983.021 7632.433 8670.244
7.246 7992.531 7640.915 8684.045
7.299 8002.101 7649.566 8697.772
7.353 8011.732 7658.198 8711.869
7.407 8021.425 7666.887 8726.113
7.463 8031.179 7675.608 8740.659
7.519 8040.998 7684.321 8755.214
7.576 8050.88 7693.146 8769.696
7.634 8060.828 7702.034 8784.414
7.692 8070.841 7710.953 8799.07
7.752 8080.923 7719.835 8813.781
7.812 8091.072 7728.946 8828.847
7.874 8101.291 7738.003 8844.051
7.937 8111.58 7747.091 8859.429
8 8121.941 7756.276 8874.85
8.065 8132.374 7765.496 8890.731
8.13 8142.881 7774.703 8906.496
8.197 8153.463 7783.987 8922.354
8.264 8164.122 7793.267 8938.306
8.333 8174.858 7802.696 8954.396
8.403 8185.673 7812.263 8970.61
8.475 8196.567 7821.686 8987.103
8.547 8207.544 7831.211 9003.839
8.621 8218.603 7840.965 9020.761
8.696 8229.746 7850.657 9037.824
8.772 8240.975 7860.537 9055.143
8.85 8252.291 7870.351 9072.688
8.929 8263.696 7880.215 9090.336
9.009 8275.191 7890.293 9107.951
9.091 8286.778 7900.3 9125.784
9.174 8298.458 7910.343 9143.637
9.259 8310.234 7920.446 9161.786
9.346 8322.106 7930.624 9180.192
9.434 8334.077 7940.895 9198.769
9.524 8346.149 7951.313 9217.616
9.615 8358.324 7961.761 9236.989
9.709 8370.602 7972.307 9256.411
9.804 8382.987 7982.953 9275.955
9.901 8395.481 7993.501 9295.62
10 8408.085 8004.243 9315.758
10.101 8420.802 8015.057 9336.046
10.204 8433.635 8026.126 9356.462
10.309 8446.584 8037.166 9376.987
10.417 8459.653 8048.397 9397.997
10.526 8472.845 8059.667 9419.422
10.638 8486.161 8070.838 9440.923
10.753 8499.605 8082.098 9462.856
10.87 8513.178 8093.573 9484.802
10.989 8526.885 8105.239 9506.848
11.111 8540.727 8116.957 9529.429
11.236 8554.708 8128.699 9552.465
11.364 8568.831 8140.625 9575.469
11.494 8583.099 8152.615 9598.943
11.628 8597.515 8164.638 9622.783
11.765 8612.083 8176.691 9646.814
11.905 8626.806 8188.924 9670.984
12.048 8641.688 8201.172 9695.782
12.195 8656.732 8213.615 9720.947
12.346 8671.943 8226.241 9746.21
12.5 8687.325 8238.862 9772.473
12.658 8702.881 8251.745 9798.659
12.821 8718.617 8264.736 9825.693
12.987 8734.536 8278.015 9852.554
13.158 8750.644 8291.359 9879.93
13.333 8766.945 8304.603 9908.299
13.514 8783.444 8318.321 9936.789
13.699 8800.147 8331.892 9965.345
13.889 8817.059 8345.934 9994.66
14.085 8834.186 8360.082 10024.284
14.286 8851.533 8374.11 10054.156
14.493 8869.108 8388.405 10085.311
14.706 8886.917 8402.732 10116.594
14.925 8904.965 8417.219 10148.554
15.152 8923.261 8431.921 10181.407
15.385 8941.812 8446.895 10214.225
15.625 8960.626 8461.797 10247.934
15.873 8979.71 8476.932 10282.28
16.129 8999.073 8492.384 10317.035
16.393 9018.724 8508.06 10352.383
16.667 9038.672 8523.77 10388.379
16.949 9058.927 8539.813 10425.527
17.241 9079.5 8556.078 10463.207
17.544 9100.4 8572.548 10501.678
17.857 9121.64 8589.386 10540.677
18.182 9143.231 8606.142 10580.829
18.519 9165.187 8623.244 10621.686
18.868 9187.519 8640.718 10663.167
19.231 9210.243 8658.491 10706.12
19.608 9233.373 8676.334 10749.554
20 9256.925 8694.382 10794.485
20.408 9280.916 8712.892 10840.376
20.833 9305.362 8731.725 10887.235
21.277 9330.284 8750.75 10935.663
21.739 9355.701 8770.044 10984.866
22.222 9381.633 8789.668 11034.826
22.727 9408.105 8809.807 11086.508
23.256 9435.139 8830.384 11139.743
23.81 9462.762 8851.155 11194.393
24.39 9491.002 8872.619 11250.823
25 9519.888 8894.185 11309.06
25.641 9549.452 8916.039 11369.013
26.316 9579.729 8938.628 11429.835
27.027 9610.756 8961.642 11492.897
27.778 9642.572 8985.017 11556.951
28.571 9675.222 9009.147 11624.592
29.412 9708.752 9033.704 11694.044
30.303 9743.213 9058.888 11765.669
31.25 9778.662 9084.744 11840.677
32.258 9815.16 9111.223 11917.435
33.333 9852.773 9138.274 11998.839
34.483 9891.576 9165.957 12082.225
35.714 9931.651 9194.411 12169.736
37.037 9973.086 9223.475 12261.966
38.462 10015.983 9253.897 12356.946
40 10060.453 9285.081 12455.259
41.667 10106.621 9317.462 12559.044
43.478 10154.628 9350.789 12669.727
45.455 10204.635 9385.25 12783.569
47.619 10256.821 9420.856 12905.437
50 10311.395 9458 13032.078
52.632 10368.595 9496.526 13168.083
55.556 10428.698 9536.76 13312.702
58.824 10492.028 9578.719 13467.611
62.5 10558.965 9622.636 13633.524
66.667 10629.964 9669.018 13811.968
71.429 10705.571 9717.522 14001.588
76.923 10786.45 9768.889 14210.488
83.333 10873.426 9823.971 14438.632
90.909 10967.53 9882.504 14689.587
100 11070.088 9945.472 14969.288
111.111 11182.836 10013.821 15285.802
125 11308.111 10088.55 15643.474
142.857 11449.175 10171.498 16058.442
166.667 11610.772 10264.165 16550.15
200 11800.206 10369.791 17149.416
250 12029.601 10494.09 17904.341
333.333 12321.448 10646.391 18926.208
500 12725.528 10847.758 20449.3
1000 13397.312 11155.276 23312.405
1111.111 13497.382 11198.994 23781.116
1250 13608.625 11246.116 24318.139
1428.571 13733.948 11298.949 24934.887
1666.667 13877.581 11357.258 25662.046
2000 14046.037 11424.407 26544.031
2500 14250.126 11502.982 27656.22
3333.333 14509.902 11598.932 29173.168
5000 14869.749 11725.996 31441.43
10000 15468.286 11921.584 35674.411
