"Pr" "Mp" "Q_2" "Q_9"
1.01 3035.012 2587.468 3381.552
1.011 3069.155 2628.074 3413.017
1.012 3100.93 2665.226 3442.395
1.013 3130.689 2700.227 3469.756
1.014 3158.711 2732.853 3495.748
1.015 3185.217 2763.743 3520.494
1.016 3210.389 2792.956 3543.905
1.017 3234.377 2821.072 3566.121
1.018 3257.307 2847.519 3587.622
1.019 3279.283 2873.054 3608.263
1.02 3300.397 2897.544 3628.074
1.021 3320.727 2920.841 3647.388
1.022 3340.339 2943.553 3665.755
1.024 3359.292 2965.226 3683.59
1.025 3377.639 2986.34 3700.775
1.026 3395.425 3006.818 3717.508
1.027 3412.69 3026.57 3733.806
1.028 3429.471 3045.641 3749.678
1.029 3445.8 3064.228 3765.167
1.03 3461.706 3082.489 3780.208
1.031 3477.216 3100.145 3794.774
1.032 3492.353 3117.399 3809.23
1.033 3507.14 3134.173 3823.228
1.034 3521.596 3150.571 3837.021
1.035 3535.74 3166.472 3850.496
1.036 3549.587 3182.079 3863.733
1.037 3563.154 3197.462 3876.772
1.038 3576.454 3212.42 3889.472
1.04 3589.501 3227.177 3901.925
1.041 3602.306 3241.479 3914.232
1.042 3614.882 3255.5 3926.188
1.043 3627.238 3269.496 3938.105
1.044 3639.384 3283.093 3949.726
1.045 3651.329 3296.369 3961.159
1.046 3663.082 3309.613 3972.545
1.047 3674.65 3322.625 3983.616
1.048 3686.041 3335.241 3994.632
1.049 3697.263 3347.833 4005.387
1.05 3708.321 3360.092 4016.095
1.052 3719.222 3372.192 4026.731
1.053 3729.972 3384.032 4037.208
1.054 3740.576 3395.795 4047.469
1.055 3751.039 3407.346 4057.624
1.056 3761.367 3418.692 4067.638
1.057 3771.564 3429.97 4077.566
1.058 3781.634 3441.112 4087.315
1.059 3791.582 3451.999 4096.984
1.06 3801.411 3462.797 4106.467
1.062 3811.126 3473.433 4115.993
1.063 3820.73 3484.056 4125.312
1.064 3830.226 3494.508 4134.572
1.065 3839.619 3504.68 4143.654
1.066 3848.91 3514.89 4152.666
1.067 3858.103 3524.905 4161.536
1.068 3867.201 3534.827 4170.514
1.07 3876.206 3544.714 4179.297
1.071 3885.121 3554.502 4187.908
1.072 3893.949 3564.151 4196.448
1.073 3902.692 3573.751 4204.997
1.074 3911.352 3583.141 4213.541
1.075 3919.932 3592.462 4221.974
1.076 3928.433 3601.732 4230.267
1.078 3936.858 3610.886 4238.407
1.079 3945.208 3620.041 4246.587
1.08 3953.486 3629.047 4254.736
1.081 3961.694 3637.87 4262.759
1.082 3969.832 3646.595 4270.731
1.083 3977.903 3655.395 4278.646
1.085 3985.908 3664.089 4286.458
1.086 3993.849 3672.761 4294.321
1.087 4001.728 3681.443 4302.095
1.088 4009.545 3689.874 4309.691
1.089 4017.302 3698.155 4317.282
1.091 4025.002 3706.536 4324.819
1.092 4032.644 3714.766 4332.431
1.093 4040.23 3722.879 4339.845
1.094 4047.761 3731.029 4347.232
1.095 4055.239 3739.117 4354.639
1.096 4062.665 3747.148 4361.873
1.098 4070.039 3755.051 4369.174
1.099 4077.364 3762.951 4376.401
1.1 4084.639 3770.792 4383.636
1.101 4091.866 3778.494 4390.773
1.103 4099.046 3786.181 4397.82
1.104 4106.18 3793.592 4404.871
1.105 4113.269 3801.145 4411.849
1.106 4120.313 3808.704 4418.78
1.107 4127.314 3816.172 4425.642
1.109 4134.272 3823.499 4432.47
1.11 4141.189 3830.969 4439.351
1.111 4148.064 3838.34 4446.192
1.112 4154.899 3845.571 4452.946
1.114 4161.695 3852.733 4459.661
1.115 4168.452 3859.914 4466.34
1.116 4175.171 3867.075 4473.023
1.117 4181.852 3874.079 4479.66
1.119 4188.497 3881.193 4486.324
1.12 4195.106 3888.167 4492.929
1.121 4201.679 3895.099 4499.373
1.122 4208.218 3901.932 4505.846
1.124 4214.722 3908.767 4512.295
1.125 4221.193 3915.56 4518.818
1.126 4227.63 3922.349 4525.224
1.127 4234.036 3929.16 4531.616
1.129 4240.409 3935.905 4537.916
1.13 4246.751 3942.658 4544.217
1.131 4253.063 3949.252 4550.435
1.133 4259.344 3955.85 4556.722
1.134 4265.595 3962.579 4563.042
1.135 4271.816 3969.144 4569.257
1.136 4278.009 3975.563 4575.465
1.138 4284.174 3982.126 4581.549
1.139 4290.31 3988.531 4587.647
1.14 4296.419 3995.007 4593.8
1.142 4302.501 4001.449 4599.871
1.143 4308.557 4007.818 4605.881
1.144 4314.586 4014.119 4612.022
1.145 4320.589 4020.346 4618.006
1.147 4326.567 4026.571 4623.869
1.148 4332.519 4032.834 4629.802
1.149 4338.447 4039.074 4635.69
1.151 4344.351 4045.21 4641.623
1.152 4350.231 4051.309 4647.446
1.153 4356.087 4057.363 4653.271
1.155 4361.92 4063.414 4659.101
1.156 4367.73 4069.447 4664.891
1.157 4373.518 4075.551 4670.748
1.159 4379.283 4081.527 4676.546
1.16 4385.026 4087.522 4682.365
1.161 4390.748 4093.445 4687.961
1.163 4396.449 4099.301 4693.532
1.164 4402.128 4105.287 4699.233
1.166 4407.787 4111.187 4704.963
1.167 4413.425 4117.053 4710.609
1.168 4419.043 4122.832 4716.216
1.17 4424.642 4128.691 4721.851
1.171 4430.221 4134.428 4727.512
1.172 4435.78 4140.128 4733.106
1.174 4441.321 4145.866 4738.587
1.175 4446.842 4151.549 4744.143
1.176 4452.346 4157.238 4749.657
1.178 4457.83 4162.963 4755.164
1.179 4463.297 4168.608 4760.704
1.181 4468.746 4174.227 4766.235
1.182 4474.178 4179.789 4771.708
1.183 4479.592 4185.355 4777.174
1.185 4484.989 4190.885 4782.57
1.186 4490.37 4196.439 4787.897
1.188 4495.733 4201.985 4793.272
1.189 4501.08 4207.545 4798.629
1.19 4506.411 4212.897 4803.93
1.192 4511.726 4218.316 4809.287
1.193 4517.025 4223.755 4814.671
1.195 4522.309 4229.184 4819.927
1.196 4527.577 4234.511 4825.192
1.198 4532.83 4239.913 4830.452
1.199 4538.068 4245.175 4835.72
1.2 4543.291 4250.663 4841.006
1.202 4548.499 4256.078 4846.335
1.203 4553.693 4261.407 4851.617
1.205 4558.873 4266.728 4856.845
1.206 4564.039 4272.083 4862.057
1.208 4569.19 4277.311 4867.225
1.209 4574.328 4282.598 4872.498
1.211 4579.452 4287.856 4877.719
1.212 4584.563 4293.002 4882.87
1.214 4589.661 4298.186 4888.017
1.215 4594.745 4303.423 4893.145
1.217 4599.817 4308.629 4898.21
1.218 4604.876 4313.769 4903.341
1.22 4609.922 4318.955 4908.437
1.221 4614.956 4324.105 4913.581
1.222 4619.977 4329.115 4918.723
1.224 4624.986 4334.317 4923.899
1.225 4629.983 4339.535 4929.047
1.227 4634.969 4344.579 4934.126
1.229 4639.942 4349.647 4939.088
1.23 4644.904 4354.676 4944.078
1.232 4649.854 4359.733 4949.102
1.233 4654.793 4364.786 4954.05
1.235 4659.721 4369.811 4958.964
1.236 4664.638 4374.876 4963.996
1.238 4669.544 4379.897 4968.982
1.239 4674.439 4384.918 4973.962
1.241 4679.323 4389.832 4978.915
1.242 4684.197 4394.842 4983.918
1.244 4689.06 4399.791 4988.814
1.245 4693.913 4404.751 4993.696
1.247 4698.756 4409.616 4998.683
1.248 4703.589 4414.487 5003.668
1.25 4708.411 4419.332 5008.579
1.252 4713.224 4424.245 5013.422
1.253 4718.027 4429.124 5018.281
1.255 4722.821 4433.972 5023.148
1.256 4727.605 4438.793 5027.99
1.258 4732.379 4443.654 5032.875
1.259 4737.144 4448.519 5037.708
1.261 4741.9 4453.255 5042.568
1.263 4746.647 4458.061 5047.364
1.264 4751.385 4462.763 5052.216
1.266 4756.114 4467.528 5057.022
1.267 4760.834 4472.311 5061.85
1.269 4765.546 4477.039 5066.622
1.271 4770.248 4481.682 5071.396
1.272 4774.943 4486.434 5076.133
1.274 4779.629 4491.125 5080.865
1.276 4784.307 4495.811 5085.499
1.277 4788.976 4500.441 5090.21
1.279 4793.637 4505.129 5095.02
1.28 4798.291 4509.789 5099.647
1.282 4802.936 4514.436 5104.398
1.284 4807.574 4519.203 5109.079
1.285 4812.203 4523.892 5113.865
1.287 4816.825 4528.624 5118.543
1.289 4821.44 4533.203 5123.307
1.29 4826.047 4537.827 5128.085
1.292 4830.646 4542.478 5132.817
1.294 4835.239 4547.077 5137.535
1.295 4839.824 4551.633 5142.215
1.297 4844.401 4556.233 5146.868
1.299 4848.972 4560.793 5151.512
1.3 4853.536 4565.35 5156.255
1.302 4858.093 4569.919 5160.876
1.304 4862.642 4574.422 5165.528
1.305 4867.186 4579.091 5170.138
1.307 4871.722 4583.609 5174.728
1.309 4876.252 4588.096 5179.387
1.311 4880.775 4592.579 5184.009
1.312 4885.292 4597.07 5188.649
1.314 4889.802 4601.582 5193.261
1.316 4894.306 4606.066 5197.844
1.318 4898.804 4610.573 5202.433
1.319 4903.295 4615.067 5206.983
1.321 4907.781 4619.525 5211.488
1.323 4912.26 4624.021 5216.071
1.325 4916.734 4628.548 5220.58
1.326 4921.201 4633.026 5225.099
1.328 4925.663 4637.504 5229.69
1.33 4930.119 4641.942 5234.223
1.332 4934.569 4646.359 5238.798
1.333 4939.013 4650.837 5243.406
1.335 4943.452 4655.247 5248.006
1.337 4947.886 4659.673 5252.577
1.339 4952.314 4664.026 5257.148
1.34 4956.736 4668.379 5261.68
1.342 4961.153 4672.786 5266.19
1.344 4965.565 4677.208 5270.72
1.346 4969.972 4681.638 5275.216
1.348 4974.374 4686.057 5279.704
1.35 4978.77 4690.5 5284.154
1.351 4983.162 4694.933 5288.612
1.353 4987.548 4699.304 5293.099
1.355 4991.93 4703.716 5297.58
1.357 4996.306 4707.951 5302.114
1.359 5000.678 4712.368 5306.686
1.361 5005.046 4716.695 5311.204
1.362 5009.408 4720.993 5315.671
1.364 5013.766 4725.298 5320.111
1.366 5018.119 4729.636 5324.585
1.368 5022.468 4734 5329.08
1.37 5026.812 4738.279 5333.582
1.372 5031.152 4742.588 5338.015
1.374 5035.488 4746.947 5342.469
1.376 5039.819 4751.214 5346.878
1.377 5044.146 4755.443 5351.303
1.379 5048.469 4759.715 5355.762
1.381 5052.788 4763.95 5360.239
1.383 5057.103 4768.203 5364.674
1.385 5061.413 4772.477 5369.212
1.387 5065.72 4776.707 5373.657
1.389 5070.022 4780.967 5378.114
1.391 5074.321 4785.167 5382.485
1.393 5078.616 4789.416 5386.869
1.395 5082.907 4793.656 5391.252
1.397 5087.195 4797.925 5395.681
1.399 5091.478 4802.149 5400.044
1.401 5095.758 4806.345 5404.408
1.403 5100.035 4810.58 5408.808
1.404 5104.308 4814.745 5413.197
1.406 5108.577 4818.956 5417.591
1.408 5112.843 4823.021 5422
1.41 5117.106 4827.152 5426.351
1.412 5121.365 4831.206 5430.729
1.414 5125.621 4835.362 5435.056
1.416 5129.873 4839.515 5439.433
1.418 5134.122 4843.691 5443.809
1.42 5138.369 4847.878 5448.13
1.422 5142.612 4852.027 5452.512
1.425 5146.852 4856.201 5456.907
1.427 5151.088 4860.394 5461.243
1.429 5155.322 4864.535 5465.574
1.431 5159.553 4868.702 5469.83
1.433 5163.781 4872.823 5474.186
1.435 5168.006 4876.896 5478.53
1.437 5172.228 4881.043 5482.867
1.439 5176.448 4885.225 5487.177
1.441 5180.664 4889.468 5491.467
1.443 5184.878 4893.601 5495.795
1.445 5189.09 4897.694 5500.18
1.447 5193.298 4901.818 5504.532
1.449 5197.504 4905.952 5508.921
1.451 5201.708 4910.072 5513.304
1.453 5205.909 4914.215 5517.689
1.456 5210.107 4918.317 5522
1.458 5214.303 4922.447 5526.319
1.46 5218.497 4926.521 5530.603
1.462 5222.688 4930.622 5534.901
1.464 5226.877 4934.713 5539.134
1.466 5231.064 4938.793 5543.394
1.468 5235.248 4942.821 5547.668
1.471 5239.43 4946.941 5551.889
1.473 5243.611 4951.005 5556.2
1.475 5247.788 4955.1 5560.447
1.477 5251.964 4959.183 5564.73
1.479 5256.138 4963.246 5569.014
1.481 5260.31 4967.303 5573.286
1.484 5264.48 4971.338 5577.639
1.486 5268.648 4975.379 5581.926
1.488 5272.814 4979.466 5586.243
1.49 5276.978 4983.498 5590.602
1.493 5281.14 4987.539 5594.872
1.495 5285.3 4991.637 5599.172
1.497 5289.459 4995.749 5603.396
1.499 5293.616 4999.877 5607.582
1.502 5297.771 5003.911 5611.927
1.504 5301.925 5007.947 5616.165
1.506 5306.077 5011.958 5620.506
1.508 5310.228 5016.027 5624.788
1.511 5314.376 5019.997 5629.087
1.513 5318.524 5024.068 5633.36
1.515 5322.67 5028.144 5637.626
1.517 5326.814 5032.216 5641.884
1.52 5330.957 5036.256 5646.2
1.522 5335.099 5040.319 5650.51
1.524 5339.239 5044.296 5654.749
1.527 5343.378 5048.277 5659.01
1.529 5347.516 5052.298 5663.291
1.531 5351.652 5056.323 5667.525
1.534 5355.787 5060.409 5671.783
1.536 5359.921 5064.358 5676.104
1.538 5364.054 5068.407 5680.342
1.541 5368.186 5072.435 5684.604
1.543 5372.317 5076.404 5688.867
1.546 5376.446 5080.415 5693.109
1.548 5380.575 5084.451 5697.38
1.55 5384.703 5088.491 5701.615
1.553 5388.829 5092.509 5705.803
1.555 5392.955 5096.531 5710.08
1.558 5397.08 5100.57 5714.33
1.56 5401.204 5104.582 5718.603
1.563 5405.327 5108.571 5722.882
1.565 5409.449 5112.56 5727.117
1.567 5413.571 5116.564 5731.322
1.57 5417.692 5120.546 5735.587
1.572 5421.812 5124.552 5739.776
1.575 5425.932 5128.532 5743.975
1.577 5430.05 5132.567 5748.2
1.58 5434.169 5136.506 5752.414
1.582 5438.286 5140.568 5756.668
1.585 5442.404 5144.557 5760.875
1.587 5446.52 5148.576 5765.158
1.59 5450.636 5152.62 5769.461
1.592 5454.752 5156.656 5773.635
1.595 5458.867 5160.646 5777.915
1.597 5462.982 5164.577 5782.105
1.6 5467.096 5168.609 5786.391
1.603 5471.211 5172.59 5790.62
1.605 5475.324 5176.613 5794.891
1.608 5479.438 5180.597 5799.141
1.61 5483.551 5184.52 5803.482
1.613 5487.664 5188.479 5807.641
1.616 5491.777 5192.433 5811.924
1.618 5495.89 5196.433 5816.201
1.621 5500.002 5200.421 5820.468
1.623 5504.115 5204.397 5824.764
1.626 5508.227 5208.358 5829.071
1.629 5512.34 5212.321 5833.32
1.631 5516.452 5216.294 5837.625
1.634 5520.564 5220.268 5841.846
1.637 5524.677 5224.217 5846.046
1.639 5528.789 5228.177 5850.288
1.642 5532.902 5232.195 5854.561
1.645 5537.015 5236.137 5858.812
1.647 5541.128 5240.111 5863.062
1.65 5545.241 5244.071 5867.34
1.653 5549.354 5248.041 5871.649
1.656 5553.467 5252.007 5875.891
1.658 5557.581 5255.993 5880.076
1.661 5561.695 5260.038 5884.196
1.664 5565.81 5263.993 5888.385
1.667 5569.924 5268.02 5892.62
1.669 5574.04 5271.939 5896.853
1.672 5578.155 5275.877 5901.067
1.675 5582.271 5279.808 5905.293
1.678 5586.388 5283.767 5909.499
1.681 5590.505 5287.726 5913.76
1.684 5594.622 5291.696 5918.014
1.686 5598.74 5295.726 5922.234
1.689 5602.859 5299.669 5926.477
1.692 5606.978 5303.679 5930.747
1.695 5611.098 5307.626 5935.002
1.698 5615.219 5311.56 5939.201
1.701 5619.34 5315.564 5943.475
1.704 5623.462 5319.499 5947.756
1.706 5627.585 5323.441 5951.979
1.709 5631.708 5327.375 5956.222
1.712 5635.832 5331.281 5960.503
1.715 5639.957 5335.294 5964.809
1.718 5644.083 5339.302 5969.119
1.721 5648.21 5343.268 5973.384
1.724 5652.338 5347.229 5977.609
1.727 5656.467 5351.2 5981.925
1.73 5660.597 5355.187 5986.192
1.733 5664.727 5359.146 5990.359
1.736 5668.859 5363.146 5994.599
1.739 5672.992 5367.05 5998.891
1.742 5677.126 5370.999 6003.157
1.745 5681.261 5374.88 6007.441
1.748 5685.397 5378.893 6011.818
1.751 5689.534 5382.849 6016.058
1.754 5693.672 5386.85 6020.368
1.757 5697.812 5390.767 6024.662
1.761 5701.953 5394.719 6028.92
1.764 5706.095 5398.69 6033.154
1.767 5710.238 5402.686 6037.398
1.77 5714.383 5406.651 6041.736
1.773 5718.529 5410.638 6046.057
1.776 5722.677 5414.643 6050.354
1.779 5726.826 5418.585 6054.649
1.783 5730.976 5422.595 6058.965
1.786 5735.128 5426.635 6063.255
1.789 5739.281 5430.627 6067.526
1.792 5743.436 5434.575 6071.82
1.795 5747.593 5438.518 6076.117
1.799 5751.751 5442.488 6080.42
1.802 5755.91 5446.491 6084.769
1.805 5760.071 5450.481 6089.053
1.808 5764.234 5454.492 6093.339
1.812 5768.399 5458.463 6097.602
1.815 5772.565 5462.401 6101.925
1.818 5776.733 5466.346 6106.259
1.821 5780.903 5470.29 6110.65
1.825 5785.074 5474.242 6114.953
1.828 5789.247 5478.224 6119.252
1.832 5793.423 5482.179 6123.573
1.835 5797.6 5486.129 6127.899
1.838 5801.779 5490.117 6132.21
1.842 5805.959 5494.126 6136.559
1.845 5810.142 5498.103 6140.914
1.848 5814.327 5502.177 6145.305
1.852 5818.514 5506.157 6149.672
1.855 5822.703 5510.128 6154.027
1.859 5826.894 5514.138 6158.429
1.862 5831.087 5518.138 6162.731
1.866 5835.282 5522.14 6167.008
1.869 5839.479 5526.135 6171.418
1.873 5843.679 5530.149 6175.773
1.876 5847.881 5534.162 6180.055
1.88 5852.085 5538.176 6184.398
1.883 5856.291 5542.203 6188.757
1.887 5860.499 5546.168 6193.095
1.89 5864.71 5550.166 6197.458
1.894 5868.923 5554.239 6201.804
1.898 5873.139 5558.257 6206.155
1.901 5877.357 5562.261 6210.583
1.905 5881.577 5566.329 6214.924
1.908 5885.8 5570.335 6219.283
1.912 5890.025 5574.373 6223.64
1.916 5894.253 5578.416 6228.017
1.919 5898.484 5582.382 6232.463
1.923 5902.717 5586.422 6236.841
1.927 5906.952 5590.429 6241.233
1.931 5911.19 5594.415 6245.612
1.934 5915.431 5598.427 6249.974
1.938 5919.675 5602.466 6254.348
1.942 5923.921 5606.497 6258.783
1.946 5928.17 5610.542 6263.164
1.949 5932.422 5614.584 6267.654
1.953 5936.677 5618.659 6272.011
1.957 5940.934 5622.715 6276.42
1.961 5945.194 5626.746 6280.762
1.965 5949.458 5630.804 6285.183
1.969 5953.724 5634.884 6289.627
1.972 5957.993 5638.982 6294.021
1.976 5962.265 5643.017 6298.452
1.98 5966.54 5647.095 6302.865
1.984 5970.818 5651.175 6307.287
1.988 5975.099 5655.27 6311.759
1.992 5979.384 5659.343 6316.201
1.996 5983.671 5663.328 6320.61
2 5987.961 5667.346 6324.999
2.004 5992.255 5671.408 6329.499
2.008 5996.552 5675.515 6333.945
2.012 6000.852 5679.601 6338.317
2.016 6005.156 5683.661 6342.739
2.02 6009.463 5687.706 6347.143
2.024 6013.773 5691.762 6351.631
2.028 6018.086 5695.835 6356.14
2.033 6022.403 5699.939 6360.618
2.037 6026.724 5704.017 6365.061
2.041 6031.047 5708.092 6369.543
2.045 6035.375 5712.192 6374.035
2.049 6039.706 5716.298 6378.537
2.053 6044.04 5720.383 6383.03
2.058 6048.378 5724.484 6387.5
2.062 6052.719 5728.658 6392.07
2.066 6057.065 5732.762 6396.546
2.07 6061.414 5736.838 6401.027
2.075 6065.766 5740.974 6405.524
2.079 6070.123 5745.098 6410.066
2.083 6074.483 5749.232 6414.594
2.088 6078.847 5753.328 6419.059
2.092 6083.214 5757.436 6423.538
2.096 6087.586 5761.62 6428.089
2.101 6091.962 5765.787 6432.613
2.105 6096.341 5770.006 6437.198
2.11 6100.725 5774.173 6441.742
2.114 6105.112 5778.333 6446.288
2.119 6109.503 5782.489 6450.775
2.123 6113.899 5786.596 6455.341
2.128 6118.299 5790.752 6459.863
2.132 6122.702 5794.891 6464.341
2.137 6127.11 5799.029 6468.886
2.141 6131.522 5803.181 6473.471
2.146 6135.939 5807.348 6478.012
2.151 6140.359 5811.526 6482.578
2.155 6144.784 5815.594 6487.156
2.16 6149.214 5819.714 6491.688
2.165 6153.647 5823.857 6496.224
2.169 6158.085 5828.041 6500.771
2.174 6162.528 5832.201 6505.377
2.179 6166.975 5836.284 6509.987
2.183 6171.426 5840.458 6514.628
2.188 6175.882 5844.664 6519.293
2.193 6180.342 5848.842 6523.904
2.198 6184.808 5853.072 6528.521
2.203 6189.277 5857.347 6533.176
2.208 6193.752 5861.613 6537.792
2.212 6198.231 5865.836 6542.446
2.217 6202.715 5870.085 6547.132
2.222 6207.203 5874.307 6551.802
2.227 6211.697 5878.521 6556.471
2.232 6216.195 5882.738 6561.08
2.237 6220.699 5886.98 6565.727
2.242 6225.207 5891.267 6570.403
2.247 6229.72 5895.419 6575.07
2.252 6234.238 5899.632 6579.711
2.257 6238.761 5903.849 6584.443
2.262 6243.289 5908.101 6589.094
2.268 6247.823 5912.364 6593.8
2.273 6252.361 5916.593 6598.526
2.278 6256.905 5920.81 6603.274
2.283 6261.454 5925.071 6607.985
2.288 6266.008 5929.308 6612.739
2.294 6270.567 5933.558 6617.573
2.299 6275.132 5937.83 6622.24
2.304 6279.702 5942.13 6626.981
2.309 6284.278 5946.464 6631.742
2.315 6288.859 5950.745 6636.514
2.32 6293.446 5955.048 6641.272
2.326 6298.038 5959.315 6646.048
2.331 6302.635 5963.562 6650.843
2.336 6307.239 5967.904 6655.609
2.342 6311.847 5972.207 6660.379
2.347 6316.462 5976.541 6665.208
2.353 6321.082 5980.932 6670
2.358 6325.708 5985.273 6674.741
2.364 6330.34 5989.629 6679.484
2.37 6334.978 5993.968 6684.276
2.375 6339.622 5998.293 6689.145
2.381 6344.271 6002.62 6693.949
2.387 6348.927 6006.991 6698.751
2.392 6353.589 6011.349 6703.577
2.398 6358.256 6015.678 6708.375
2.404 6362.93 6020.105 6713.157
2.41 6367.61 6024.532 6717.94
2.415 6372.296 6028.993 6722.824
2.421 6376.988 6033.405 6727.749
2.427 6381.687 6037.795 6732.68
2.433 6386.392 6042.196 6737.579
2.439 6391.103 6046.569 6742.407
2.445 6395.821 6050.927 6747.321
2.451 6400.545 6055.344 6752.257
2.457 6405.275 6059.74 6757.167
2.463 6410.013 6064.149 6762.019
2.469 6414.756 6068.531 6766.956
2.475 6419.507 6072.935 6771.855
2.481 6424.264 6077.396 6776.816
2.488 6429.027 6081.823 6781.727
2.494 6433.798 6086.346 6786.677
2.5 6438.575 6090.79 6791.656
2.506 6443.359 6095.264 6796.592
2.513 6448.151 6099.754 6801.553
2.519 6452.949 6104.197 6806.543
2.525 6457.754 6108.655 6811.576
2.532 6462.566 6113.09 6816.501
2.538 6467.385 6117.554 6821.447
2.545 6472.211 6121.977 6826.467
2.551 6477.045 6126.467 6831.469
2.558 6481.886 6130.974 6836.464
2.564 6486.734 6135.568 6841.471
2.571 6491.589 6140.084 6846.549
2.577 6496.452 6144.563 6851.634
2.584 6501.322 6149.023 6856.644
2.591 6506.2 6153.595 6861.663
2.597 6511.085 6158.182 6866.683
2.604 6515.978 6162.791 6871.727
2.611 6520.879 6167.434 6876.882
2.618 6525.787 6172.05 6881.967
2.625 6530.703 6176.575 6887.101
2.632 6535.627 6181.166 6892.207
2.639 6540.558 6185.716 6897.337
2.646 6545.498 6190.329 6902.457
2.653 6550.446 6194.957 6907.663
2.66 6555.401 6199.554 6912.699
2.667 6560.365 6204.198 6917.869
2.674 6565.336 6208.805 6923.057
2.681 6570.316 6213.457 6928.158
2.688 6575.305 6218.165 6933.362
2.695 6580.301 6222.844 6938.51
2.703 6585.306 6227.482 6943.684
2.71 6590.319 6232.133 6948.906
2.717 6595.341 6236.817 6954.072
2.725 6600.371 6241.518 6959.232
2.732 6605.41 6246.208 6964.492
2.74 6610.457 6250.918 6969.696
2.747 6615.513 6255.651 6974.94
2.755 6620.578 6260.298 6980.202
2.762 6625.652 6264.956 6985.518
2.77 6630.734 6269.6 6990.794
2.778 6635.826 6274.321 6996.075
2.786 6640.926 6279.042 7001.262
2.793 6646.036 6283.836 7006.542
2.801 6651.155 6288.551 7011.795
2.809 6656.282 6293.352 7017.083
2.817 6661.42 6298.107 7022.491
2.825 6666.566 6302.887 7027.827
2.833 6671.722 6307.71 7033.186
2.841 6676.887 6312.424 7038.587
2.849 6682.062 6317.213 7043.909
2.857 6687.246 6322.001 7049.308
2.865 6692.44 6326.777 7054.638
2.874 6697.644 6331.634 7060.052
2.882 6702.857 6336.46 7065.449
2.89 6708.08 6341.231 7070.761
2.899 6713.313 6346.082 7076.168
2.907 6718.556 6350.887 7081.621
2.915 6723.81 6355.763 7087.072
2.924 6729.073 6360.589 7092.567
2.933 6734.346 6365.526 7098.042
2.941 6739.63 6370.426 7103.495
2.95 6744.924 6375.299 7108.91
2.959 6750.228 6380.188 7114.333
2.967 6755.543 6385.154 7119.849
2.976 6760.868 6390.051 7125.373
2.985 6766.204 6394.999 7131.006
2.994 6771.551 6399.936 7136.522
3.003 6776.909 6404.894 7142.069
3.012 6782.277 6409.856 7147.68
3.021 6787.656 6414.815 7153.237
3.03 6793.046 6419.824 7158.797
3.04 6798.447 6424.797 7164.367
3.049 6803.86 6429.788 7169.979
3.058 6809.283 6434.776 7175.665
3.067 6814.718 6439.829 7181.238
3.077 6820.164 6444.897 7186.849
3.086 6825.622 6449.83 7192.589
3.096 6831.091 6454.851 7198.311
3.106 6836.572 6459.874 7204.019
3.115 6842.065 6464.946 7209.711
3.125 6847.569 6469.991 7215.502
3.135 6853.085 6475.073 7221.289
3.145 6858.614 6480.165 7227.044
3.155 6864.154 6485.286 7232.705
3.165 6869.706 6490.357 7238.475
3.175 6875.271 6495.423 7244.294
3.185 6880.848 6500.511 7250.044
3.195 6886.437 6505.659 7255.783
3.205 6892.039 6510.806 7261.572
3.215 6897.653 6515.989 7267.371
3.226 6903.28 6521.11 7273.241
3.236 6908.92 6526.294 7279.124
3.247 6914.572 6531.489 7284.901
3.257 6920.238 6536.62 7290.86
3.268 6925.916 6541.87 7296.662
3.279 6931.608 6547.128 7302.585
3.289 6937.313 6552.325 7308.56
3.3 6943.031 6557.608 7314.523
3.311 6948.762 6562.809 7320.406
3.322 6954.508 6568.012 7326.385
3.333 6960.266 6573.255 7332.385
3.344 6966.039 6578.572 7338.363
3.356 6971.825 6583.877 7344.328
3.367 6977.625 6589.183 7350.339
3.378 6983.439 6594.549 7356.437
3.39 6989.268 6599.867 7362.514
3.401 6995.11 6605.179 7368.638
3.413 7000.967 6610.538 7374.787
3.425 7006.839 6615.926 7381.013
3.436 7012.724 6621.353 7387.12
3.448 7018.625 6626.737 7393.254
3.46 7024.54 6632.078 7399.371
3.472 7030.471 6637.46 7405.543
3.484 7036.416 6642.858 7411.852
3.497 7042.376 6648.201 7417.977
3.509 7048.352 6653.626 7424.223
3.521 7054.343 6659.094 7430.47
3.534 7060.349 6664.524 7436.702
3.546 7066.371 6670.08 7443.035
3.559 7072.409 6675.553 7449.379
3.571 7078.462 6681.101 7455.703
3.584 7084.532 6686.69 7462.023
3.597 7090.617 6692.202 7468.254
3.61 7096.719 6697.798 7474.636
3.623 7102.837 6703.347 7480.951
3.636 7108.971 6709.001 7487.31
3.65 7115.122 6714.6 7493.759
3.663 7121.29 6720.199 7500.18
3.676 7127.474 6725.78 7506.572
3.69 7133.676 6731.458 7513.021
3.704 7139.894 6737.241 7519.596
3.717 7146.13 6742.97 7526.095
3.731 7152.383 6748.615 7532.568
3.745 7158.654 6754.282 7538.99
3.759 7164.943 6760.028 7545.492
3.774 7171.249 6765.786 7552.084
3.788 7177.573 6771.533 7558.719
3.802 7183.915 6777.3 7565.277
3.817 7190.275 6783.116 7571.913
3.831 7196.654 6788.92 7578.593
3.846 7203.052 6794.708 7585.274
3.861 7209.468 6800.54 7592.007
3.876 7215.902 6806.391 7598.65
3.891 7222.356 6812.223 7605.338
3.906 7228.829 6818.05 7612.241
3.922 7235.321 6824.008 7619.068
3.937 7241.833 6829.881 7625.939
3.953 7248.364 6835.813 7632.799
3.968 7254.915 6841.682 7639.749
3.984 7261.486 6847.744 7646.519
4 7268.078 6853.697 7653.351
4.016 7274.689 6859.681 7660.216
4.032 7281.321 6865.666 7667.061
4.049 7287.973 6871.694 7674.077
4.065 7294.647 6877.831 7681.048
4.082 7301.341 6883.956 7688.027
4.098 7308.056 6890.089 7695.08
4.115 7314.793 6896.158 7702.141
4.132 7321.551 6902.27 7709.288
4.149 7328.331 6908.433 7716.409
4.167 7335.133 6914.535 7723.62
4.184 7341.957 6920.669 7730.786
4.202 7348.804 6926.866 7737.917
4.219 7355.672 6933.199 7745.09
4.237 7362.564 6939.459 7752.302
4.255 7369.478 6945.702 7759.473
4.274 7376.415 6951.879 7766.657
4.292 7383.376 6958.186 7774.032
4.31 7390.36 6964.489 7781.263
4.329 7397.368 6970.71 7788.646
4.348 7404.4 6977.105 7795.985
4.367 7411.456 6983.492 7803.45
4.386 7418.536 6989.827 7810.798
4.405 7425.64 6996.173 7818.291
4.425 7432.77 7002.618 7825.724
4.444 7439.925 7009.036 7833.235
4.464 7447.104 7015.416 7840.816
4.484 7454.31 7021.929 7848.449
4.505 7461.541 7028.408 7855.887
4.525 7468.798 7034.914 7863.454
4.545 7476.081 7041.458 7871.106
4.566 7483.39 7048.054 7878.634
4.587 7490.726 7054.636 7886.386
4.608 7498.09 7061.22 7894.017
4.63 7505.48 7067.859 7901.884
4.651 7512.898 7074.495 7909.647
4.673 7520.343 7081.206 7917.503
4.695 7527.817 7087.913 7925.29
4.717 7535.318 7094.603 7933.087
4.739 7542.849 7101.413 7940.9
4.762 7550.408 7108.179 7948.682
4.785 7557.996 7114.982 7956.688
4.808 7565.613 7121.901 7964.642
4.831 7573.26 7128.827 7972.724
4.854 7580.937 7135.646 7980.841
4.878 7588.645 7142.448 7988.833
4.902 7596.383 7149.339 7996.948
4.926 7604.151 7156.269 8005.132
4.95 7611.951 7163.169 8013.413
4.975 7619.782 7170.106 8021.719
5 7627.645 7177.077 8029.928
5.025 7635.541 7184.068 8038.19
5.051 7643.468 7191.247 8046.67
5.076 7651.429 7198.352 8055.107
5.102 7659.422 7205.506 8063.5
5.128 7667.449 7212.68 8072.097
5.155 7675.51 7219.856 8080.506
5.181 7683.605 7227.123 8088.958
5.208 7691.734 7234.391 8097.495
5.236 7699.898 7241.743 8106.005
5.263 7708.098 7249.05 8114.668
5.291 7716.333 7256.324 8123.398
5.319 7724.604 7263.666 8132.049
5.348 7732.912 7271.205 8140.834
5.376 7741.256 7278.641 8149.627
5.405 7749.637 7286.089 8158.591
5.435 7758.056 7293.521 8167.62
5.464 7766.514 7300.985 8176.64
5.495 7775.009 7308.537 8185.65
5.525 7783.543 7316.084 8194.66
5.556 7792.117 7323.691 8203.794
5.587 7800.73 7331.35 8212.945
5.618 7809.384 7339.068 8222.088
5.65 7818.078 7346.812 8231.256
5.682 7826.813 7354.582 8240.502
5.714 7835.59 7362.408 8249.797
5.747 7844.409 7370.181 8259.098
5.78 7853.27 7378.013 8268.531
5.814 7862.174 7385.964 8277.898
5.848 7871.122 7393.888 8287.462
5.882 7880.114 7401.873 8296.873
5.917 7889.151 7409.868 8306.551
5.952 7898.232 7417.881 8316.144
5.988 7907.359 7425.941 8325.966
6.024 7916.532 7433.956 8335.728
6.061 7925.752 7442.035 8345.617
6.098 7935.02 7450.257 8355.357
6.135 7944.335 7458.483 8365.297
6.173 7953.698 7466.716 8375.303
6.211 7963.111 7475.002 8385.046
6.25 7972.573 7483.302 8394.996
6.289 7982.086 7491.59 8405.054
6.329 7991.65 7500 8415.184
6.369 8001.265 7508.479 8425.41
6.41 8010.932 7516.891 8435.699
6.452 8020.652 7525.457 8445.977
6.494 8030.426 7534.04 8456.353
6.536 8040.254 7542.648 8466.761
6.579 8050.137 7551.368 8477.406
6.623 8060.076 7560.008 8487.994
6.667 8070.071 7568.773 8498.667
6.711 8080.123 7577.566 8509.263
6.757 8090.233 7586.467 8520.163
6.803 8100.402 7595.324 8531.027
6.849 8110.631 7604.296 8542.146
6.897 8120.92 7613.388 8553.164
6.944 8131.27 7622.448 8564.116
6.993 8141.682 7631.629 8575.083
7.042 8152.157 7640.813 8586.223
7.092 8162.695 7650.03 8597.448
7.143 8173.299 7659.299 8608.609
7.194 8183.968 7668.637 8620.061
7.246 8194.703 7677.974 8631.582
7.299 8205.506 7687.356 8643.229
7.353 8216.377 7696.855 8654.925
7.407 8227.318 7706.323 8666.579
7.463 8238.33 7715.801 8678.425
7.519 8249.413 7725.431 8690.005
7.576 8260.568 7735.05 8702.113
7.634 8271.797 7744.794 8714.061
7.692 8283.101 7754.536 8726.438
7.752 8294.481 7764.465 8738.738
7.812 8305.938 7774.395 8751.173
7.874 8317.473 7784.329 8763.817
7.937 8329.088 7794.307 8776.334
8 8340.784 7804.502 8788.994
8.065 8352.562 7814.593 8801.744
8.13 8364.423 7824.761 8814.451
8.197 8376.369 7835.1 8827.504
8.264 8388.401 7845.52 8840.538
8.333 8400.52 7856.012 8853.684
8.403 8412.729 7866.31 8866.942
8.475 8425.028 7876.835 8880.107
8.547 8437.419 7887.553 8893.377
8.621 8449.903 7898.204 8906.921
8.696 8462.483 7909.036 8920.374
8.772 8475.159 7919.771 8934.495
8.85 8487.934 7930.613 8948.24
8.929 8500.809 7941.701 8962.378
9.009 8513.786 7952.779 8976.346
9.091 8526.866 7963.943 8990.553
9.174 8540.052 7975.151 9004.832
9.259 8553.346 7986.5 9019.486
9.346 8566.749 7997.9 9034.159
9.434 8580.264 8009.478 9049.013
9.524 8593.893 8021.135 9063.902
9.615 8607.637 8032.833 9078.971
9.709 8621.499 8044.613 9094.246
9.804 8635.481 8056.519 9109.667
9.901 8649.586 8068.529 9125.095
10 8663.816 8080.768 9140.694
10.101 8678.173 8092.826 9156.381
10.204 8692.66 8105.193 9172.14
10.309 8707.28 8117.519 9188.034
10.417 8722.035 8129.91 9204.272
10.526 8736.928 8142.455 9220.546
10.638 8751.962 8155.213 9236.96
10.753 8767.14 8167.851 9253.81
10.87 8782.465 8180.83 9270.563
10.989 8797.939 8193.852 9287.662
11.111 8813.568 8207.034 9305.084
11.236 8829.353 8220.308 9322.365
11.364 8845.298 8233.61 9339.991
11.494 8861.407 8247.168 9357.855
11.628 8877.683 8260.652 9375.687
11.765 8894.131 8274.203 9393.703
11.905 8910.754 8288.078 9411.954
12.048 8927.557 8302.056 9430.552
12.195 8944.543 8316.168 9449.405
12.346 8961.717 8330.6 9468.682
12.5 8979.084 8344.96 9487.565
12.658 8996.649 8359.66 9507.33
12.821 9014.416 8374.293 9526.989
12.987 9032.39 8389.248 9546.847
13.158 9050.577 8404.427 9567.199
13.333 9068.983 8419.596 9587.808
13.514 9087.612 8434.839 9608.627
13.699 9106.472 8450.307 9629.692
13.889 9125.568 8465.984 9650.894
14.085 9144.907 8481.834 9672.795
14.286 9164.495 8497.979 9694.491
14.493 9184.339 8514.32 9716.849
14.706 9204.448 8530.793 9739.676
14.925 9224.828 8547.476 9762.841
15.152 9245.488 8564.322 9786.196
15.385 9266.435 8581.381 9809.697
15.625 9287.679 8598.958 9833.651
15.873 9309.228 8616.46 9858.017
16.129 9331.093 8634.241 9882.95
16.393 9353.283 8652.107 9907.998
16.667 9375.809 8670.488 9933.219
16.949 9398.682 8689.11 9959.374
17.241 9421.914 8707.881 9986.02
17.544 9445.516 8727.047 10012.855
17.857 9469.501 8746.364 10040.49
18.182 9493.883 8765.887 10068.644
18.519 9518.677 8785.897 10096.701
18.868 9543.897 8806.162 10125.921
19.231 9569.559 8826.87 10155.65
19.608 9595.68 8847.786 10185.672
20 9622.277 8868.783 10216.254
20.408 9649.37 8890.342 10247.56
20.833 9676.979 8912.332 10279.6
21.277 9705.124 8934.514 10312.09
21.739 9733.828 8957.201 10345.496
22.222 9763.116 8980.284 10379.479
22.727 9793.012 9003.874 10414.255
23.256 9823.544 9028.008 10449.935
23.81 9854.742 9052.619 10486.575
24.39 9886.636 9077.642 10524.086
25 9919.261 9102.977 10562.246
25.641 9952.652 9128.984 10601.695
26.316 9986.848 9155.403 10641.752
27.027 10021.892 9182.652 10683.073
27.778 10057.827 9210.506 10725.587
28.571 10094.705 9238.716 10769.211
29.412 10132.577 9267.645 10814.03
30.303 10171.502 9297.557 10860.573
31.25 10211.543 9328.191 10908.184
32.258 10252.769 9359.463 10957.33
33.333 10295.256 9391.55 11008.024
34.483 10339.087 9424.575 11060.714
35.714 10384.355 9458.617 11115.205
37.037 10431.161 9494.022 11171.833
38.462 10479.618 9530.503 11230.639
40 10529.854 9567.493 11291.622
41.667 10582.009 9606.422 11355.79
43.478 10636.243 9646.532 11421.482
45.455 10692.736 9688.35 11490.739
47.619 10751.693 9731.317 11563.828
50 10813.349 9776.523 11640.43
52.632 10877.973 9823.618 11720.415
55.556 10945.878 9872.573 11805.467
58.824 11017.43 9924.341 11895.165
62.5 11093.061 9978.639 11989.964
66.667 11173.282 10035.288 12090.784
71.429 11258.713 10095.338 12199.924
76.923 11350.104 10159.172 12315.75
83.333 11448.387 10227.346 12441.8
90.909 11554.73 10300.074 12579.32
100 11670.63 10379.664 12729.741
111.111 11798.05 10465.625 12897.688
125 11939.636 10559.77 13085.452
142.857 12099.074 10665.137 13298.399
166.667 12281.733 10783.257 13545.759
200 12495.87 10919.503 13838.441
250 12755.204 11081.531 14195.942
333.333 13085.176 11282.141 14659.944
500 13542.112 11550.072 15317.803
1000 14301.948 11972.098 16458.484
1111.111 14415.154 12031.706 16632.836
1250 14541.006 12097.491 16828.369
1428.571 14682.794 12171.069 17049.017
1666.667 14845.309 12253.796 17306.309
2000 15035.923 12350.136 17609.341
2500 15266.878 12463.773 17984.783
3333.333 15560.882 12603.774 18471.554
5000 15968.205 12792.897 19160.243
10000 16645.868 13088.707 20347.591
