"Pr" "Mp" "Q_2" "Q_9"
1.01 3063.318 2613.919 3395.037
1.011 3096.796 2653.271 3425.93
1.012 3127.937 2689.673 3454.709
1.013 3157.088 2723.795 3481.876
1.014 3184.525 2755.64 3507.448
1.015 3210.468 2785.721 3531.609
1.016 3235.096 2814.276 3554.638
1.017 3258.556 2841.541 3576.672
1.018 3280.973 2867.614 3597.633
1.019 3302.451 2892.441 3617.738
1.02 3323.079 2916.204 3637.089
1.021 3342.934 2939.212 3655.73
1.022 3362.083 2961.277 3673.758
1.024 3380.584 2982.599 3691.04
1.025 3398.487 3003.1 3707.957
1.026 3415.838 3022.864 3724.313
1.027 3432.676 3042.146 3740.3
1.028 3449.038 3060.943 3755.79
1.029 3464.955 3079.045 3770.839
1.03 3480.456 3096.873 3785.446
1.031 3495.568 3114.028 3799.811
1.032 3510.313 3130.732 3813.719
1.033 3524.713 3147.064 3827.327
1.034 3538.788 3163.186 3840.734
1.035 3552.556 3178.826 3853.892
1.036 3566.032 3193.957 3866.593
1.037 3579.233 3208.878 3879.091
1.038 3592.172 3223.548 3891.383
1.04 3604.861 3237.831 3903.54
1.041 3617.314 3252.055 3915.553
1.042 3629.54 3265.78 3927.163
1.043 3641.55 3279.312 3938.54
1.044 3653.354 3292.648 3949.793
1.045 3664.961 3305.719 3960.923
1.046 3676.379 3318.607 3971.763
1.047 3687.616 3331.21 3982.634
1.048 3698.679 3343.648 3993.224
1.049 3709.575 3355.858 4003.706
1.05 3720.31 3367.804 4014.019
1.052 3730.891 3379.586 4024.197
1.053 3741.324 3391.23 4034.235
1.054 3751.613 3402.777 4044.124
1.055 3761.764 3414.074 4053.837
1.056 3771.783 3425.285 4063.459
1.057 3781.672 3436.409 4073.075
1.058 3791.437 3447.289 4082.411
1.059 3801.082 3457.925 4091.654
1.06 3810.611 3468.487 4100.876
1.062 3820.027 3478.956 4109.899
1.063 3829.335 3489.422 4118.91
1.064 3838.537 3499.624 4127.905
1.065 3847.636 3509.624 4136.77
1.066 3856.637 3519.604 4145.417
1.067 3865.541 3529.515 4154.034
1.068 3874.351 3539.272 4162.53
1.07 3883.071 3548.888 4171.019
1.071 3891.702 3558.475 4179.267
1.072 3900.248 3567.806 4187.593
1.073 3908.71 3577.08 4195.854
1.074 3917.091 3586.422 4203.889
1.075 3925.392 3595.68 4211.997
1.076 3933.617 3604.664 4220.003
1.078 3941.767 3613.654 4227.937
1.079 3949.844 3622.571 4235.819
1.08 3957.85 3631.328 4243.581
1.081 3965.786 3639.989 4251.288
1.082 3973.655 3648.666 4258.934
1.083 3981.458 3657.261 4266.526
1.085 3989.196 3665.716 4274.113
1.086 3996.871 3674.087 4281.581
1.087 4004.485 3682.451 4288.915
1.088 4012.038 3690.742 4296.28
1.089 4019.533 3698.954 4303.534
1.091 4026.971 3707.071 4310.87
1.092 4034.352 3715.117 4318.033
1.093 4041.679 3723.077 4325.155
1.094 4048.952 3731.011 4332.242
1.095 4056.173 3738.951 4339.317
1.096 4063.342 3746.847 4346.308
1.098 4070.461 3754.64 4353.226
1.099 4077.531 3762.402 4360.057
1.1 4084.553 3770.019 4366.89
1.101 4091.527 3777.652 4373.711
1.103 4098.455 3785.14 4380.481
1.104 4105.338 3792.541 4387.159
1.105 4112.177 3799.931 4393.903
1.106 4118.972 3807.262 4400.45
1.107 4125.724 3814.6 4407.057
1.109 4132.434 3821.836 4413.625
1.11 4139.104 3829.042 4420.226
1.111 4145.733 3836.192 4426.698
1.112 4152.322 3843.413 4433.218
1.114 4158.873 3850.493 4439.636
1.115 4165.386 3857.507 4446.018
1.116 4171.861 3864.483 4452.392
1.117 4178.3 3871.393 4458.677
1.119 4184.702 3878.346 4464.985
1.12 4191.07 3885.18 4471.167
1.121 4197.402 3892.119 4477.437
1.122 4203.701 3898.88 4483.64
1.124 4209.965 3905.654 4489.844
1.125 4216.197 3912.352 4496.063
1.126 4222.397 3918.948 4502.127
1.127 4228.564 3925.536 4508.187
1.129 4234.7 3932.145 4514.239
1.13 4240.806 3938.637 4520.279
1.131 4246.881 3945.142 4526.243
1.133 4252.926 3951.628 4532.207
1.134 4258.942 3958.064 4538.183
1.135 4264.929 3964.427 4544.135
1.136 4270.888 3970.843 4550.028
1.138 4276.819 3977.262 4555.93
1.139 4282.723 3983.596 4561.774
1.14 4288.599 3989.827 4567.578
1.142 4294.449 3996.016 4573.333
1.143 4300.273 4002.207 4579.074
1.144 4306.07 4008.402 4584.788
1.145 4311.843 4014.513 4590.525
1.147 4317.59 4020.616 4596.186
1.148 4323.313 4026.693 4601.878
1.149 4329.012 4032.79 4607.551
1.151 4334.686 4038.829 4613.119
1.152 4340.338 4044.881 4618.673
1.153 4345.965 4050.822 4624.189
1.155 4351.571 4056.831 4629.682
1.156 4357.153 4062.793 4635.225
1.157 4362.714 4068.67 4640.763
1.159 4368.252 4074.526 4646.25
1.16 4373.769 4080.38 4651.686
1.161 4379.265 4086.199 4657.115
1.163 4384.74 4092.036 4662.549
1.164 4390.194 4097.765 4667.925
1.166 4395.628 4103.563 4673.293
1.167 4401.041 4109.299 4678.691
1.168 4406.435 4115.014 4684.056
1.17 4411.809 4120.732 4689.375
1.171 4417.165 4126.362 4694.677
1.172 4422.501 4132.023 4699.958
1.174 4427.818 4137.674 4705.235
1.175 4433.117 4143.235 4710.504
1.176 4438.398 4148.8 4715.747
1.178 4443.66 4154.358 4720.983
1.179 4448.905 4159.898 4726.215
1.181 4454.133 4165.396 4731.391
1.182 4459.343 4170.82 4736.499
1.183 4464.536 4176.295 4741.677
1.185 4469.712 4181.766 4746.836
1.186 4474.871 4187.099 4751.988
1.188 4480.015 4192.462 4757.13
1.189 4485.142 4197.82 4762.207
1.19 4490.253 4203.209 4767.314
1.192 4495.348 4208.536 4772.425
1.193 4500.428 4213.846 4777.473
1.195 4505.492 4219.161 4782.507
1.196 4510.541 4224.456 4787.547
1.198 4515.575 4229.775 4792.504
1.199 4520.594 4235.054 4797.498
1.2 4525.599 4240.35 4802.478
1.202 4530.589 4245.594 4807.471
1.203 4535.565 4250.863 4812.478
1.205 4540.527 4256.112 4817.453
1.206 4545.475 4261.351 4822.408
1.208 4550.409 4266.405 4827.339
1.209 4555.33 4271.621 4832.223
1.211 4560.237 4276.745 4837.126
1.212 4565.131 4281.902 4841.952
1.214 4570.011 4287.019 4846.865
1.215 4574.879 4292.093 4851.661
1.217 4579.735 4297.125 4856.485
1.218 4584.577 4302.221 4861.324
1.22 4589.407 4307.261 4866.171
1.221 4594.225 4312.332 4871.012
1.222 4599.03 4317.361 4875.785
1.224 4603.824 4322.352 4880.611
1.225 4608.605 4327.332 4885.386
1.227 4613.375 4332.4 4890.186
1.229 4618.133 4337.46 4894.92
1.23 4622.88 4342.477 4899.715
1.232 4627.615 4347.411 4904.437
1.233 4632.339 4352.329 4909.192
1.235 4637.052 4357.259 4913.887
1.236 4641.755 4362.081 4918.599
1.238 4646.446 4366.924 4923.262
1.239 4651.126 4371.81 4927.947
1.241 4655.796 4376.656 4932.604
1.242 4660.456 4381.514 4937.298
1.244 4665.105 4386.382 4941.956
1.245 4669.744 4391.227 4946.596
1.247 4674.372 4395.994 4951.215
1.248 4678.991 4400.742 4955.87
1.25 4683.6 4405.504 4960.527
1.252 4688.199 4410.248 4965.102
1.253 4692.789 4415.017 4969.746
1.255 4697.368 4419.788 4974.359
1.256 4701.939 4424.598 4978.914
1.258 4706.5 4429.323 4983.455
1.259 4711.052 4434.025 4988.016
1.261 4715.595 4438.714 4992.567
1.263 4720.128 4443.393 4997.146
1.264 4724.653 4448.061 5001.651
1.266 4729.169 4452.726 5006.182
1.267 4733.676 4457.386 5010.644
1.269 4738.174 4462.08 5015.103
1.271 4742.664 4466.729 5019.606
1.272 4747.146 4471.292 5024.071
1.274 4751.619 4475.845 5028.618
1.276 4756.084 4480.442 5033.064
1.277 4760.541 4485.077 5037.561
1.279 4764.989 4489.669 5042.004
1.28 4769.43 4494.279 5046.447
1.282 4773.863 4498.817 5050.87
1.284 4778.288 4503.393 5055.325
1.285 4782.705 4507.98 5059.786
1.287 4787.114 4512.531 5064.23
1.289 4791.516 4517.095 5068.632
1.29 4795.911 4521.639 5073.021
1.292 4800.298 4526.17 5077.455
1.294 4804.678 4530.705 5081.836
1.295 4809.05 4535.213 5086.196
1.297 4813.415 4539.682 5090.648
1.299 4817.774 4544.186 5095.056
1.3 4822.125 4548.676 5099.414
1.302 4826.469 4553.139 5103.804
1.304 4830.807 4557.597 5108.129
1.305 4835.137 4562.038 5112.513
1.307 4839.461 4566.512 5116.938
1.309 4843.779 4570.928 5121.333
1.311 4848.09 4575.325 5125.678
1.312 4852.394 4579.745 5130.021
1.314 4856.692 4584.163 5134.36
1.316 4860.983 4588.621 5138.707
1.318 4865.269 4593.028 5143.006
1.319 4869.548 4597.418 5147.326
1.321 4873.821 4601.809 5151.57
1.323 4878.087 4606.21 5155.86
1.325 4882.348 4610.643 5160.153
1.326 4886.603 4614.989 5164.442
1.328 4890.852 4619.345 5168.699
1.33 4895.095 4623.697 5172.947
1.332 4899.333 4628.019 5177.206
1.333 4903.565 4632.309 5181.516
1.335 4907.791 4636.65 5185.815
1.337 4912.012 4640.982 5190.06
1.339 4916.227 4645.314 5194.378
1.34 4920.436 4649.615 5198.631
1.342 4924.641 4653.882 5202.885
1.344 4928.84 4658.165 5207.133
1.346 4933.034 4662.465 5211.379
1.348 4937.222 4666.751 5215.581
1.35 4941.406 4671.016 5219.796
1.351 4945.584 4675.281 5224.025
1.353 4949.757 4679.592 5228.206
1.355 4953.926 4683.843 5232.428
1.357 4958.089 4688.105 5236.615
1.359 4962.248 4692.361 5240.831
1.361 4966.402 4696.622 5244.989
1.362 4970.551 4700.845 5249.153
1.364 4974.695 4705.048 5253.296
1.366 4978.835 4709.244 5257.488
1.368 4982.97 4713.508 5261.688
1.37 4987.101 4717.676 5265.863
1.372 4991.227 4721.904 5270.047
1.374 4995.348 4726.125 5274.184
1.376 4999.466 4730.301 5278.329
1.377 5003.579 4734.447 5282.453
1.379 5007.688 4738.578 5286.591
1.381 5011.792 4742.777 5290.745
1.383 5015.892 4746.967 5294.844
1.385 5019.989 4751.139 5298.954
1.387 5024.081 4755.349 5303.087
1.389 5028.169 4759.532 5307.209
1.391 5032.253 4763.739 5311.351
1.393 5036.333 4767.88 5315.536
1.395 5040.41 4772.018 5319.661
1.397 5044.482 4776.165 5323.772
1.399 5048.551 4780.319 5327.875
1.401 5052.616 4784.447 5331.991
1.403 5056.677 4788.568 5336.109
1.404 5060.735 4792.641 5340.185
1.406 5064.789 4796.74 5344.283
1.408 5068.839 4800.838 5348.412
1.41 5072.886 4804.917 5352.493
1.412 5076.929 4809.003 5356.578
1.414 5080.97 4813.117 5360.686
1.416 5085.006 4817.187 5364.773
1.418 5089.039 4821.298 5368.883
1.42 5093.069 4825.334 5372.972
1.422 5097.096 4829.435 5376.999
1.425 5101.12 4833.53 5381.025
1.427 5105.14 4837.61 5385.146
1.429 5109.157 4841.678 5389.224
1.431 5113.171 4845.765 5393.308
1.433 5117.182 4849.833 5397.342
1.435 5121.19 4853.891 5401.389
1.437 5125.195 4857.94 5405.454
1.439 5129.198 4861.987 5409.471
1.441 5133.197 4866.019 5413.515
1.443 5137.193 4870.078 5417.576
1.445 5141.187 4874.12 5421.609
1.447 5145.178 4878.176 5425.625
1.449 5149.166 4882.19 5429.667
1.451 5153.151 4886.203 5433.69
1.453 5157.134 4890.224 5437.725
1.456 5161.114 4894.197 5441.75
1.458 5165.092 4898.226 5445.765
1.46 5169.067 4902.256 5449.816
1.462 5173.039 4906.327 5453.85
1.464 5177.009 4910.363 5457.892
1.466 5180.977 4914.331 5461.953
1.468 5184.942 4918.333 5465.907
1.471 5188.905 4922.323 5469.887
1.473 5192.865 4926.285 5473.966
1.475 5196.824 4930.318 5477.996
1.477 5200.78 4934.296 5482.035
1.479 5204.733 4938.277 5486.065
1.481 5208.685 4942.277 5490.083
1.484 5212.635 4946.244 5494.102
1.486 5216.582 4950.246 5498.085
1.488 5220.527 4954.189 5502.124
1.49 5224.47 4958.137 5506.149
1.493 5228.412 4962.099 5510.161
1.495 5232.351 4966.044 5514.165
1.497 5236.288 4970.06 5518.137
1.499 5240.224 4974.048 5522.201
1.502 5244.157 4978.031 5526.19
1.504 5248.089 4981.983 5530.178
1.506 5252.019 4985.949 5534.226
1.508 5255.947 4989.902 5538.181
1.511 5259.874 4993.844 5542.157
1.513 5263.798 4997.836 5546.089
1.515 5267.722 5001.749 5550.069
1.517 5271.643 5005.677 5554.059
1.52 5275.563 5009.63 5558.073
1.522 5279.481 5013.521 5562.035
1.524 5283.398 5017.465 5565.956
1.527 5287.313 5021.397 5569.942
1.529 5291.227 5025.328 5573.964
1.531 5295.139 5029.237 5577.941
1.534 5299.05 5033.152 5581.944
1.536 5302.96 5037.086 5585.88
1.538 5306.868 5040.972 5589.816
1.541 5310.775 5044.928 5593.774
1.543 5314.68 5048.831 5597.753
1.546 5318.584 5052.736 5601.743
1.548 5322.487 5056.651 5605.73
1.55 5326.389 5060.508 5609.708
1.553 5330.29 5064.449 5613.639
1.555 5334.19 5068.408 5617.585
1.558 5338.088 5072.279 5621.54
1.56 5341.986 5076.158 5625.476
1.563 5345.882 5080.053 5629.467
1.565 5349.777 5083.962 5633.465
1.567 5353.672 5087.91 5637.472
1.57 5357.565 5091.831 5641.406
1.572 5361.458 5095.77 5645.363
1.575 5365.349 5099.727 5649.314
1.577 5369.24 5103.634 5653.268
1.58 5373.13 5107.516 5657.172
1.582 5377.019 5111.461 5661.145
1.585 5380.907 5115.373 5665.109
1.587 5384.795 5119.252 5669.09
1.59 5388.681 5123.17 5673.018
1.592 5392.568 5127.064 5676.941
1.595 5396.453 5131.018 5680.886
1.597 5400.338 5134.91 5684.844
1.6 5404.222 5138.803 5688.765
1.603 5408.106 5142.657 5692.686
1.605 5411.989 5146.529 5696.677
1.608 5415.871 5150.42 5700.675
1.61 5419.753 5154.292 5704.617
1.613 5423.635 5158.205 5708.537
1.616 5427.516 5162.104 5712.451
1.618 5431.397 5165.977 5716.423
1.621 5435.277 5169.868 5720.364
1.623 5439.157 5173.767 5724.325
1.626 5443.037 5177.613 5728.306
1.629 5446.916 5181.504 5732.336
1.631 5450.795 5185.417 5736.246
1.634 5454.674 5189.34 5740.203
1.637 5458.553 5193.243 5744.139
1.639 5462.431 5197.187 5748.068
1.642 5466.31 5201.066 5752.019
1.645 5470.188 5204.901 5755.995
1.647 5474.066 5208.789 5759.962
1.65 5477.944 5212.683 5763.945
1.653 5481.822 5216.583 5767.886
1.656 5485.699 5220.513 5771.863
1.658 5489.577 5224.376 5775.815
1.661 5493.455 5228.277 5779.821
1.664 5497.333 5232.145 5783.785
1.667 5501.211 5236.038 5787.719
1.669 5505.089 5239.947 5791.685
1.672 5508.967 5243.775 5795.662
1.675 5512.846 5247.636 5799.577
1.678 5516.724 5251.456 5803.524
1.681 5520.603 5255.353 5807.448
1.684 5524.482 5259.25 5811.382
1.686 5528.361 5263.143 5815.333
1.689 5532.241 5267.007 5819.294
1.692 5536.121 5270.881 5823.296
1.695 5540.001 5274.744 5827.291
1.698 5543.881 5278.563 5831.234
1.701 5547.762 5282.405 5835.237
1.704 5551.644 5286.279 5839.211
1.706 5555.525 5290.252 5843.181
1.709 5559.408 5294.151 5847.143
1.712 5563.29 5297.998 5851.057
1.715 5567.174 5301.84 5854.994
1.718 5571.057 5305.718 5858.929
1.721 5574.942 5309.59 5862.901
1.724 5578.827 5313.466 5866.84
1.727 5582.712 5317.286 5870.804
1.73 5586.599 5321.206 5874.763
1.733 5590.486 5325.082 5878.743
1.736 5594.373 5328.969 5882.748
1.739 5598.262 5332.867 5886.752
1.742 5602.151 5336.722 5890.711
1.745 5606.041 5340.577 5894.679
1.748 5609.931 5344.476 5898.639
1.751 5613.823 5348.37 5902.63
1.754 5617.715 5352.311 5906.575
1.757 5621.608 5356.132 5910.525
1.761 5625.503 5360.012 5914.445
1.764 5629.398 5363.831 5918.402
1.767 5633.294 5367.695 5922.418
1.77 5637.191 5371.599 5926.424
1.773 5641.089 5375.53 5930.426
1.776 5644.988 5379.488 5934.442
1.779 5648.888 5383.334 5938.441
1.783 5652.789 5387.18 5942.406
1.786 5656.691 5391.105 5946.322
1.789 5660.595 5394.97 5950.348
1.792 5664.499 5398.884 5954.343
1.795 5668.405 5402.767 5958.33
1.799 5672.312 5406.705 5962.296
1.802 5676.22 5410.612 5966.31
1.805 5680.13 5414.54 5970.326
1.808 5684.041 5418.385 5974.356
1.812 5687.953 5422.224 5978.357
1.815 5691.866 5426.132 5982.365
1.818 5695.781 5430.03 5986.365
1.821 5699.697 5433.929 5990.394
1.825 5703.615 5437.803 5994.4
1.828 5707.534 5441.717 5998.425
1.832 5711.454 5445.656 6002.396
1.835 5715.376 5449.558 6006.393
1.838 5719.3 5453.43 6010.408
1.842 5723.225 5457.325 6014.408
1.845 5727.151 5461.251 6018.389
1.848 5731.079 5465.137 6022.415
1.852 5735.009 5469.047 6026.422
1.855 5738.941 5472.95 6030.463
1.859 5742.874 5476.885 6034.501
1.862 5746.809 5480.755 6038.556
1.866 5750.745 5484.642 6042.635
1.869 5754.683 5488.561 6046.702
1.873 5758.624 5492.506 6050.699
1.876 5762.565 5496.388 6054.712
1.88 5766.509 5500.338 6058.7
1.883 5770.455 5504.276 6062.746
1.887 5774.402 5508.194 6066.761
1.89 5778.351 5512.1 6070.816
1.894 5782.302 5516.056 6074.857
1.898 5786.256 5520.066 6078.896
1.901 5790.211 5523.962 6082.922
1.905 5794.168 5527.837 6086.955
1.908 5798.127 5531.807 6090.948
1.912 5802.088 5535.759 6095.011
1.916 5806.052 5539.642 6099.061
1.919 5810.017 5543.62 6103.125
1.923 5813.985 5547.572 6107.137
1.927 5817.955 5551.498 6111.185
1.931 5821.926 5555.537 6115.24
1.934 5825.901 5559.463 6119.289
1.938 5829.877 5563.407 6123.369
1.942 5833.856 5567.334 6127.416
1.946 5837.837 5571.277 6131.465
1.949 5841.82 5575.251 6135.496
1.953 5845.805 5579.203 6139.561
1.957 5849.793 5583.178 6143.647
1.961 5853.784 5587.124 6147.764
1.965 5857.777 5591.067 6151.848
1.969 5861.772 5594.973 6155.89
1.972 5865.77 5598.899 6159.987
1.976 5869.77 5602.807 6164.052
1.98 5873.773 5606.778 6168.131
1.984 5877.778 5610.695 6172.25
1.988 5881.786 5614.669 6176.392
1.992 5885.797 5618.636 6180.503
1.996 5889.81 5622.642 6184.619
2 5893.826 5626.66 6188.683
2.004 5897.844 5630.631 6192.794
2.008 5901.866 5634.589 6196.882
2.012 5905.89 5638.542 6201.005
2.016 5909.916 5642.522 6205.121
2.02 5913.946 5646.53 6209.26
2.024 5917.979 5650.517 6213.373
2.028 5922.014 5654.47 6217.483
2.033 5926.052 5658.47 6221.624
2.037 5930.093 5662.462 6225.769
2.041 5934.137 5666.498 6229.837
2.045 5938.184 5670.487 6233.952
2.049 5942.234 5674.53 6238.064
2.053 5946.288 5678.519 6242.221
2.058 5950.344 5682.509 6246.383
2.062 5954.403 5686.558 6250.554
2.066 5958.465 5690.568 6254.744
2.07 5962.531 5694.599 6258.855
2.075 5966.599 5698.623 6262.981
2.079 5970.671 5702.666 6267.139
2.083 5974.747 5706.682 6271.281
2.088 5978.825 5710.668 6275.469
2.092 5982.907 5714.806 6279.652
2.096 5986.992 5718.803 6283.804
2.101 5991.08 5722.838 6287.976
2.105 5995.172 5726.86 6292.141
2.11 5999.267 5730.919 6296.339
2.114 6003.365 5735.006 6300.491
2.119 6007.467 5739.045 6304.66
2.123 6011.573 5743.138 6308.876
2.128 6015.682 5747.209 6313.021
2.132 6019.794 5751.274 6317.244
2.137 6023.911 5755.349 6321.51
2.141 6028.03 5759.444 6325.728
2.146 6032.154 5763.544 6329.944
2.151 6036.281 5767.627 6334.15
2.155 6040.412 5771.757 6338.361
2.16 6044.546 5775.848 6342.645
2.165 6048.685 5779.932 6346.865
2.169 6052.827 5784.066 6351.115
2.174 6056.973 5788.178 6355.382
2.179 6061.123 5792.286 6359.613
2.183 6065.276 5796.403 6363.845
2.188 6069.434 5800.527 6368.092
2.193 6073.596 5804.602 6372.327
2.198 6077.761 5808.706 6376.607
2.203 6081.931 5812.779 6380.893
2.208 6086.104 5816.893 6385.167
2.212 6090.282 5820.964 6389.445
2.217 6094.464 5825.079 6393.719
2.222 6098.65 5829.209 6398.039
2.227 6102.84 5833.31 6402.315
2.232 6107.034 5837.449 6406.597
2.237 6111.233 5841.6 6410.849
2.242 6115.436 5845.767 6415.117
2.247 6119.643 5849.888 6419.42
2.252 6123.855 5854.047 6423.692
2.257 6128.071 5858.208 6428.012
2.262 6132.291 5862.422 6432.344
2.268 6136.516 5866.568 6436.627
2.273 6140.745 5870.738 6440.912
2.278 6144.979 5874.904 6445.234
2.283 6149.217 5879.055 6449.549
2.288 6153.46 5883.253 6453.909
2.294 6157.707 5887.447 6458.256
2.299 6161.959 5891.658 6462.582
2.304 6166.216 5895.869 6466.93
2.309 6170.478 5900.098 6471.303
2.315 6174.744 5904.309 6475.586
2.32 6179.015 5908.501 6479.928
2.326 6183.291 5912.737 6484.313
2.331 6187.572 5916.993 6488.717
2.336 6191.857 5921.201 6493.091
2.342 6196.148 5925.422 6497.482
2.347 6200.444 5929.695 6501.847
2.353 6204.744 5933.967 6506.232
2.358 6209.05 5938.225 6510.646
2.364 6213.36 5942.458 6515.052
2.37 6217.676 5946.726 6519.456
2.375 6221.997 5950.988 6523.816
2.381 6226.323 5955.248 6528.242
2.387 6230.654 5959.484 6532.621
2.392 6234.991 5963.782 6537.04
2.398 6239.333 5968.07 6541.453
2.404 6243.68 5972.366 6545.9
2.41 6248.033 5976.654 6550.327
2.415 6252.391 5980.952 6554.767
2.421 6256.754 5985.278 6559.26
2.427 6261.123 5989.544 6563.791
2.433 6265.498 5993.898 6568.218
2.439 6269.878 5998.202 6572.723
2.445 6274.263 6002.464 6577.261
2.451 6278.654 6006.769 6581.687
2.457 6283.051 6011.119 6586.165
2.463 6287.454 6015.46 6590.596
2.469 6291.863 6019.816 6595.13
2.475 6296.277 6024.135 6599.671
2.481 6300.697 6028.476 6604.203
2.488 6305.123 6032.829 6608.708
2.494 6309.555 6037.171 6613.197
2.5 6313.993 6041.565 6617.724
2.506 6318.437 6045.937 6622.229
2.513 6322.887 6050.313 6626.726
2.519 6327.343 6054.662 6631.374
2.525 6331.805 6059.015 6635.929
2.532 6336.273 6063.414 6640.544
2.538 6340.748 6067.838 6645.124
2.545 6345.229 6072.175 6649.74
2.551 6349.716 6076.596 6654.285
2.558 6354.21 6081.063 6658.874
2.564 6358.71 6085.495 6663.456
2.571 6363.216 6089.905 6668.081
2.577 6367.729 6094.353 6672.666
2.584 6372.249 6098.769 6677.231
2.591 6376.775 6103.162 6681.894
2.597 6381.307 6107.652 6686.432
2.604 6385.847 6112.108 6691.076
2.611 6390.393 6116.615 6695.724
2.618 6394.945 6121.081 6700.322
2.625 6399.505 6125.548 6704.992
2.632 6404.071 6129.999 6709.665
2.639 6408.645 6134.467 6714.317
2.646 6413.225 6139.005 6718.927
2.653 6417.813 6143.51 6723.619
2.66 6422.407 6148.037 6728.32
2.667 6427.008 6152.501 6733.017
2.674 6431.617 6157.021 6737.757
2.681 6436.233 6161.537 6742.429
2.688 6440.856 6166.079 6747.146
2.695 6445.486 6170.612 6751.896
2.703 6450.124 6175.143 6756.646
2.71 6454.769 6179.703 6761.389
2.717 6459.422 6184.241 6766.17
2.725 6464.082 6188.789 6770.933
2.732 6468.749 6193.398 6775.719
2.74 6473.424 6198.007 6780.486
2.747 6478.107 6202.595 6785.258
2.755 6482.798 6207.184 6790.041
2.762 6487.496 6211.796 6794.792
2.77 6492.202 6216.426 6799.634
2.778 6496.916 6221.051 6804.473
2.786 6501.638 6225.661 6809.333
2.793 6506.368 6230.336 6814.207
2.801 6511.106 6234.973 6819.01
2.809 6515.852 6239.624 6823.878
2.817 6520.606 6244.228 6828.717
2.825 6525.369 6248.87 6833.608
2.833 6530.139 6253.548 6838.485
2.841 6534.918 6258.246 6843.332
2.849 6539.706 6262.891 6848.271
2.857 6544.501 6267.595 6853.105
2.865 6549.306 6272.309 6857.995
2.874 6554.118 6277.066 6862.858
2.882 6558.94 6281.79 6867.82
2.89 6563.77 6286.502 6872.771
2.899 6568.608 6291.191 6877.765
2.907 6573.456 6295.953 6882.679
2.915 6578.312 6300.684 6887.611
2.924 6583.178 6305.438 6892.633
2.933 6588.052 6310.259 6897.63
2.941 6592.935 6315.045 6902.605
2.95 6597.828 6319.835 6907.573
2.959 6602.729 6324.651 6912.528
2.967 6607.64 6329.458 6917.512
2.976 6612.56 6334.31 6922.517
2.985 6617.49 6339.156 6927.5
2.994 6622.428 6343.951 6932.563
3.003 6627.377 6348.799 6937.649
3.012 6632.335 6353.621 6942.683
3.021 6637.302 6358.461 6947.746
3.03 6642.279 6363.318 6952.868
3.04 6647.266 6368.185 6957.971
3.049 6652.263 6373.048 6963.037
3.058 6657.27 6377.914 6968.173
3.067 6662.286 6382.801 6973.325
3.077 6667.313 6387.676 6978.465
3.086 6672.35 6392.617 6983.634
3.096 6677.397 6397.589 6988.824
3.106 6682.454 6402.577 6994.036
3.115 6687.522 6407.548 6999.181
3.125 6692.599 6412.475 7004.382
3.135 6697.688 6417.464 7009.557
3.145 6702.787 6422.499 7014.79
3.155 6707.896 6427.477 7020.057
3.165 6713.017 6432.501 7025.211
3.175 6718.148 6437.474 7030.5
3.185 6723.29 6442.466 7035.78
3.195 6728.442 6447.488 7041.06
3.205 6733.606 6452.543 7046.339
3.215 6738.781 6457.612 7051.61
3.226 6743.967 6462.662 7056.925
3.236 6749.165 6467.719 7062.224
3.247 6754.373 6472.76 7067.565
3.257 6759.593 6477.897 7072.938
3.268 6764.825 6483.033 7078.305
3.279 6770.068 6488.129 7083.69
3.289 6775.323 6493.284 7089.024
3.3 6780.589 6498.494 7094.412
3.311 6785.868 6503.592 7099.782
3.322 6791.158 6508.777 7105.266
3.333 6796.461 6513.906 7110.685
3.344 6801.775 6519.106 7116.106
3.356 6807.102 6524.288 7121.591
3.367 6812.441 6529.506 7127.038
3.378 6817.792 6534.718 7132.467
3.39 6823.156 6539.98 7137.982
3.401 6828.532 6545.282 7143.522
3.413 6833.921 6550.534 7148.958
3.425 6839.323 6555.728 7154.474
3.436 6844.737 6561.034 7159.992
3.448 6850.165 6566.364 7165.499
3.46 6855.605 6571.676 7171.062
3.472 6861.059 6576.978 7176.619
3.484 6866.526 6582.284 7182.17
3.497 6872.006 6587.644 7187.791
3.509 6877.5 6592.97 7193.417
3.521 6883.007 6598.34 7199.086
3.534 6888.528 6603.756 7204.752
3.546 6894.063 6609.143 7210.382
3.559 6899.611 6614.529 7216.061
3.571 6905.174 6619.93 7221.723
3.584 6910.75 6625.369 7227.475
3.597 6916.341 6630.865 7233.226
3.61 6921.946 6636.324 7239.014
3.623 6927.565 6641.832 7244.75
3.636 6933.199 6647.29 7250.53
3.65 6938.847 6652.798 7256.33
3.663 6944.511 6658.331 7262.102
3.676 6950.189 6663.875 7267.915
3.69 6955.882 6669.381 7273.708
3.704 6961.59 6674.889 7279.552
3.717 6967.313 6680.509 7285.41
3.731 6973.052 6686.068 7291.295
3.745 6978.806 6691.629 7297.157
3.759 6984.576 6697.254 7303.091
3.774 6990.361 6702.868 7309.069
3.788 6996.162 6708.473 7314.943
3.802 7001.979 6714.132 7320.837
3.817 7007.813 6719.784 7326.833
3.831 7013.662 6725.509 7332.774
3.846 7019.528 6731.223 7338.752
3.861 7025.41 6736.959 7344.838
3.876 7031.309 6742.731 7350.834
3.891 7037.224 6748.511 7356.851
3.906 7043.157 6754.255 7362.941
3.922 7049.106 6759.968 7368.982
3.937 7055.073 6765.743 7375.088
3.953 7061.057 6771.584 7381.223
3.968 7067.058 6777.445 7387.38
3.984 7073.077 6783.328 7393.539
4 7079.114 6789.152 7399.747
4.016 7085.168 6795.052 7405.988
4.032 7091.241 6800.915 7412.161
4.049 7097.332 6806.851 7418.459
4.065 7103.441 6812.768 7424.726
4.082 7109.569 6818.639 7431.013
4.098 7115.715 6824.614 7437.254
4.115 7121.88 6830.611 7443.539
4.132 7128.064 6836.584 7449.838
4.149 7134.267 6842.586 7456.166
4.167 7140.49 6848.615 7462.576
4.184 7146.732 6854.689 7468.94
4.202 7152.993 6860.738 7475.368
4.219 7159.275 6866.853 7481.733
4.237 7165.576 6872.925 7488.196
4.255 7171.898 6879.06 7494.737
4.274 7178.239 6885.221 7501.268
4.292 7184.602 6891.393 7507.812
4.31 7190.985 6897.604 7514.406
4.329 7197.389 6903.878 7520.956
4.348 7203.814 6910.154 7527.527
4.367 7210.26 6916.342 7534.094
4.386 7216.728 6922.577 7540.777
4.405 7223.217 6928.858 7547.407
4.425 7229.728 6935.186 7554.108
4.444 7236.261 6941.477 7560.772
4.464 7242.817 6947.839 7567.505
4.484 7249.395 6954.19 7574.308
4.505 7255.995 6960.531 7581.084
4.525 7262.618 6966.896 7587.928
4.545 7269.265 6973.346 7594.704
4.566 7275.934 6979.817 7601.548
4.587 7282.628 6986.238 7608.426
4.608 7289.344 6992.76 7615.311
4.63 7296.085 6999.245 7622.245
4.651 7302.85 7005.831 7629.194
4.673 7309.64 7012.366 7636.192
4.695 7316.453 7018.935 7643.139
4.717 7323.292 7025.548 7650.197
4.739 7330.156 7032.185 7657.203
4.762 7337.045 7038.813 7664.303
4.785 7343.96 7045.452 7671.36
4.808 7350.901 7052.156 7678.44
4.831 7357.868 7058.897 7685.639
4.854 7364.861 7065.657 7692.812
4.878 7371.88 7072.41 7700.069
4.902 7378.927 7079.237 7707.371
4.926 7386.001 7086.049 7714.699
4.95 7393.102 7092.871 7722.02
4.975 7400.23 7099.712 7729.351
5 7407.387 7106.59 7736.735
5.025 7414.572 7113.468 7744.155
5.051 7421.785 7120.444 7751.538
5.076 7429.027 7127.467 7758.964
5.102 7436.299 7134.454 7766.458
5.128 7443.599 7141.542 7773.915
5.155 7450.93 7148.662 7781.511
5.181 7458.29 7155.736 7789.078
5.208 7465.681 7162.924 7796.669
5.236 7473.102 7170.097 7804.317
5.263 7480.555 7177.188 7811.996
5.291 7488.038 7184.368 7819.703
5.319 7495.553 7191.571 7827.422
5.348 7503.101 7198.824 7835.185
5.376 7510.68 7206.133 7842.958
5.405 7518.292 7213.437 7850.771
5.435 7525.938 7220.776 7858.601
5.464 7533.616 7228.118 7866.51
5.495 7541.328 7235.553 7874.316
5.525 7549.075 7242.969 7882.279
5.556 7556.856 7250.509 7890.345
5.587 7564.671 7257.991 7898.408
5.618 7572.522 7265.48 7906.468
5.65 7580.409 7272.997 7914.611
5.682 7588.331 7280.612 7922.842
5.714 7596.291 7288.307 7930.99
5.747 7604.287 7296.004 7939.243
5.78 7612.32 7303.695 7947.599
5.814 7620.391 7311.459 7955.964
5.848 7628.5 7319.206 7964.372
5.882 7636.648 7327.025 7972.853
5.917 7644.835 7334.869 7981.338
5.952 7653.061 7342.707 7989.76
5.988 7661.327 7350.583 7998.35
6.024 7669.634 7358.537 8006.921
6.061 7677.982 7366.535 8015.59
6.098 7686.371 7374.602 8024.281
6.135 7694.802 7382.752 8032.952
6.173 7703.275 7390.799 8041.712
6.211 7711.792 7398.91 8050.592
6.25 7720.352 7407.067 8059.491
6.289 7728.956 7415.267 8068.386
6.329 7737.605 7423.584 8077.441
6.369 7746.298 7431.775 8086.541
6.41 7755.038 7440.068 8095.611
6.452 7763.824 7448.481 8104.749
6.494 7772.656 7456.856 8113.9
6.536 7781.536 7465.34 8123.183
6.579 7790.465 7473.982 8132.405
6.623 7799.442 7482.521 8141.725
6.667 7808.468 7491.195 8151.113
6.711 7817.545 7499.859 8160.538
6.757 7826.672 7508.522 8169.963
6.803 7835.85 7517.252 8179.534
6.849 7845.08 7526.058 8189.158
6.897 7854.364 7534.918 8198.866
6.944 7863.7 7543.786 8208.555
6.993 7873.091 7552.663 8218.307
7.042 7882.537 7561.592 8228.12
7.092 7892.039 7570.592 8238.049
7.143 7901.597 7579.714 8248.016
7.194 7911.212 7588.892 8258.025
7.246 7920.885 7598.075 8268.084
7.299 7930.618 7607.296 8278.208
7.353 7940.41 7616.59 8288.372
7.407 7950.263 7625.958 8298.717
7.463 7960.177 7635.276 8308.959
7.519 7970.154 7644.763 8319.398
7.576 7980.194 7654.308 8329.79
7.634 7990.298 7663.841 8340.383
7.692 8000.468 7673.483 8351.092
7.752 8010.704 7683.103 8361.808
7.812 8021.007 7692.789 8372.61
7.874 8031.378 7702.606 8383.447
7.937 8041.819 7712.476 8394.365
8 8052.33 7722.46 8405.366
8.065 8062.913 7732.495 8416.467
8.13 8073.568 7742.612 8427.612
8.197 8084.297 7752.629 8438.926
8.264 8095.101 7762.71 8450.241
8.333 8105.982 7772.931 8461.865
8.403 8116.939 7783.266 8473.466
8.475 8127.976 7793.75 8485.135
8.547 8139.092 7804.195 8496.827
8.621 8150.29 7814.754 8508.668
8.696 8161.571 7825.379 8520.584
8.772 8172.936 7836.113 8532.533
8.85 8184.387 7846.757 8544.702
8.929 8195.924 7857.562 8556.84
9.009 8207.551 7868.533 8569.192
9.091 8219.267 7879.552 8581.567
9.174 8231.075 7890.587 8594.082
9.259 8242.977 7901.682 8606.689
9.346 8254.974 7912.836 8619.494
9.434 8267.067 7924.181 8632.339
9.524 8279.26 7935.548 8645.335
9.615 8291.553 7946.995 8658.445
9.709 8303.948 7958.49 8671.591
9.804 8316.447 7970.113 8684.969
9.901 8329.053 7981.852 8698.377
10 8341.767 7993.753 8711.832
10.101 8354.592 8005.634 8725.432
10.204 8367.53 8017.574 8739.25
10.309 8380.582 8029.727 8753.196
10.417 8393.751 8041.967 8767.183
10.526 8407.041 8054.24 8781.435
10.638 8420.452 8066.742 8795.768
10.753 8433.988 8079.352 8810.353
10.87 8447.651 8092.062 8824.95
10.989 8461.444 8104.983 8839.799
11.111 8475.37 8117.919 8854.734
11.236 8489.431 8130.933 8870.027
11.364 8503.631 8144.045 8885.299
11.494 8517.973 8157.303 8900.753
11.628 8532.459 8170.557 8916.309
11.765 8547.093 8184.073 8932.055
11.905 8561.879 8197.683 8948.04
12.048 8576.82 8211.43 8964.231
12.195 8591.92 8225.267 8980.605
12.346 8607.182 8239.27 8997.093
12.5 8622.61 8253.441 9013.714
12.658 8638.209 8267.741 9030.522
12.821 8653.982 8282.151 9047.721
12.987 8669.935 8296.718 9065.029
13.158 8686.071 8311.493 9082.485
13.333 8702.394 8326.393 9100.191
13.514 8718.912 8341.399 9118.107
13.699 8735.627 8356.601 9136.462
13.889 8752.545 8372 9154.909
14.085 8769.673 8387.758 9173.623
14.286 8787.015 8403.562 9192.625
14.493 8804.578 8419.556 9211.982
14.706 8822.368 8435.733 9231.613
14.925 8840.392 8452.232 9251.467
15.152 8858.655 8468.973 9271.623
15.385 8877.166 8485.753 9291.973
15.625 8895.931 8502.698 9312.665
15.873 8914.959 8519.849 9333.635
16.129 8934.258 8537.211 9355.003
16.393 8953.835 8554.871 9376.869
16.667 8973.701 8572.608 9398.782
16.949 8993.863 8590.711 9421.33
17.241 9014.333 8609.03 9444.146
17.544 9035.121 8627.779 9467.063
17.857 9056.237 8646.657 9490.671
18.182 9077.692 8665.749 9514.546
18.519 9099.499 8685.175 9538.891
18.868 9121.671 8704.986 9563.796
19.231 9144.221 8725.03 9589.106
19.608 9167.162 8745.289 9614.897
20 9190.511 8765.914 9641.22
20.408 9214.282 8786.778 9668.236
20.833 9238.494 8808.128 9695.499
21.277 9263.162 8830.133 9723.424
21.739 9288.308 8852.208 9751.944
22.222 9313.95 8874.825 9781.201
22.727 9340.111 8897.865 9811.022
23.256 9366.812 8921.09 9841.62
23.81 9394.08 8944.989 9872.779
24.39 9421.94 8969.355 9904.788
25 9450.42 8994.178 9937.485
25.641 9479.551 9019.608 9971.274
26.316 9509.365 9045.503 10005.831
27.027 9539.897 9071.889 10041.175
27.778 9571.185 9098.778 10077.426
28.571 9603.271 9126.425 10114.666
29.412 9636.199 9154.7 10152.992
30.303 9670.017 9183.853 10192.458
31.25 9704.778 9213.574 10233.316
32.258 9740.54 9244.151 10275.368
33.333 9777.366 9275.373 10318.488
34.483 9815.325 9307.577 10362.905
35.714 9854.495 9340.54 10409.261
37.037 9894.959 9374.244 10457.101
38.462 9936.812 9409.366 10506.7
40 9980.159 9445.469 10558.841
41.667 10025.118 9482.9 10612.83
43.478 10071.819 9521.836 10668.999
45.455 10120.413 9562.017 10727.855
47.619 10171.069 9603.706 10789.463
50 10223.981 9647.033 10854.129
52.632 10279.37 9692.106 10922.014
55.556 10337.496 9739.312 10993.259
58.824 10398.658 9788.874 11068.975
62.5 10463.212 9840.483 11149.07
66.667 10531.578 9894.808 11234.187
71.429 10604.262 9952.729 11325.172
76.923 10681.879 10013.658 11423.218
83.333 10765.189 10078.973 11529.136
90.909 10855.144 10148.768 11644.604
100 10952.963 10224.166 11769.987
111.111 11060.236 10306.166 11909.448
125 11179.105 10396.51 12064.574
142.857 11312.547 10496.73 12240.624
166.667 11464.878 10610.056 12444.103
200 11642.718 10739.617 12684.328
250 11857.016 10892.775 12977.918
333.333 12127.968 11081.892 13357.114
500 12499.973 11333.72 13888.941
1000 13110.258 11727.855 14793.084
1111.111 13200.284 11784.146 14929.708
1250 13300.091 11845.955 15082.666
1428.571 13412.188 11914.331 15255.899
1666.667 13540.215 11991.633 15456.365
2000 13689.755 12080.446 15694.753
2500 13870.039 12185.647 15984.785
3333.333 14098.096 12315.496 16358.688
5000 14411.361 12489.773 16882.666
10000 14925.536 12763.768 17773.714
