"Pr" "Mp" "Q_2" "Q_9"
1.01 3257.22 2385.426 3894.233
1.011 3291.204 2434.408 3919.844
1.012 3322.815 2479.878 3943.967
1.013 3352.407 2521.923 3966.425
1.014 3380.258 2561.74 3987.831
1.015 3406.592 2598.849 4008.438
1.016 3431.59 2634.134 4027.817
1.017 3455.404 2668.108 4046.446
1.018 3478.159 2700.2 4064.426
1.019 3499.961 2730.586 4081.684
1.02 3520.9 2759.721 4098.195
1.021 3541.054 2787.662 4114.308
1.022 3560.491 2814.819 4129.789
1.024 3579.27 2841.388 4144.802
1.025 3597.443 2866.36 4159.419
1.026 3615.055 2890.598 4173.598
1.027 3632.146 2914.46 4187.59
1.028 3648.754 2937.251 4201.222
1.029 3664.911 2959.273 4214.803
1.03 3680.645 2980.607 4227.788
1.031 3695.984 3001.515 4240.488
1.032 3710.951 3022.064 4252.835
1.033 3725.567 3042.139 4265.04
1.034 3739.854 3061.498 4276.996
1.035 3753.828 3080.394 4288.673
1.036 3767.507 3099.176 4300.073
1.037 3780.906 3117.074 4311.369
1.038 3794.039 3134.536 4322.582
1.04 3806.919 3151.682 4333.542
1.041 3819.558 3168.591 4344.295
1.042 3831.968 3185.359 4354.982
1.043 3844.159 3201.753 4365.518
1.044 3856.14 3217.712 4375.797
1.045 3867.921 3233.346 4385.995
1.046 3879.51 3249.026 4395.998
1.047 3890.915 3264.217 4405.875
1.048 3902.144 3279.331 4415.678
1.049 3913.203 3294.013 4425.186
1.05 3924.1 3308.179 4434.841
1.052 3934.84 3322.599 4444.372
1.053 3945.429 3336.481 4453.788
1.054 3955.872 3350.313 4463.128
1.055 3966.176 3363.966 4472.138
1.056 3976.344 3377.246 4481.141
1.057 3986.381 3390.582 4489.992
1.058 3996.293 3403.572 4498.787
1.059 4006.082 3416.264 4507.535
1.06 4015.754 3428.902 4516.182
1.062 4025.311 3441.12 4524.776
1.063 4034.758 3453.379 4533.157
1.064 4044.098 3465.498 4541.597
1.065 4053.333 3477.733 4549.943
1.066 4062.468 3489.718 4558.108
1.067 4071.506 3501.219 4566.237
1.068 4080.448 3512.721 4574.405
1.07 4089.298 3524.057 4582.353
1.071 4098.059 3535.182 4590.351
1.072 4106.732 3546.338 4598.212
1.073 4115.321 3557.581 4606.012
1.074 4123.827 3568.519 4613.746
1.075 4132.253 3579.296 4621.474
1.076 4140.601 3590.003 4629.135
1.078 4148.873 3600.765 4636.733
1.079 4157.071 3611.166 4644.402
1.08 4165.196 3621.417 4651.739
1.081 4173.251 3631.662 4659.172
1.082 4181.237 3641.886 4666.506
1.083 4189.156 3651.876 4673.895
1.085 4197.01 3661.905 4681.189
1.086 4204.8 3671.636 4688.409
1.087 4212.527 3681.476 4695.55
1.088 4220.194 3691.252 4702.756
1.089 4227.801 3700.799 4709.88
1.091 4235.35 3710.306 4716.88
1.092 4242.841 3719.659 4723.913
1.093 4250.278 3728.933 4730.872
1.094 4257.659 3738.215 4737.83
1.095 4264.988 3747.35 4744.688
1.096 4272.264 3756.501 4751.446
1.098 4279.489 3765.64 4758.266
1.099 4286.665 3774.582 4765.056
1.1 4293.791 3783.375 4771.761
1.101 4300.87 3792.146 4778.452
1.103 4307.901 3800.774 4785.043
1.104 4314.887 3809.307 4791.622
1.105 4321.827 3817.801 4798.138
1.106 4328.724 3826.252 4804.659
1.107 4335.577 3834.739 4811.107
1.109 4342.387 3843.233 4817.522
1.11 4349.156 3851.534 4823.972
1.111 4355.884 3859.61 4830.435
1.112 4362.572 3867.852 4836.751
1.114 4369.22 3875.845 4843.182
1.115 4375.83 3883.877 4849.499
1.116 4382.402 3891.916 4855.825
1.117 4388.937 3899.84 4862.121
1.119 4395.435 3907.868 4868.333
1.12 4401.897 3915.811 4874.414
1.121 4408.324 3923.617 4880.51
1.122 4414.716 3931.477 4886.669
1.124 4421.074 3939.238 4892.725
1.125 4427.399 3946.954 4898.698
1.126 4433.691 3954.571 4904.879
1.127 4439.95 3962.167 4911.028
1.129 4446.178 3969.755 4917.005
1.13 4452.374 3977.101 4922.961
1.131 4458.54 3984.336 4928.911
1.133 4464.675 3991.58 4934.826
1.134 4470.781 3998.903 4940.796
1.135 4476.857 4006.199 4946.662
1.136 4482.905 4013.436 4952.542
1.138 4488.924 4020.81 4958.496
1.139 4494.916 4027.736 4964.362
1.14 4500.88 4034.75 4970.222
1.142 4506.816 4041.901 4976.025
1.143 4512.727 4048.88 4981.722
1.144 4518.611 4055.713 4987.477
1.145 4524.469 4062.553 4993.26
1.147 4530.302 4069.424 4998.946
1.148 4536.11 4076.297 5004.655
1.149 4541.894 4083.254 5010.353
1.151 4547.653 4090.074 5015.978
1.152 4553.388 4096.671 5021.635
1.153 4559.1 4103.296 5027.143
1.155 4564.788 4109.89 5032.8
1.156 4570.454 4116.432 5038.441
1.157 4576.097 4122.937 5044.045
1.159 4581.718 4129.561 5049.624
1.16 4587.317 4136.166 5055.128
1.161 4592.895 4142.622 5060.712
1.163 4598.451 4149.112 5066.214
1.164 4603.986 4155.628 5071.706
1.166 4609.501 4162.126 5077.17
1.167 4614.995 4168.617 5082.647
1.168 4620.469 4174.999 5088.039
1.17 4625.923 4181.256 5093.292
1.171 4631.358 4187.568 5098.703
1.172 4636.773 4193.709 5104.117
1.174 4642.17 4199.878 5109.482
1.175 4647.547 4206.106 5114.767
1.176 4652.907 4212.254 5120.124
1.178 4658.247 4218.355 5125.512
1.179 4663.57 4224.332 5130.903
1.181 4668.875 4230.227 5136.278
1.182 4674.163 4236.323 5141.544
1.183 4679.433 4242.149 5146.885
1.185 4684.686 4248.196 5152.173
1.186 4689.922 4254.155 5157.405
1.188 4695.142 4260.192 5162.611
1.189 4700.345 4265.992 5167.866
1.19 4705.532 4271.972 5173.051
1.192 4710.703 4277.859 5178.305
1.193 4715.858 4283.731 5183.477
1.195 4720.997 4289.573 5188.574
1.196 4726.122 4295.42 5193.761
1.198 4731.23 4301.069 5198.96
1.199 4736.324 4306.915 5204.143
1.2 4741.403 4312.558 5209.327
1.202 4746.467 4318.296 5214.487
1.203 4751.517 4323.982 5219.556
1.205 4756.553 4329.555 5224.637
1.206 4761.574 4335.085 5229.8
1.208 4766.581 4340.737 5235.005
1.209 4771.575 4346.376 5239.992
1.211 4776.555 4351.961 5245.014
1.212 4781.522 4357.519 5250.075
1.214 4786.475 4363.054 5255.052
1.215 4791.415 4368.571 5260.108
1.217 4796.342 4374.11 5265.185
1.218 4801.257 4379.559 5270.319
1.22 4806.158 4384.897 5275.3
1.221 4811.047 4390.341 5280.372
1.222 4815.924 4395.741 5285.33
1.224 4820.789 4401.05 5290.317
1.225 4825.641 4406.407 5295.271
1.227 4830.482 4411.778 5300.157
1.229 4835.31 4417.046 5305.139
1.23 4840.128 4422.334 5310.124
1.232 4844.933 4427.741 5315.077
1.233 4849.727 4432.989 5320.011
1.235 4854.51 4438.288 5324.928
1.236 4859.282 4443.508 5329.844
1.238 4864.043 4448.64 5334.727
1.239 4868.793 4453.851 5339.635
1.241 4873.532 4459.001 5344.522
1.242 4878.26 4464.214 5349.406
1.244 4882.978 4469.366 5354.244
1.245 4887.686 4474.652 5359.151
1.247 4892.383 4479.765 5363.975
1.248 4897.071 4484.882 5368.846
1.25 4901.748 4489.997 5373.712
1.252 4906.415 4495.288 5378.593
1.253 4911.072 4500.381 5383.455
1.255 4915.72 4505.298 5388.253
1.256 4920.358 4510.403 5393.042
1.258 4924.987 4515.564 5397.778
1.259 4929.606 4520.643 5402.579
1.261 4934.216 4525.519 5407.391
1.263 4938.817 4530.665 5412.107
1.264 4943.409 4535.649 5416.847
1.266 4947.991 4540.697 5421.542
1.267 4952.565 4545.526 5426.41
1.269 4957.13 4550.555 5431.204
1.271 4961.687 4555.33 5435.996
1.272 4966.235 4560.277 5440.751
1.274 4970.774 4565.082 5445.514
1.276 4975.305 4570.073 5450.26
1.277 4979.828 4575.052 5454.978
1.279 4984.342 4579.985 5459.683
1.28 4988.849 4584.829 5464.4
1.282 4993.347 4589.67 5469.061
1.284 4997.837 4594.364 5473.734
1.285 5002.32 4599.094 5478.343
1.287 5006.795 4603.905 5483.039
1.289 5011.262 4608.563 5487.642
1.29 5015.721 4613.29 5492.334
1.292 5020.173 4618.006 5496.947
1.294 5024.618 4622.696 5501.608
1.295 5029.055 4627.498 5506.21
1.297 5033.485 4632.228 5510.906
1.299 5037.908 4636.899 5515.523
1.3 5042.323 4641.667 5520.208
1.302 5046.732 4646.449 5524.823
1.304 5051.133 4651.067 5529.444
1.305 5055.528 4655.711 5534.136
1.307 5059.916 4660.232 5538.625
1.309 5064.297 4664.769 5543.19
1.311 5068.672 4669.446 5547.822
1.312 5073.04 4673.959 5552.495
1.314 5077.401 4678.58 5557.129
1.316 5081.756 4683.219 5561.737
1.318 5086.105 4687.817 5566.368
1.319 5090.447 4692.32 5570.99
1.321 5094.783 4696.827 5575.58
1.323 5099.113 4701.367 5580.072
1.325 5103.437 4705.925 5584.64
1.326 5107.755 4710.389 5589.246
1.328 5112.067 4715.006 5593.811
1.33 5116.373 4719.552 5598.334
1.332 5120.673 4724.1 5602.891
1.333 5124.967 4728.483 5607.34
1.335 5129.256 4733.079 5611.844
1.337 5133.539 4737.521 5616.436
1.339 5137.816 4742.014 5620.922
1.34 5142.088 4746.477 5625.443
1.342 5146.355 4750.972 5630.021
1.344 5150.616 4755.477 5634.607
1.346 5154.871 4760.01 5639.15
1.348 5159.122 4764.406 5643.727
1.35 5163.367 4768.833 5648.213
1.351 5167.607 4773.299 5652.73
1.353 5171.842 4777.766 5657.294
1.355 5176.072 4782.261 5661.827
1.357 5180.297 4786.628 5666.292
1.359 5184.517 4790.91 5670.741
1.361 5188.732 4795.256 5675.357
1.362 5192.942 4799.573 5679.846
1.364 5197.148 4803.889 5684.382
1.366 5201.349 4808.196 5688.914
1.368 5205.545 4812.57 5693.385
1.37 5209.737 4816.976 5697.928
1.372 5213.924 4821.32 5702.391
1.374 5218.106 4825.606 5706.787
1.376 5222.284 4829.927 5711.3
1.377 5226.458 4834.22 5715.832
1.379 5230.627 4838.605 5720.285
1.381 5234.792 4842.986 5724.731
1.383 5238.953 4847.307 5729.139
1.385 5243.11 4851.558 5733.506
1.387 5247.263 4855.812 5737.995
1.389 5251.411 4860.034 5742.439
1.391 5255.555 4864.319 5746.903
1.393 5259.696 4868.565 5751.347
1.395 5263.832 4872.68 5755.805
1.397 5267.965 4876.913 5760.293
1.399 5272.094 4881.127 5764.765
1.401 5276.218 4885.392 5769.311
1.403 5280.34 4889.624 5773.721
1.404 5284.457 4893.72 5778.183
1.406 5288.571 4897.983 5782.645
1.408 5292.681 4902.141 5787.036
1.41 5296.788 4906.284 5791.442
1.412 5300.891 4910.6 5795.885
1.414 5304.99 4914.816 5800.367
1.416 5309.086 4919 5804.827
1.418 5313.179 4923.044 5809.203
1.42 5317.268 4927.271 5813.641
1.422 5321.355 4931.387 5818.002
1.425 5325.437 4935.409 5822.465
1.427 5329.517 4939.646 5826.821
1.429 5333.593 4943.764 5831.246
1.431 5337.667 4947.843 5835.651
1.433 5341.737 4951.978 5840.019
1.435 5345.804 4956.119 5844.459
1.437 5349.868 4960.252 5848.815
1.439 5353.929 4964.428 5853.254
1.441 5357.987 4968.589 5857.543
1.443 5362.043 4972.641 5861.949
1.445 5366.095 4976.781 5866.302
1.447 5370.145 4980.89 5870.612
1.449 5374.191 4985.006 5875.045
1.451 5378.236 4988.989 5879.389
1.453 5382.277 4993.146 5883.858
1.456 5386.316 4997.187 5888.199
1.458 5390.352 5001.223 5892.524
1.46 5394.385 5005.257 5896.915
1.462 5398.416 5009.354 5901.313
1.464 5402.445 5013.446 5905.674
1.466 5406.471 5017.477 5910.036
1.468 5410.494 5021.57 5914.399
1.471 5414.516 5025.578 5918.765
1.473 5418.535 5029.618 5923.218
1.475 5422.551 5033.652 5927.535
1.477 5426.565 5037.819 5931.845
1.479 5430.577 5041.881 5936.232
1.481 5434.587 5045.918 5940.609
1.484 5438.595 5049.855 5945.01
1.486 5442.6 5053.911 5949.382
1.488 5446.603 5057.923 5953.75
1.49 5450.605 5061.917 5958.202
1.493 5454.604 5065.871 5962.59
1.495 5458.601 5069.872 5966.936
1.497 5462.597 5073.882 5971.309
1.499 5466.59 5077.97 5975.771
1.502 5470.581 5082.021 5980.136
1.504 5474.571 5086.019 5984.537
1.506 5478.559 5089.982 5988.829
1.508 5482.545 5093.925 5993.26
1.511 5486.529 5097.911 5997.622
1.513 5490.511 5101.885 6002.011
1.515 5494.492 5105.771 6006.305
1.517 5498.471 5109.598 6010.73
1.52 5502.449 5113.611 6015.078
1.522 5506.425 5117.567 6019.473
1.524 5510.399 5121.546 6023.799
1.527 5514.372 5125.544 6028.255
1.529 5518.343 5129.499 6032.52
1.531 5522.313 5133.553 6036.782
1.534 5526.281 5137.414 6041.102
1.536 5530.248 5141.306 6045.444
1.538 5534.214 5145.23 6049.808
1.541 5538.178 5149.12 6054.138
1.543 5542.141 5153.063 6058.422
1.546 5546.103 5156.944 6062.728
1.548 5550.063 5160.867 6067.218
1.55 5554.022 5164.859 6071.565
1.553 5557.981 5168.903 6075.889
1.555 5561.937 5172.825 6080.275
1.558 5565.893 5176.726 6084.688
1.56 5569.848 5180.615 6089.028
1.563 5573.801 5184.44 6093.444
1.565 5577.754 5188.327 6097.865
1.567 5581.706 5192.237 6102.304
1.57 5585.656 5196.184 6106.645
1.572 5589.606 5200.137 6110.928
1.575 5593.555 5204.038 6115.338
1.577 5597.502 5207.969 6119.745
1.58 5601.45 5211.981 6124.122
1.582 5605.396 5215.88 6128.488
1.585 5609.341 5219.765 6132.815
1.587 5613.286 5223.621 6137.153
1.59 5617.23 5227.443 6141.58
1.592 5621.173 5231.296 6145.974
1.595 5625.115 5235.219 6150.324
1.597 5629.057 5239.13 6154.728
1.6 5632.998 5243.028 6159.111
1.603 5636.939 5246.839 6163.512
1.605 5640.879 5250.79 6167.929
1.608 5644.819 5254.689 6172.345
1.61 5648.758 5258.57 6176.642
1.613 5652.696 5262.43 6180.976
1.616 5656.634 5266.375 6185.264
1.618 5660.572 5270.297 6189.67
1.621 5664.509 5274.157 6194.054
1.623 5668.446 5277.944 6198.441
1.626 5672.383 5281.807 6202.828
1.629 5676.319 5285.683 6207.193
1.631 5680.255 5289.479 6211.619
1.634 5684.191 5293.303 6216.047
1.637 5688.127 5297.077 6220.39
1.639 5692.062 5300.903 6224.875
1.642 5695.997 5304.734 6229.339
1.645 5699.932 5308.627 6233.712
1.647 5703.867 5312.456 6238.046
1.65 5707.802 5316.337 6242.406
1.653 5711.737 5320.25 6246.877
1.656 5715.671 5324.136 6251.333
1.658 5719.606 5327.958 6255.691
1.661 5723.541 5331.755 6260.064
1.664 5727.475 5335.538 6264.495
1.667 5731.41 5339.351 6268.945
1.669 5735.345 5343.266 6273.286
1.672 5739.28 5347.067 6277.638
1.675 5743.216 5350.774 6282.078
1.678 5747.151 5354.531 6286.447
1.681 5751.087 5358.394 6290.858
1.684 5755.022 5362.293 6295.29
1.686 5758.958 5366.12 6299.647
1.689 5762.895 5370.002 6304.042
1.692 5766.832 5373.802 6308.487
1.695 5770.769 5377.645 6312.817
1.698 5774.706 5381.421 6317.296
1.701 5778.644 5385.175 6321.646
1.704 5782.582 5388.989 6326.032
1.706 5786.521 5392.842 6330.438
1.709 5790.46 5396.61 6334.862
1.712 5794.4 5400.507 6339.337
1.715 5798.34 5404.295 6343.727
1.718 5802.28 5408.112 6348.165
1.721 5806.222 5412.023 6352.561
1.724 5810.164 5415.873 6356.932
1.727 5814.106 5419.663 6361.359
1.73 5818.049 5423.458 6365.767
1.733 5821.993 5427.281 6370.239
1.736 5825.938 5431.124 6374.738
1.739 5829.883 5434.987 6379.03
1.742 5833.829 5438.913 6383.437
1.745 5837.776 5442.785 6387.832
1.748 5841.724 5446.67 6392.214
1.751 5845.672 5450.5 6396.758
1.754 5849.621 5454.347 6401.288
1.757 5853.572 5458.181 6405.674
1.761 5857.523 5462.078 6410.12
1.764 5861.475 5465.767 6414.645
1.767 5865.428 5469.6 6419.126
1.77 5869.382 5473.429 6423.544
1.773 5873.337 5477.214 6427.935
1.776 5877.293 5481.05 6432.428
1.779 5881.25 5484.927 6436.917
1.783 5885.209 5488.77 6441.42
1.786 5889.168 5492.569 6445.919
1.789 5893.129 5496.507 6450.342
1.792 5897.09 5500.311 6454.838
1.795 5901.053 5504.172 6459.323
1.799 5905.017 5507.984 6463.749
1.802 5908.983 5511.785 6468.127
1.805 5912.949 5515.65 6472.625
1.808 5916.917 5519.475 6477.03
1.812 5920.887 5523.282 6481.57
1.815 5924.857 5527.141 6485.979
1.818 5928.829 5531 6490.504
1.821 5932.803 5534.831 6495.034
1.825 5936.778 5538.639 6499.518
1.828 5940.754 5542.511 6504.01
1.832 5944.732 5546.363 6508.506
1.835 5948.711 5550.177 6512.945
1.838 5952.692 5554.037 6517.541
1.842 5956.674 5557.965 6522.081
1.845 5960.658 5561.815 6526.633
1.848 5964.644 5565.611 6531.206
1.852 5968.631 5569.454 6535.788
1.855 5972.62 5573.271 6540.449
1.859 5976.611 5577.027 6545.033
1.862 5980.603 5580.855 6549.736
1.866 5984.597 5584.688 6554.301
1.869 5988.593 5588.642 6558.824
1.873 5992.591 5592.497 6563.403
1.876 5996.59 5596.335 6567.939
1.88 6000.591 5600.14 6572.497
1.883 6004.594 5603.98 6576.969
1.887 6008.6 5607.853 6581.519
1.89 6012.607 5611.724 6586.118
1.894 6016.615 5615.561 6590.639
1.898 6020.626 5619.446 6595.188
1.901 6024.639 5623.338 6599.708
1.905 6028.654 5627.254 6604.411
1.908 6032.671 5631.178 6608.918
1.912 6036.69 5635.03 6613.452
1.916 6040.712 5638.911 6618.068
1.919 6044.735 5642.775 6622.581
1.923 6048.76 5646.619 6627.184
1.927 6052.788 5650.472 6631.758
1.931 6056.818 5654.354 6636.463
1.934 6060.85 5658.241 6641.068
1.938 6064.885 5662.163 6645.706
1.942 6068.921 5666.06 6650.362
1.946 6072.961 5669.928 6654.921
1.949 6077.002 5673.874 6659.556
1.953 6081.046 5677.722 6664.301
1.957 6085.092 5681.668 6668.93
1.961 6089.141 5685.557 6673.446
1.965 6093.192 5689.507 6678.091
1.969 6097.245 5693.375 6682.754
1.972 6101.301 5697.348 6687.337
1.976 6105.36 5701.218 6692.04
1.98 6109.421 5705.15 6696.691
1.984 6113.485 5709.046 6701.359
1.988 6117.551 5712.985 6705.945
1.992 6121.62 5716.86 6710.616
1.996 6125.692 5720.791 6715.24
2 6129.767 5724.682 6719.958
2.004 6133.844 5728.612 6724.635
2.008 6137.924 5732.538 6729.347
2.012 6142.006 5736.447 6734.069
2.016 6146.092 5740.394 6738.738
2.02 6150.18 5744.462 6743.605
2.024 6154.272 5748.377 6748.367
2.028 6158.366 5752.23 6753.083
2.033 6162.463 5756.145 6757.79
2.037 6166.563 5760.06 6762.421
2.041 6170.666 5763.965 6767.18
2.045 6174.772 5767.839 6771.937
2.049 6178.881 5771.768 6776.677
2.053 6182.993 5775.738 6781.37
2.058 6187.109 5779.589 6786.134
2.062 6191.227 5783.529 6790.857
2.066 6195.349 5787.44 6795.571
2.07 6199.473 5791.435 6800.418
2.075 6203.601 5795.33 6805.158
2.079 6207.732 5799.341 6809.942
2.083 6211.867 5803.34 6814.768
2.088 6216.005 5807.311 6819.535
2.092 6220.146 5811.286 6824.302
2.096 6224.29 5815.157 6829.156
2.101 6228.438 5819.209 6833.92
2.105 6232.59 5823.228 6838.735
2.11 6236.744 5827.268 6843.564
2.114 6240.903 5831.149 6848.455
2.119 6245.064 5835.137 6853.294
2.123 6249.23 5839.164 6858.178
2.128 6253.399 5843.215 6863.041
2.132 6257.571 5847.292 6867.834
2.137 6261.747 5851.309 6872.732
2.141 6265.927 5855.348 6877.583
2.146 6270.11 5859.339 6882.518
2.151 6274.298 5863.337 6887.335
2.155 6278.489 5867.292 6892.215
2.16 6282.683 5871.238 6897.005
2.165 6286.882 5875.265 6901.918
2.169 6291.084 5879.307 6906.704
2.174 6295.291 5883.431 6911.601
2.179 6299.501 5887.4 6916.462
2.183 6303.715 5891.42 6921.343
2.188 6307.933 5895.517 6926.232
2.193 6312.155 5899.545 6931.217
2.198 6316.381 5903.642 6936.141
2.203 6320.612 5907.655 6940.962
2.208 6324.846 5911.642 6945.983
2.212 6329.084 5915.761 6950.92
2.217 6333.327 5919.804 6955.851
2.222 6337.574 5923.983 6960.848
2.227 6341.825 5928.002 6965.846
2.232 6346.08 5932.056 6970.828
2.237 6350.34 5936.093 6975.762
2.242 6354.604 5940.273 6980.742
2.247 6358.873 5944.376 6985.784
2.252 6363.145 5948.411 6990.856
2.257 6367.423 5952.511 6995.888
2.262 6371.704 5956.697 7000.862
2.268 6375.99 5960.704 7005.797
2.273 6380.281 5964.83 7010.872
2.278 6384.576 5968.981 7015.846
2.283 6388.876 5973.082 7020.875
2.288 6393.181 5977.255 7025.991
2.294 6397.49 5981.358 7030.979
2.299 6401.804 5985.503 7036.154
2.304 6406.123 5989.574 7041.262
2.309 6410.446 5993.735 7046.301
2.315 6414.774 5997.917 7051.461
2.32 6419.108 6002.041 7056.549
2.326 6423.446 6006.152 7061.686
2.331 6427.789 6010.245 7066.773
2.336 6432.136 6014.511 7071.852
2.342 6436.489 6018.693 7077.096
2.347 6440.847 6022.83 7082.184
2.353 6445.21 6026.964 7087.362
2.358 6449.578 6031.159 7092.548
2.364 6453.952 6035.347 7097.702
2.37 6458.33 6039.554 7102.931
2.375 6462.714 6043.716 7108.148
2.381 6467.103 6047.902 7113.363
2.387 6471.497 6052.08 7118.559
2.392 6475.896 6056.3 7123.883
2.398 6480.301 6060.498 7129.059
2.404 6484.712 6064.771 7134.264
2.41 6489.127 6068.985 7139.506
2.415 6493.549 6073.211 7144.712
2.421 6497.975 6077.427 7149.99
2.427 6502.408 6081.574 7155.282
2.433 6506.846 6085.775 7160.597
2.439 6511.289 6090.072 7165.868
2.445 6515.738 6094.293 7171.113
2.451 6520.193 6098.575 7176.333
2.457 6524.654 6102.906 7181.635
2.463 6529.121 6107.251 7186.924
2.469 6533.593 6111.506 7192.27
2.475 6538.072 6115.69 7197.649
2.481 6542.556 6120.012 7203.016
2.488 6547.046 6124.339 7208.443
2.494 6551.542 6128.574 7213.845
2.5 6556.044 6132.827 7219.262
2.506 6560.553 6137.138 7224.567
2.513 6565.067 6141.523 7229.976
2.519 6569.588 6145.751 7235.218
2.525 6574.115 6150.115 7240.531
2.532 6578.648 6154.38 7245.956
2.538 6583.188 6158.686 7251.238
2.545 6587.733 6163.051 7256.545
2.551 6592.286 6167.399 7262.102
2.558 6596.844 6171.731 7267.631
2.564 6601.41 6176.1 7273.148
2.571 6605.981 6180.458 7278.724
2.577 6610.56 6184.742 7284.201
2.584 6615.145 6189.025 7289.735
2.591 6619.736 6193.448 7295.112
2.597 6624.334 6197.764 7300.467
2.604 6628.94 6202.142 7305.874
2.611 6633.551 6206.493 7311.345
2.618 6638.17 6210.94 7316.953
2.625 6642.796 6215.373 7322.514
2.632 6647.428 6219.761 7328.028
2.639 6652.068 6224.144 7333.481
2.646 6656.715 6228.658 7339.115
2.653 6661.369 6233.113 7344.792
2.66 6666.029 6237.534 7350.415
2.667 6670.698 6241.895 7355.824
2.674 6675.373 6246.26 7361.467
2.681 6680.056 6250.691 7367.127
2.688 6684.746 6255.179 7372.762
2.695 6689.443 6259.536 7378.437
2.703 6694.148 6264.08 7384.071
2.71 6698.86 6268.586 7389.732
2.717 6703.58 6273.137 7395.363
2.725 6708.307 6277.541 7401.012
2.732 6713.043 6282.057 7406.652
2.74 6717.785 6286.456 7412.242
2.747 6722.536 6290.923 7417.881
2.755 6727.295 6295.544 7423.678
2.762 6732.061 6300.041 7429.45
2.77 6736.835 6304.589 7435.175
2.778 6741.617 6309.053 7440.945
2.786 6746.407 6313.673 7446.691
2.793 6751.206 6318.308 7452.464
2.801 6756.012 6322.94 7458.367
2.809 6760.827 6327.55 7464.291
2.817 6765.65 6332.108 7470.092
2.825 6770.481 6336.816 7475.957
2.833 6775.321 6341.485 7481.921
2.841 6780.169 6346.052 7487.779
2.849 6785.025 6350.53 7493.666
2.857 6789.89 6355.144 7499.584
2.865 6794.764 6359.702 7505.381
2.874 6799.646 6364.476 7511.323
2.882 6804.537 6369.16 7517.291
2.89 6809.437 6373.798 7523.227
2.899 6814.346 6378.434 7529.176
2.907 6819.263 6383.12 7535.142
2.915 6824.19 6387.81 7541.083
2.924 6829.126 6392.531 7547.065
2.933 6834.07 6397.238 7553.223
2.941 6839.024 6401.935 7559.243
2.95 6843.987 6406.641 7565.398
2.959 6848.96 6411.388 7571.467
2.967 6853.941 6416.129 7577.77
2.976 6858.932 6420.757 7583.715
2.985 6863.933 6425.551 7589.877
2.994 6868.943 6430.274 7596.07
3.003 6873.963 6435.074 7602.114
3.012 6878.992 6439.743 7608.169
3.021 6884.032 6444.583 7614.307
3.03 6889.081 6449.388 7620.521
3.04 6894.14 6454.175 7626.611
3.049 6899.208 6458.911 7632.868
3.058 6904.287 6463.681 7639.051
3.067 6909.376 6468.607 7645.336
3.077 6914.476 6473.447 7651.647
3.086 6919.585 6478.324 7657.937
3.096 6924.705 6483.289 7664.432
3.106 6929.835 6488.091 7670.83
3.115 6934.976 6492.944 7677.228
3.125 6940.127 6497.862 7683.689
3.135 6945.289 6502.704 7690.135
3.145 6950.461 6507.614 7696.663
3.155 6955.644 6512.506 7703.076
3.165 6960.838 6517.296 7709.62
3.175 6966.043 6522.181 7716.022
3.185 6971.259 6527.221 7722.378
3.195 6976.487 6532.129 7728.815
3.205 6981.725 6537.116 7735.296
3.215 6986.974 6542.059 7741.755
3.226 6992.235 6547.011 7748.402
3.236 6997.507 6552.11 7754.907
3.247 7002.791 6557.174 7761.469
3.257 7008.086 6562.2 7768.07
3.268 7013.393 6567.196 7774.627
3.279 7018.712 6572.111 7781.115
3.289 7024.043 6577.17 7787.678
3.3 7029.385 6582.234 7794.467
3.311 7034.74 6587.217 7801.17
3.322 7040.106 6592.317 7807.897
3.333 7045.485 6597.35 7814.656
3.344 7050.876 6602.408 7821.452
3.356 7056.279 6607.434 7828.195
3.367 7061.695 6612.626 7834.848
3.378 7067.123 6617.744 7841.5
3.39 7072.564 6622.851 7848.539
3.401 7078.018 6627.938 7855.499
3.413 7083.485 6633.202 7862.243
3.425 7088.964 6638.496 7869.137
3.436 7094.457 6643.667 7876.153
3.448 7099.962 6648.786 7883.164
3.46 7105.481 6653.98 7890.148
3.472 7111.013 6659.255 7897.113
3.484 7116.559 6664.551 7904.049
3.497 7122.118 6669.86 7911.007
3.509 7127.691 6675.115 7918.138
3.521 7133.277 6680.342 7925.316
3.534 7138.877 6685.65 7932.384
3.546 7144.492 6690.953 7939.406
3.559 7150.12 6696.209 7946.631
3.571 7155.762 6701.559 7953.783
3.584 7161.419 6706.877 7960.968
3.597 7167.09 6712.125 7968.228
3.61 7172.776 6717.555 7975.465
3.623 7178.476 6722.906 7982.744
3.636 7184.191 6728.383 7989.982
3.65 7189.92 6733.857 7997.345
3.663 7195.665 6739.343 8004.774
3.676 7201.425 6744.844 8012.202
3.69 7207.2 6750.296 8019.618
3.704 7212.99 6755.777 8026.974
3.717 7218.795 6761.246 8034.369
3.731 7224.616 6766.731 8041.892
3.745 7230.453 6772.299 8049.427
3.759 7236.306 6777.826 8056.975
3.774 7242.174 6783.364 8064.657
3.788 7248.059 6788.985 8072.287
3.802 7253.959 6794.581 8079.936
3.817 7259.876 6800.083 8087.548
3.831 7265.81 6805.643 8095.119
3.846 7271.76 6811.27 8102.792
3.861 7277.726 6816.844 8110.593
3.876 7283.71 6822.49 8118.279
3.891 7289.71 6828.082 8126.209
3.906 7295.728 6833.662 8134.174
3.922 7301.763 6839.341 8141.916
3.937 7307.815 6845.009 8150.078
3.953 7313.885 6850.705 8157.935
3.968 7319.972 6856.491 8165.971
3.984 7326.078 6862.181 8173.849
4 7332.201 6867.917 8181.799
4.016 7338.342 6873.709 8189.73
4.032 7344.502 6879.469 8197.963
4.049 7350.68 6885.173 8206.12
4.065 7356.877 6890.913 8214.225
4.082 7363.092 6896.756 8222.514
4.098 7369.327 6902.621 8230.603
4.115 7375.58 6908.459 8238.985
4.132 7381.853 6914.42 8247.23
4.149 7388.145 6920.349 8255.74
4.167 7394.457 6926.302 8263.934
4.184 7400.788 6932.231 8272.426
4.202 7407.139 6938.072 8280.913
4.219 7413.511 6944.051 8289.209
4.237 7419.902 6950.119 8297.492
4.255 7426.314 6956.145 8305.887
4.274 7432.747 6962.138 8314.331
4.292 7439.201 6968.194 8323.115
4.31 7445.675 6974.19 8331.538
4.329 7452.171 6980.266 8340.508
4.348 7458.688 6986.362 8349.227
4.367 7465.226 6992.452 8357.88
4.386 7471.787 6998.638 8366.74
4.405 7478.369 7004.739 8375.508
4.425 7484.973 7010.86 8384.452
4.444 7491.6 7017.086 8393.507
4.464 7498.249 7023.293 8402.417
4.484 7504.921 7029.547 8411.204
4.505 7511.616 7035.79 8420.278
4.525 7518.334 7042.095 8429.072
4.545 7525.075 7048.38 8438.12
4.566 7531.84 7054.62 8447.118
4.587 7538.629 7060.829 8456.553
4.608 7545.442 7067.266 8465.698
4.63 7552.279 7073.666 8474.868
4.651 7559.141 7080.079 8484.288
4.673 7566.027 7086.562 8493.607
4.695 7572.939 7093.116 8502.946
4.717 7579.875 7099.566 8512.416
4.739 7586.837 7105.949 8522.167
4.762 7593.825 7112.486 8531.73
4.785 7600.839 7118.949 8541.402
4.808 7607.878 7125.499 8551.206
4.831 7614.945 7132.19 8560.832
4.854 7622.038 7138.785 8570.385
4.878 7629.158 7145.374 8580.307
4.902 7636.305 7151.997 8590.123
4.926 7643.479 7158.608 8599.993
4.95 7650.682 7165.264 8610.101
4.975 7657.912 7171.867 8620.05
5 7665.171 7178.687 8630.184
5.025 7672.458 7185.458 8640.232
5.051 7679.775 7192.204 8650.423
5.076 7687.12 7199.196 8660.676
5.102 7694.495 7206.097 8671.045
5.128 7701.9 7212.952 8681.272
5.155 7709.335 7219.753 8691.79
5.181 7716.801 7226.728 8702.183
5.208 7724.297 7233.599 8712.529
5.236 7731.824 7240.471 8723.157
5.263 7739.383 7247.478 8733.889
5.291 7746.973 7254.465 8744.772
5.319 7754.595 7261.567 8755.596
5.348 7762.25 7268.709 8766.058
5.376 7769.938 7275.752 8776.891
5.405 7777.658 7282.886 8787.759
5.435 7785.412 7289.958 8798.648
5.464 7793.2 7297.245 8809.599
5.495 7801.022 7304.428 8820.812
5.525 7808.879 7311.713 8832.148
5.556 7816.771 7319.007 8843.555
5.587 7824.698 7326.292 8855.06
5.618 7832.661 7333.618 8866.501
5.65 7840.659 7341.011 8878.035
5.682 7848.695 7348.58 8889.56
5.714 7856.767 7356.034 8901.431
5.747 7864.877 7363.472 8913.542
5.78 7873.025 7370.994 8925.409
5.814 7881.21 7378.609 8937.497
5.848 7889.435 7386.108 8949.764
5.882 7897.699 7393.617 8961.639
5.917 7906.002 7401.318 8973.744
5.952 7914.345 7408.989 8985.971
5.988 7922.729 7416.766 8998.595
6.024 7931.154 7424.488 9010.982
6.061 7939.62 7432.181 9023.275
6.098 7948.129 7439.869 9036.05
6.135 7956.68 7447.817 9048.84
6.173 7965.274 7455.82 9061.535
6.211 7973.911 7463.672 9074.159
6.25 7982.593 7471.649 9087.363
6.289 7991.319 7479.693 9100.223
6.329 8000.09 7487.822 9113.492
6.369 8008.908 7495.979 9126.723
6.41 8017.771 7503.999 9140.202
6.452 8026.682 7512.275 9153.703
6.494 8035.64 7520.52 9167.245
6.536 8044.646 7528.641 9180.611
6.579 8053.701 7536.91 9194.195
6.623 8062.805 7545.287 9207.884
6.667 8071.96 7553.566 9221.615
6.711 8081.165 7561.981 9235.559
6.757 8090.422 7570.463 9249.268
6.803 8099.73 7578.936 9263.462
6.849 8109.091 7587.544 9277.826
6.897 8118.506 7595.985 9292.055
6.944 8127.975 7604.501 9306.504
6.993 8137.499 7613.217 9320.851
7.042 8147.079 7622.09 9335.493
7.092 8156.715 7630.709 9350.715
7.143 8166.409 7639.413 9365.651
7.194 8176.16 7648.198 9380.262
7.246 8185.971 7657.126 9395.608
7.299 8195.841 7666.126 9411.59
7.353 8205.772 7675.124 9426.995
7.407 8215.764 7684.07 9442.615
7.463 8225.818 7693.273 9458.179
7.519 8235.936 7702.472 9474.057
7.576 8246.118 7711.674 9489.811
7.634 8256.366 7720.958 9506.088
7.692 8266.679 7730.23 9522.506
7.752 8277.06 7739.522 9539.184
7.812 8287.509 7748.766 9556.059
7.874 8298.027 7758.28 9572.744
7.937 8308.615 7767.948 9589.822
8 8319.275 7777.449 9606.469
8.065 8330.007 7787.156 9623.878
8.13 8340.813 7796.805 9641.102
8.197 8351.693 7806.547 9659.354
8.264 8362.65 7816.497 9677.131
8.333 8373.684 7826.512 9695.078
8.403 8384.797 7836.304 9713.496
8.475 8395.989 7846.417 9731.646
8.547 8407.263 7856.525 9750.027
8.621 8418.619 7866.622 9768.596
8.696 8430.058 7876.853 9787.701
8.772 8441.584 7887.089 9806.8
8.85 8453.196 7897.411 9825.966
8.929 8464.896 7907.748 9845.488
9.009 8476.686 7918.255 9865.566
9.091 8488.568 7928.742 9885.608
9.174 8500.543 7939.222 9905.416
9.259 8512.612 7949.852 9925.692
9.346 8524.778 7960.645 9946.518
9.434 8537.042 7971.42 9967.765
9.524 8549.406 7982.137 9988.986
9.615 8561.872 7993.215 10010.36
9.709 8574.441 8004.259 10031.79
9.804 8587.117 8015.482 10053.608
9.901 8599.9 8026.588 10075.544
10 8612.793 8037.871 10097.72
10.101 8625.798 8049.281 10120.279
10.204 8638.918 8060.873 10143.074
10.309 8652.154 8072.542 10166.018
10.417 8665.508 8084.265 10189.449
10.526 8678.984 8095.879 10212.821
10.638 8692.584 8107.708 10236.291
10.753 8706.31 8119.705 10260.632
10.87 8720.165 8131.7 10284.925
10.989 8734.152 8143.899 10309.84
11.111 8748.273 8156.068 10335.323
11.236 8762.532 8168.501 10360.695
11.364 8776.931 8181.017 10385.838
11.494 8791.474 8193.618 10412.529
11.628 8806.163 8206.266 10439.092
11.765 8821.003 8219.089 10465.667
11.905 8835.996 8232.304 10493.565
12.048 8851.146 8245.456 10521.452
12.195 8866.458 8258.714 10549.199
12.346 8881.933 8272.26 10577.736
12.5 8897.578 8285.814 10606.991
12.658 8913.395 8299.243 10636.684
12.821 8929.389 8313.086 10666.058
12.987 8945.565 8326.713 10696.967
13.158 8961.926 8340.997 10727.515
13.333 8978.479 8355.328 10758.567
13.514 8995.227 8369.481 10789.62
13.699 9012.175 8383.773 10821.723
13.889 9029.331 8398.158 10854.274
14.085 9046.698 8412.891 10886.906
14.286 9064.282 8427.759 10920.123
14.493 9082.09 8442.84 10953.912
14.706 9100.129 8458.182 10988.348
14.925 9118.403 8473.627 11023.928
15.152 9136.922 8489.222 11059.736
15.385 9155.691 8504.983 11097.323
15.625 9174.718 8520.966 11135.437
15.873 9194.011 8537.216 11174.096
16.129 9213.578 8553.886 11212.901
16.393 9233.428 8570.579 11252.332
16.667 9253.57 8587.378 11292.515
16.949 9274.014 8604.281 11333.591
17.241 9294.769 8621.703 11374.31
17.544 9315.845 8639.104 11417.529
17.857 9337.254 8656.842 11461.179
18.182 9359.008 8674.802 11505.846
18.519 9381.118 8693.088 11551.197
18.868 9403.598 8711.666 11597.266
19.231 9426.461 8730.742 11645.027
19.608 9449.721 8749.764 11693.016
20 9473.393 8769.264 11743.02
20.408 9497.494 8788.885 11793.298
20.833 9522.041 8809.062 11845.77
21.277 9547.052 8829.454 11899.114
21.739 9572.546 8850.083 11954.126
22.222 9598.543 8870.94 12009.395
22.727 9625.065 8892.239 12067.388
23.256 9652.136 8913.624 12126.12
23.81 9679.781 8935.818 12187.066
24.39 9708.026 8958.394 12249.848
25 9736.899 8981.237 12314.521
25.641 9766.432 9004.555 12381.375
26.316 9796.657 9028.353 12449.943
27.027 9827.61 9052.804 12519.024
27.778 9859.33 9077.886 12592.195
28.571 9891.858 9103.527 12666.815
29.412 9925.239 9129.546 12744.55
30.303 9959.522 9156.32 12824.71
31.25 9994.761 9183.247 12908.488
32.258 10031.015 9211.223 12994.889
33.333 10068.346 9239.618 13086.064
34.483 10106.826 9269.076 13180.828
35.714 10146.533 9299.423 13279.771
37.037 10187.552 9330.796 13382.607
38.462 10229.978 9362.596 13488.988
40 10273.918 9395.694 13600.765
41.667 10319.491 9429.564 13718.34
43.478 10366.83 9464.778 13841.727
45.455 10416.087 9500.911 13970.672
47.619 10467.434 9538.639 14106.058
50 10521.066 9577.497 14248.746
52.632 10577.209 9618.332 14400.971
55.556 10636.125 9660.594 14565.079
58.824 10698.118 9704.733 14739.869
62.5 10763.547 9751.462 14924.355
66.667 10832.839 9800.179 15127.995
71.429 10906.506 9850.791 15345.813
76.923 10985.171 9904.397 15582.37
83.333 11069.605 9961.142 15841.082
90.909 11160.771 10021.792 16128.83
100 11259.903 10087.796 16449.247
111.111 11368.615 10158.468 16803.248
125 11489.074 10235.019 17209.36
142.857 11624.296 10320.234 17684.711
166.667 11778.653 10414.832 18248.307
200 11958.851 10522.967 18932.666
250 12175.978 10649.151 19800.984
333.333 12450.488 10800.831 20967.794
500 12827.342 11000.351 22741.095
1000 13445.49 11299.012 26069.364
1111.111 13536.666 11340.245 26615.482
1250 13637.745 11386.279 27237.342
1428.571 13751.266 11435.757 27953.836
1666.667 13880.916 11491.085 28806.516
2000 14032.344 11554.611 29844.58
2500 14214.893 11628.962 31182.695
3333.333 14445.8 11718.777 32968.447
5000 14762.951 11835.278 35671.591
10000 15283.425 12013.277 40764.535
