"Pr" "Mp" "Q_2" "Q_9"
1.01 3061.35 2630.082 3371.699
1.011 3092.15 2666.096 3399.689
1.012 3120.814 2699.673 3425.738
1.013 3147.661 2731.247 3450.223
1.014 3172.941 2760.837 3473.312
1.015 3196.855 2788.653 3495.143
1.016 3219.566 2815.047 3515.933
1.017 3241.209 2840.178 3535.781
1.018 3261.897 2864.239 3554.823
1.019 3281.726 2887.26 3573.002
1.02 3300.778 2909.257 3590.537
1.021 3319.122 2930.424 3607.353
1.022 3336.819 2950.872 3623.625
1.024 3353.922 2970.625 3639.338
1.025 3370.478 2989.762 3654.659
1.026 3386.528 3008.134 3669.381
1.027 3402.108 3025.971 3683.799
1.028 3417.252 3043.397 3697.805
1.029 3431.988 3060.291 3711.478
1.03 3446.343 3076.713 3724.772
1.031 3460.341 3092.673 3737.75
1.032 3474.002 3108.342 3750.416
1.033 3487.348 3123.628 3762.815
1.034 3500.395 3138.475 3774.856
1.035 3513.16 3153.007 3786.792
1.036 3525.658 3167.25 3798.47
1.037 3537.903 3181.222 3809.806
1.038 3549.908 3194.848 3820.901
1.04 3561.684 3208.172 3831.867
1.041 3573.243 3221.284 3842.633
1.042 3584.593 3234.099 3853.264
1.043 3595.746 3246.839 3863.695
1.044 3606.71 3259.152 3873.87
1.045 3617.492 3271.332 3883.964
1.046 3628.101 3283.252 3893.814
1.047 3638.544 3295.074 3903.676
1.048 3648.827 3306.649 3913.276
1.049 3658.957 3318.051 3922.807
1.05 3668.939 3329.356 3932.204
1.052 3678.78 3340.536 3941.374
1.053 3688.485 3351.519 3950.439
1.054 3698.057 3362.337 3959.442
1.055 3707.503 3373.047 3968.299
1.056 3716.827 3383.534 3977.139
1.057 3726.032 3393.845 3985.722
1.058 3735.124 3403.987 3994.251
1.059 3744.105 3414.062 4002.634
1.06 3752.979 3423.977 4010.996
1.062 3761.75 3433.809 4019.19
1.063 3770.421 3443.481 4027.334
1.064 3778.995 3452.96 4035.511
1.065 3787.474 3462.445 4043.51
1.066 3795.863 3471.837 4051.443
1.067 3804.163 3481.215 4059.301
1.068 3812.378 3490.331 4067.064
1.07 3820.508 3499.343 4074.762
1.071 3828.558 3508.417 4082.354
1.072 3836.529 3517.349 4089.876
1.073 3844.423 3526.098 4097.31
1.074 3852.243 3534.841 4104.692
1.075 3859.989 3543.432 4111.997
1.076 3867.666 3551.949 4119.297
1.078 3875.273 3560.455 4126.482
1.079 3882.813 3568.792 4133.579
1.08 3890.288 3577.028 4140.664
1.081 3897.699 3585.161 4147.676
1.082 3905.048 3593.344 4154.691
1.083 3912.336 3601.455 4161.601
1.085 3919.565 3609.538 4168.474
1.086 3926.735 3617.503 4175.245
1.087 3933.85 3625.374 4182.024
1.088 3940.909 3633.158 4188.718
1.089 3947.915 3640.907 4195.444
1.091 3954.867 3648.643 4201.963
1.092 3961.768 3656.244 4208.596
1.093 3968.619 3663.769 4215.088
1.094 3975.421 3671.342 4221.592
1.095 3982.174 3678.772 4227.991
1.096 3988.88 3686.079 4234.359
1.098 3995.54 3693.451 4240.678
1.099 4002.154 3700.705 4247.029
1.1 4008.725 3707.991 4253.224
1.101 4015.252 3715.109 4259.423
1.103 4021.736 3722.292 4265.616
1.104 4028.179 3729.353 4271.748
1.105 4034.581 3736.45 4277.885
1.106 4040.943 3743.473 4283.922
1.107 4047.266 3750.41 4289.953
1.109 4053.551 3757.316 4295.996
1.11 4059.797 3764.188 4302.019
1.111 4066.007 3770.943 4307.936
1.112 4072.18 3777.682 4313.793
1.114 4078.318 3784.389 4319.655
1.115 4084.421 3791.111 4325.487
1.116 4090.489 3797.791 4331.319
1.117 4096.524 3804.327 4337.081
1.119 4102.526 3810.792 4342.873
1.12 4108.495 3817.378 4348.552
1.121 4114.432 3823.866 4354.215
1.122 4120.338 3830.332 4359.851
1.124 4126.213 3836.774 4365.495
1.125 4132.058 3843.079 4371.129
1.126 4137.872 3849.467 4376.794
1.127 4143.658 3855.845 4382.298
1.129 4149.415 3862.026 4387.798
1.13 4155.144 3868.267 4393.314
1.131 4160.845 3874.453 4398.768
1.133 4166.518 3880.637 4404.252
1.134 4172.165 3886.801 4409.685
1.135 4177.785 3892.913 4415.069
1.136 4183.379 3899.037 4420.456
1.138 4188.947 3905.126 4425.84
1.139 4194.491 3911.1 4431.202
1.14 4200.009 3917.023 4436.523
1.142 4205.503 3923.015 4441.837
1.143 4210.973 3928.959 4447.067
1.144 4216.419 3934.961 4452.333
1.145 4221.842 3940.816 4457.514
1.147 4227.242 3946.638 4462.702
1.148 4232.62 3952.498 4467.896
1.149 4237.975 3958.327 4473.064
1.151 4243.308 3964.125 4478.19
1.152 4248.62 3969.836 4483.358
1.153 4253.91 3975.545 4488.435
1.155 4259.18 3981.199 4493.524
1.156 4264.429 3986.957 4498.601
1.157 4269.657 3992.56 4503.655
1.159 4274.866 3998.116 4508.693
1.16 4280.054 4003.715 4513.728
1.161 4285.223 4009.272 4518.733
1.163 4290.373 4014.845 4523.687
1.164 4295.504 4020.4 4528.641
1.166 4300.617 4025.893 4533.601
1.167 4305.711 4031.385 4538.515
1.168 4310.787 4036.829 4543.452
1.17 4315.845 4042.236 4548.334
1.171 4320.885 4047.637 4553.285
1.172 4325.908 4053.048 4558.125
1.174 4330.913 4058.48 4562.959
1.175 4335.902 4063.82 4567.783
1.176 4340.874 4069.134 4572.572
1.178 4345.83 4074.48 4577.365
1.179 4350.769 4079.757 4582.174
1.181 4355.692 4085.047 4586.904
1.182 4360.6 4090.382 4591.664
1.183 4365.492 4095.609 4596.404
1.185 4370.368 4100.804 4601.164
1.186 4375.229 4106.018 4605.859
1.188 4380.075 4111.213 4610.504
1.189 4384.907 4116.422 4615.186
1.19 4389.724 4121.58 4619.849
1.192 4394.526 4126.693 4624.458
1.193 4399.314 4131.825 4629.107
1.195 4404.088 4136.962 4633.73
1.196 4408.848 4142.047 4638.357
1.198 4413.594 4147.167 4642.998
1.199 4418.327 4152.236 4647.593
1.2 4423.047 4157.279 4652.17
1.202 4427.753 4162.314 4656.671
1.203 4432.446 4167.387 4661.231
1.205 4437.127 4172.415 4665.754
1.206 4441.794 4177.428 4670.268
1.208 4446.449 4182.403 4674.758
1.209 4451.092 4187.336 4679.297
1.211 4455.722 4192.253 4683.747
1.212 4460.341 4197.155 4688.258
1.214 4464.947 4202.052 4692.774
1.215 4469.542 4206.89 4697.195
1.217 4474.124 4211.777 4701.694
1.218 4478.696 4216.653 4706.144
1.22 4483.256 4221.551 4710.552
1.221 4487.804 4226.408 4714.962
1.222 4492.342 4231.275 4719.414
1.224 4496.869 4236.146 4723.815
1.225 4501.384 4240.913 4728.178
1.227 4505.89 4245.737 4732.617
1.229 4510.384 4250.548 4737.031
1.23 4514.868 4255.305 4741.38
1.232 4519.342 4260.088 4745.757
1.233 4523.805 4264.834 4750.093
1.235 4528.258 4269.525 4754.384
1.236 4532.702 4274.301 4758.687
1.238 4537.135 4278.967 4762.976
1.239 4541.559 4283.68 4767.244
1.241 4545.973 4288.342 4771.558
1.242 4550.377 4293.016 4775.826
1.244 4554.772 4297.689 4780.1
1.245 4559.158 4302.357 4784.355
1.247 4563.535 4307.054 4788.588
1.248 4567.902 4311.674 4792.869
1.25 4572.261 4316.287 4797.132
1.252 4576.611 4320.882 4801.399
1.253 4580.951 4325.434 4805.607
1.255 4585.284 4329.975 4809.826
1.256 4589.607 4334.583 4814.002
1.258 4593.922 4339.112 4818.185
1.259 4598.229 4343.633 4822.39
1.261 4602.527 4348.137 4826.577
1.263 4606.817 4352.66 4830.799
1.264 4611.099 4357.167 4835.013
1.266 4615.374 4361.733 4839.169
1.267 4619.64 4366.245 4843.311
1.269 4623.898 4370.709 4847.479
1.271 4628.149 4375.238 4851.64
1.272 4632.391 4379.669 4855.768
1.274 4636.627 4384.189 4859.894
1.276 4640.855 4388.65 4864.003
1.277 4645.075 4393.104 4868.117
1.279 4649.288 4397.615 4872.221
1.28 4653.494 4402.075 4876.364
1.282 4657.693 4406.528 4880.477
1.284 4661.884 4410.944 4884.567
1.285 4666.069 4415.406 4888.669
1.287 4670.247 4419.765 4892.766
1.289 4674.418 4424.197 4896.836
1.29 4678.582 4428.568 4900.924
1.292 4682.739 4432.918 4904.964
1.294 4686.89 4437.34 4909.07
1.295 4691.034 4441.724 4913.139
1.297 4695.172 4446.05 4917.189
1.299 4699.304 4450.367 4921.219
1.3 4703.429 4454.664 4925.262
1.302 4707.548 4458.979 4929.298
1.304 4711.661 4463.259 4933.309
1.305 4715.767 4467.618 4937.351
1.307 4719.868 4471.911 4941.347
1.309 4723.962 4476.205 4945.332
1.311 4728.051 4480.491 4949.367
1.312 4732.134 4484.783 4953.325
1.314 4736.211 4489.111 4957.349
1.316 4740.282 4493.413 4961.326
1.318 4744.348 4497.696 4965.29
1.319 4748.408 4501.982 4969.24
1.321 4752.463 4506.256 4973.192
1.323 4756.512 4510.451 4977.198
1.325 4760.556 4514.718 4981.176
1.326 4764.594 4518.907 4985.181
1.328 4768.628 4523.134 4989.121
1.33 4772.656 4527.332 4993.046
1.332 4776.679 4531.565 4997.006
1.333 4780.696 4535.761 5000.929
1.335 4784.709 4539.966 5004.889
1.337 4788.717 4544.175 5008.801
1.339 4792.72 4548.397 5012.72
1.34 4796.718 4552.561 5016.636
1.342 4800.711 4556.723 5020.608
1.344 4804.7 4560.834 5024.513
1.346 4808.683 4564.998 5028.435
1.348 4812.663 4569.091 5032.322
1.35 4816.637 4573.281 5036.225
1.351 4820.607 4577.404 5040.094
1.353 4824.573 4581.565 5044.002
1.355 4828.534 4585.671 5047.893
1.357 4832.491 4589.804 5051.764
1.359 4836.443 4593.937 5055.668
1.361 4840.392 4598.073 5059.556
1.362 4844.336 4602.189 5063.429
1.364 4848.275 4606.3 5067.291
1.366 4852.211 4610.416 5071.151
1.368 4856.143 4614.478 5074.993
1.37 4860.071 4618.561 5078.832
1.372 4863.994 4622.637 5082.644
1.374 4867.914 4626.727 5086.501
1.376 4871.83 4630.876 5090.306
1.377 4875.742 4634.92 5094.187
1.379 4879.65 4638.957 5098.012
1.381 4883.555 4643.031 5101.895
1.383 4887.456 4647.121 5105.717
1.385 4891.353 4651.197 5109.532
1.387 4895.247 4655.292 5113.356
1.389 4899.137 4659.335 5117.186
1.391 4903.024 4663.391 5120.991
1.393 4906.907 4667.424 5124.796
1.395 4910.787 4671.457 5128.642
1.397 4914.663 4675.485 5132.44
1.399 4918.536 4679.51 5136.213
1.401 4922.406 4683.481 5140.042
1.403 4926.273 4687.555 5143.848
1.404 4930.136 4691.539 5147.663
1.406 4933.997 4695.491 5151.484
1.408 4937.854 4699.51 5155.252
1.41 4941.708 4703.474 5159.07
1.412 4945.559 4707.522 5162.867
1.414 4949.407 4711.538 5166.671
1.416 4953.252 4715.568 5170.474
1.418 4957.094 4719.524 5174.289
1.42 4960.934 4723.513 5178.034
1.422 4964.77 4727.474 5181.835
1.425 4968.604 4731.452 5185.618
1.427 4972.435 4735.417 5189.387
1.429 4976.263 4739.345 5193.147
1.431 4980.089 4743.299 5196.88
1.433 4983.912 4747.268 5200.634
1.435 4987.733 4751.231 5204.388
1.437 4991.55 4755.19 5208.198
1.439 4995.366 4759.093 5211.977
1.441 4999.179 4763.064 5215.745
1.443 5002.989 4767.007 5219.521
1.445 5006.797 4770.967 5223.264
1.447 5010.603 4774.909 5227.098
1.449 5014.406 4778.839 5230.872
1.451 5018.207 4782.759 5234.647
1.453 5022.006 4786.684 5238.361
1.456 5025.803 4790.598 5242.113
1.458 5029.597 4794.536 5245.869
1.46 5033.39 4798.473 5249.614
1.462 5037.18 4802.414 5253.36
1.464 5040.968 4806.357 5257.115
1.466 5044.754 4810.264 5260.861
1.468 5048.538 4814.213 5264.602
1.471 5052.32 4818.093 5268.31
1.473 5056.1 4822.002 5272.07
1.475 5059.878 4825.877 5275.81
1.477 5063.655 4829.769 5279.578
1.479 5067.429 4833.656 5283.279
1.481 5071.202 4837.517 5287.024
1.484 5074.973 4841.379 5290.739
1.486 5078.742 4845.276 5294.461
1.488 5082.509 4849.16 5298.193
1.49 5086.275 4853.039 5301.952
1.493 5090.039 4856.89 5305.682
1.495 5093.802 4860.792 5309.451
1.497 5097.563 4864.747 5313.203
1.499 5101.322 4868.571 5316.937
1.502 5105.08 4872.418 5320.655
1.504 5108.837 4876.318 5324.404
1.506 5112.592 4880.188 5328.146
1.508 5116.345 4884.062 5331.893
1.511 5120.098 4887.935 5335.593
1.513 5123.848 4891.799 5339.313
1.515 5127.598 4895.729 5343.084
1.517 5131.346 4899.534 5346.826
1.52 5135.093 4903.44 5350.515
1.522 5138.839 4907.276 5354.19
1.524 5142.583 4911.108 5357.888
1.527 5146.327 4914.954 5361.638
1.529 5150.069 4918.787 5365.351
1.531 5153.81 4922.585 5369.066
1.534 5157.55 4926.435 5372.783
1.536 5161.289 4930.263 5376.477
1.538 5165.027 4934.119 5380.177
1.541 5168.764 4938.007 5383.882
1.543 5172.5 4941.835 5387.604
1.546 5176.235 4945.681 5391.326
1.548 5179.969 4949.541 5395.001
1.55 5183.703 4953.373 5398.737
1.553 5187.435 4957.187 5402.442
1.555 5191.167 4961.035 5406.194
1.558 5194.898 4964.919 5409.948
1.56 5198.628 4968.744 5413.63
1.563 5202.357 4972.576 5417.323
1.565 5206.086 4976.394 5421.036
1.567 5209.814 4980.215 5424.77
1.57 5213.541 4984.014 5428.491
1.572 5217.268 4987.81 5432.225
1.575 5220.994 4991.607 5435.943
1.577 5224.719 4995.436 5439.64
1.58 5228.444 4999.291 5443.32
1.582 5232.169 5003.086 5446.98
1.585 5235.893 5006.898 5450.715
1.587 5239.617 5010.739 5454.395
1.59 5243.34 5014.56 5458.078
1.592 5247.063 5018.335 5461.779
1.595 5250.785 5022.153 5465.457
1.597 5254.507 5025.917 5469.184
1.6 5258.229 5029.767 5472.871
1.603 5261.95 5033.53 5476.581
1.605 5265.672 5037.382 5480.344
1.608 5269.392 5041.132 5484.059
1.61 5273.113 5044.946 5487.796
1.613 5276.834 5048.715 5491.475
1.616 5280.554 5052.491 5495.216
1.618 5284.275 5056.333 5498.949
1.621 5287.995 5060.117 5502.664
1.623 5291.715 5063.904 5506.384
1.626 5295.435 5067.69 5510.111
1.629 5299.155 5071.471 5513.825
1.631 5302.875 5075.214 5517.58
1.634 5306.595 5079 5521.274
1.637 5310.315 5082.8 5524.949
1.639 5314.036 5086.645 5528.663
1.642 5317.756 5090.45 5532.361
1.645 5321.476 5094.233 5536.137
1.647 5325.197 5098.005 5539.828
1.65 5328.918 5101.826 5543.496
1.653 5332.639 5105.643 5547.238
1.656 5336.36 5109.398 5550.952
1.658 5340.082 5113.244 5554.707
1.661 5343.804 5117.056 5558.395
1.664 5347.526 5120.851 5562.115
1.667 5351.248 5124.611 5565.817
1.669 5354.971 5128.372 5569.532
1.672 5358.694 5132.125 5573.253
1.675 5362.418 5135.905 5576.987
1.678 5366.142 5139.661 5580.67
1.681 5369.867 5143.446 5584.403
1.684 5373.592 5147.25 5588.096
1.686 5377.317 5151.007 5591.773
1.689 5381.043 5154.809 5595.506
1.692 5384.77 5158.635 5599.232
1.695 5388.497 5162.461 5602.987
1.698 5392.225 5166.204 5606.712
1.701 5395.954 5170.046 5610.434
1.704 5399.683 5173.801 5614.168
1.706 5403.413 5177.639 5617.9
1.709 5407.144 5181.365 5621.663
1.712 5410.875 5185.197 5625.396
1.715 5414.607 5189.017 5629.131
1.718 5418.34 5192.774 5632.837
1.721 5422.074 5196.621 5636.61
1.724 5425.809 5200.432 5640.304
1.727 5429.544 5204.243 5644.053
1.73 5433.28 5208.002 5647.788
1.733 5437.018 5211.789 5651.56
1.736 5440.756 5215.606 5655.317
1.739 5444.495 5219.434 5659.055
1.742 5448.235 5223.26 5662.796
1.745 5451.977 5227.045 5666.544
1.748 5455.719 5230.848 5670.284
1.751 5459.462 5234.581 5673.997
1.754 5463.207 5238.4 5677.726
1.757 5466.952 5242.166 5681.503
1.761 5470.699 5245.957 5685.245
1.764 5474.447 5249.734 5688.976
1.767 5478.196 5253.508 5692.724
1.77 5481.946 5257.307 5696.518
1.773 5485.698 5261.098 5700.301
1.776 5489.451 5264.852 5704.057
1.779 5493.205 5268.678 5707.814
1.783 5496.96 5272.489 5711.557
1.786 5500.717 5276.315 5715.327
1.789 5504.475 5280.086 5719.099
1.792 5508.234 5283.904 5722.82
1.795 5511.995 5287.674 5726.638
1.799 5515.758 5291.474 5730.436
1.802 5519.522 5295.282 5734.187
1.805 5523.287 5299.109 5737.946
1.808 5527.054 5302.914 5741.713
1.812 5530.822 5306.74 5745.502
1.815 5534.592 5310.523 5749.295
1.818 5538.364 5314.35 5753.054
1.821 5542.137 5318.168 5756.826
1.825 5545.911 5321.973 5760.653
1.828 5549.688 5325.771 5764.421
1.832 5553.466 5329.668 5768.221
1.835 5557.246 5333.48 5771.982
1.838 5561.028 5337.303 5775.773
1.842 5564.811 5341.142 5779.556
1.845 5568.596 5345.013 5783.386
1.848 5572.383 5348.855 5787.156
1.852 5576.172 5352.685 5790.955
1.855 5579.962 5356.525 5794.738
1.859 5583.755 5360.339 5798.569
1.862 5587.55 5364.158 5802.376
1.866 5591.346 5367.957 5806.188
1.869 5595.144 5371.757 5809.987
1.873 5598.945 5375.575 5813.816
1.876 5602.747 5379.453 5817.674
1.88 5606.552 5383.288 5821.54
1.883 5610.358 5387.122 5825.385
1.887 5614.167 5390.931 5829.248
1.89 5617.977 5394.757 5833.081
1.894 5621.79 5398.596 5836.935
1.898 5625.605 5402.432 5840.748
1.901 5629.423 5406.267 5844.588
1.905 5633.242 5410.103 5848.423
1.908 5637.064 5413.977 5852.275
1.912 5640.888 5417.787 5856.128
1.916 5644.714 5421.657 5859.953
1.919 5648.542 5425.542 5863.843
1.923 5652.373 5429.366 5867.721
1.927 5656.207 5433.195 5871.552
1.931 5660.042 5437.02 5875.384
1.934 5663.881 5440.921 5879.267
1.938 5667.721 5444.8 5883.116
1.942 5671.564 5448.638 5886.977
1.946 5675.41 5452.519 5890.833
1.949 5679.258 5456.389 5894.715
1.953 5683.109 5460.299 5898.548
1.957 5686.962 5464.197 5902.454
1.961 5690.818 5468.07 5906.345
1.965 5694.676 5471.957 5910.237
1.969 5698.537 5475.863 5914.143
1.972 5702.401 5479.751 5918.063
1.976 5706.268 5483.648 5921.931
1.98 5710.137 5487.575 5925.829
1.984 5714.009 5491.483 5929.745
1.988 5717.884 5495.397 5933.662
1.992 5721.762 5499.309 5937.602
1.996 5725.643 5503.228 5941.506
2 5729.526 5507.137 5945.415
2.004 5733.412 5511.034 5949.35
2.008 5737.302 5514.956 5953.271
2.012 5741.194 5518.854 5957.16
2.016 5745.089 5522.765 5961.057
2.02 5748.987 5526.668 5964.999
2.024 5752.889 5530.56 5968.925
2.028 5756.793 5534.454 5972.851
2.033 5760.701 5538.359 5976.79
2.037 5764.611 5542.301 5980.767
2.041 5768.525 5546.216 5984.676
2.045 5772.442 5550.177 5988.614
2.049 5776.362 5554.075 5992.569
2.053 5780.285 5558.002 5996.536
2.058 5784.212 5561.898 6000.543
2.062 5788.142 5565.824 6004.534
2.066 5792.075 5569.747 6008.528
2.07 5796.012 5573.725 6012.496
2.075 5799.952 5577.691 6016.513
2.079 5803.895 5581.637 6020.514
2.083 5807.842 5585.572 6024.464
2.088 5811.792 5589.505 6028.429
2.092 5815.746 5593.44 6032.343
2.096 5819.703 5597.439 6036.372
2.101 5823.664 5601.416 6040.378
2.105 5827.629 5605.357 6044.374
2.11 5831.597 5609.345 6048.374
2.114 5835.568 5613.282 6052.358
2.119 5839.544 5617.246 6056.394
2.123 5843.523 5621.249 6060.379
2.128 5847.506 5625.215 6064.426
2.132 5851.492 5629.185 6068.477
2.137 5855.482 5633.154 6072.502
2.141 5859.477 5637.15 6076.546
2.146 5863.475 5641.164 6080.595
2.151 5867.477 5645.109 6084.642
2.155 5871.482 5649.111 6088.668
2.16 5875.492 5653.087 6092.709
2.165 5879.506 5657.14 6096.767
2.169 5883.524 5661.161 6100.803
2.174 5887.545 5665.157 6104.824
2.179 5891.571 5669.189 6108.906
2.183 5895.601 5673.222 6113.002
2.188 5899.635 5677.217 6117.062
2.193 5903.673 5681.264 6121.179
2.198 5907.716 5685.292 6125.285
2.203 5911.762 5689.361 6129.376
2.208 5915.813 5693.372 6133.489
2.212 5919.868 5697.376 6137.514
2.217 5923.928 5701.428 6141.621
2.222 5927.992 5705.496 6145.742
2.227 5932.06 5709.54 6149.871
2.232 5936.133 5713.623 6153.978
2.237 5940.21 5717.669 6158.143
2.242 5944.291 5721.694 6162.251
2.247 5948.377 5725.799 6166.403
2.252 5952.468 5729.865 6170.573
2.257 5956.563 5733.935 6174.681
2.262 5960.663 5737.995 6178.855
2.268 5964.768 5742.052 6183.055
2.273 5968.877 5746.115 6187.214
2.278 5972.991 5750.205 6191.359
2.283 5977.109 5754.331 6195.529
2.288 5981.233 5758.416 6199.754
2.294 5985.361 5762.547 6203.919
2.299 5989.494 5766.655 6208.171
2.304 5993.632 5770.787 6212.425
2.309 5997.775 5774.919 6216.643
2.315 6001.923 5779.038 6220.829
2.32 6006.076 5783.181 6225.021
2.326 6010.234 5787.327 6229.256
2.331 6014.397 5791.469 6233.43
2.336 6018.565 5795.579 6237.68
2.342 6022.738 5799.717 6241.931
2.347 6026.916 5803.914 6246.183
2.353 6031.1 5808.064 6250.472
2.358 6035.289 5812.257 6254.742
2.364 6039.483 5816.409 6259.027
2.37 6043.682 5820.581 6263.293
2.375 6047.887 5824.749 6267.56
2.381 6052.097 5828.934 6271.829
2.387 6056.313 5833.153 6276.152
2.392 6060.534 5837.368 6280.473
2.398 6064.761 5841.521 6284.746
2.404 6068.993 5845.756 6289.05
2.41 6073.231 5849.932 6293.403
2.415 6077.474 5854.14 6297.714
2.421 6081.723 5858.355 6302.057
2.427 6085.978 5862.581 6306.387
2.433 6090.239 5866.764 6310.729
2.439 6094.505 5870.997 6315.029
2.445 6098.777 5875.229 6319.355
2.451 6103.055 5879.461 6323.689
2.457 6107.339 5883.643 6328.097
2.463 6111.629 5887.917 6332.472
2.469 6115.925 5892.16 6336.847
2.475 6120.227 5896.446 6341.201
2.481 6124.535 5900.689 6345.596
2.488 6128.849 5904.952 6349.965
2.494 6133.169 5909.212 6354.397
2.5 6137.495 5913.493 6358.853
2.506 6141.828 5917.782 6363.297
2.513 6146.167 5922.12 6367.713
2.519 6150.512 5926.407 6372.139
2.525 6154.864 5930.709 6376.601
2.532 6159.222 5935.053 6381.042
2.538 6163.586 5939.389 6385.539
2.545 6167.957 5943.705 6390.004
2.551 6172.335 5948.032 6394.486
2.558 6176.719 5952.367 6398.962
2.564 6181.109 5956.72 6403.461
2.571 6185.507 5961.117 6407.984
2.577 6189.911 5965.475 6412.428
2.584 6194.322 5969.783 6416.945
2.591 6198.739 5974.118 6421.462
2.597 6203.164 5978.499 6425.968
2.604 6207.595 5982.915 6430.546
2.611 6212.034 5987.276 6435.064
2.618 6216.479 5991.649 6439.59
2.625 6220.932 5996.036 6444.08
2.632 6225.391 6000.422 6448.643
2.639 6229.858 6004.846 6453.229
2.646 6234.332 6009.229 6457.811
2.653 6238.813 6013.632 6462.4
2.66 6243.301 6018.059 6467.018
2.667 6247.797 6022.481 6471.615
2.674 6252.3 6026.938 6476.22
2.681 6256.811 6031.379 6480.867
2.688 6261.329 6035.807 6485.474
2.695 6265.855 6040.296 6490.087
2.703 6270.388 6044.771 6494.704
2.71 6274.929 6049.232 6499.324
2.717 6279.477 6053.712 6504.019
2.725 6284.034 6058.182 6508.7
2.732 6288.598 6062.626 6513.348
2.74 6293.17 6067.137 6518.066
2.747 6297.749 6071.566 6522.772
2.755 6302.337 6076.093 6527.491
2.762 6306.933 6080.6 6532.219
2.77 6311.537 6085.169 6536.938
2.778 6316.149 6089.715 6541.702
2.786 6320.769 6094.257 6546.45
2.793 6325.398 6098.772 6551.175
2.801 6330.034 6103.312 6555.945
2.809 6334.679 6107.864 6560.714
2.817 6339.333 6112.485 6565.477
2.825 6343.995 6117.071 6570.247
2.833 6348.665 6121.618 6575.021
2.841 6353.344 6126.198 6579.809
2.849 6358.032 6130.773 6584.638
2.857 6362.728 6135.363 6589.475
2.865 6367.433 6139.991 6594.333
2.874 6372.147 6144.653 6599.167
2.882 6376.87 6149.299 6604.063
2.89 6381.602 6153.94 6608.901
2.899 6386.343 6158.59 6613.721
2.907 6391.093 6163.25 6618.634
2.915 6395.852 6167.934 6623.567
2.924 6400.62 6172.602 6628.486
2.933 6405.397 6177.275 6633.37
2.941 6410.184 6181.975 6638.349
2.95 6414.98 6186.701 6643.283
2.959 6419.785 6191.425 6648.22
2.967 6424.6 6196.147 6653.132
2.976 6429.425 6200.868 6658.129
2.985 6434.259 6205.62 6663.032
2.994 6439.103 6210.395 6667.984
3.003 6443.957 6215.138 6673.001
3.012 6448.821 6219.865 6677.985
3.021 6453.694 6224.604 6683.021
3.03 6458.578 6229.405 6688.013
3.04 6463.471 6234.184 6693.013
3.049 6468.375 6238.987 6698.085
3.058 6473.289 6243.784 6703.137
3.067 6478.213 6248.581 6708.171
3.077 6483.147 6253.447 6713.234
3.086 6488.092 6258.277 6718.307
3.096 6493.048 6263.118 6723.382
3.106 6498.014 6267.96 6728.516
3.115 6502.99 6272.787 6733.664
3.125 6507.977 6277.629 6738.859
3.135 6512.975 6282.475 6744
3.145 6517.984 6287.369 6749.188
3.155 6523.004 6292.247 6754.351
3.165 6528.035 6297.145 6759.542
3.175 6533.077 6302.033 6764.713
3.185 6538.13 6306.935 6769.917
3.195 6543.195 6311.837 6775.146
3.205 6548.271 6316.827 6780.404
3.215 6553.358 6321.797 6785.626
3.226 6558.457 6326.729 6790.808
3.236 6563.567 6331.727 6796.164
3.247 6568.689 6336.708 6801.474
3.257 6573.823 6341.686 6806.784
3.268 6578.968 6346.74 6812.101
3.279 6584.126 6351.698 6817.462
3.289 6589.295 6356.714 6822.763
3.3 6594.477 6361.767 6828.177
3.311 6599.671 6366.809 6833.539
3.322 6604.877 6371.889 6838.942
3.333 6610.096 6376.947 6844.326
3.344 6615.326 6382.002 6849.74
3.356 6620.57 6387.054 6855.189
3.367 6625.826 6392.127 6860.655
3.378 6631.095 6397.23 6866.118
3.39 6636.377 6402.351 6871.612
3.401 6641.672 6407.485 6877.082
3.413 6646.979 6412.612 6882.595
3.425 6652.3 6417.758 6888.145
3.436 6657.634 6422.884 6893.661
3.448 6662.982 6427.97 6899.202
3.46 6668.343 6433.198 6904.756
3.472 6673.717 6438.403 6910.335
3.484 6679.105 6443.615 6915.886
3.497 6684.507 6448.816 6921.493
3.509 6689.922 6454.064 6927.11
3.521 6695.352 6459.362 6932.761
3.534 6700.795 6464.605 6938.401
3.546 6706.253 6469.891 6944.03
3.559 6711.725 6475.18 6949.684
3.571 6717.212 6480.482 6955.372
3.584 6722.712 6485.792 6961.1
3.597 6728.228 6491.103 6966.788
3.61 6733.758 6496.435 6972.554
3.623 6739.303 6501.774 6978.379
3.636 6744.863 6507.104 6984.139
3.65 6750.438 6512.497 6989.939
3.663 6756.028 6517.911 6995.778
3.676 6761.634 6523.335 7001.593
3.69 6767.255 6528.825 7007.468
3.704 6772.891 6534.247 7013.369
3.717 6778.544 6539.715 7019.244
3.731 6784.211 6545.109 7025.15
3.745 6789.895 6550.653 7031.11
3.759 6795.595 6556.187 7037.09
3.774 6801.311 6561.642 7043.06
3.788 6807.044 6567.23 7048.982
3.802 6812.793 6572.773 7054.992
3.817 6818.558 6578.369 7061.044
3.831 6824.34 6583.975 7067.012
3.846 6830.139 6589.584 7073.051
3.861 6835.955 6595.229 7079.11
3.876 6841.788 6600.841 7085.218
3.891 6847.638 6606.441 7091.29
3.906 6853.506 6612.071 7097.48
3.922 6859.391 6617.747 7103.654
3.937 6865.294 6623.418 7109.911
3.953 6871.215 6629.1 7116.105
3.968 6877.153 6634.789 7122.285
3.984 6883.11 6640.457 7128.471
4 6889.085 6646.165 7134.662
4.016 6895.079 6651.846 7140.941
4.032 6901.091 6657.582 7147.246
4.049 6907.122 6663.346 7153.553
4.065 6913.172 6669.156 7159.879
4.082 6919.241 6674.976 7166.237
4.098 6925.329 6680.834 7172.669
4.115 6931.436 6686.666 7179.044
4.132 6937.563 6692.609 7185.467
4.149 6943.71 6698.427 7191.944
4.167 6949.877 6704.391 7198.411
4.184 6956.063 6710.228 7204.982
4.202 6962.27 6716.147 7211.548
4.219 6968.498 6722.117 7218.01
4.237 6974.746 6728.059 7224.586
4.255 6981.015 6734.08 7231.111
4.274 6987.305 6740.097 7237.742
4.292 6993.616 6746.097 7244.394
4.31 6999.948 6752.123 7251.059
4.329 7006.302 6758.172 7257.715
4.348 7012.677 6764.169 7264.455
4.367 7019.075 6770.255 7271.175
4.386 7025.495 6776.353 7277.926
4.405 7031.937 6782.483 7284.698
4.425 7038.401 6788.618 7291.521
4.444 7044.888 6794.797 7298.36
4.464 7051.399 6801.042 7305.254
4.484 7057.932 6807.284 7312.153
4.505 7064.489 6813.538 7319.067
4.525 7071.069 6819.797 7326.039
4.545 7077.673 6826.084 7332.966
4.566 7084.301 6832.43 7339.94
4.587 7090.954 6838.805 7346.942
4.608 7097.631 6845.135 7353.93
4.63 7104.332 6851.453 7361.025
4.651 7111.059 6857.753 7368.072
4.673 7117.811 6864.153 7375.176
4.695 7124.588 6870.549 7382.296
4.717 7131.391 6877.008 7389.566
4.739 7138.22 6883.438 7396.848
4.762 7145.075 6889.967 7404.093
4.785 7151.956 6896.505 7411.398
4.808 7158.864 6902.984 7418.736
4.831 7165.799 6909.514 7426.131
4.854 7172.761 6916.179 7433.504
4.878 7179.751 6922.808 7440.946
4.902 7186.769 6929.423 7448.311
4.926 7193.814 6936.035 7455.744
4.95 7200.888 6942.717 7463.308
4.975 7207.991 6949.387 7470.795
5 7215.122 6956.112 7478.378
5.025 7222.283 6962.906 7486.044
5.051 7229.473 6969.721 7493.65
5.076 7236.693 6976.535 7501.296
5.102 7243.943 6983.39 7509.078
5.128 7251.223 6990.25 7516.834
5.155 7258.534 6997.17 7524.608
5.181 7265.876 7004.118 7532.449
5.208 7273.25 7011.084 7540.329
5.236 7280.655 7017.998 7548.208
5.263 7288.092 7024.989 7556.105
5.291 7295.562 7031.989 7564.045
5.319 7303.064 7039.059 7572.032
5.348 7310.6 7046.1 7580.029
5.376 7318.169 7053.13 7588.114
5.405 7325.772 7060.183 7596.199
5.435 7333.408 7067.33 7604.327
5.464 7341.08 7074.476 7612.448
5.495 7348.786 7081.69 7620.753
5.525 7356.528 7088.969 7629.09
5.556 7364.306 7096.152 7637.388
5.587 7372.119 7103.499 7645.843
5.618 7379.969 7110.865 7654.246
5.65 7387.856 7118.187 7662.762
5.682 7395.781 7125.631 7671.196
5.714 7403.743 7133.137 7679.712
5.747 7411.743 7140.597 7688.29
5.78 7419.782 7148.099 7696.977
5.814 7427.861 7155.651 7705.652
5.848 7435.978 7163.176 7714.424
5.882 7444.136 7170.81 7723.127
5.917 7452.334 7178.438 7731.976
5.952 7460.574 7186.081 7740.815
5.988 7468.854 7193.808 7749.767
6.024 7477.177 7201.556 7758.693
6.061 7485.542 7209.336 7767.673
6.098 7493.951 7217.12 7776.8
6.135 7502.402 7224.951 7785.977
6.173 7510.898 7232.892 7795.149
6.211 7519.439 7240.847 7804.367
6.25 7528.024 7248.778 7813.658
6.289 7536.656 7256.765 7822.958
6.329 7545.333 7264.889 7832.382
6.369 7554.058 7272.923 7841.793
6.41 7562.83 7281.004 7851.286
6.452 7571.65 7289.115 7860.812
6.494 7580.519 7297.323 7870.429
6.536 7589.437 7305.503 7880.164
6.579 7598.405 7313.85 7889.943
6.623 7607.424 7322.163 7899.734
6.667 7616.494 7330.574 7909.618
6.711 7625.616 7339.013 7919.518
6.757 7634.791 7347.389 7929.458
6.803 7644.02 7355.93 7939.55
6.849 7653.302 7364.497 7949.658
6.897 7662.639 7373.019 7959.83
6.944 7672.032 7381.644 7970.212
6.993 7681.482 7390.312 7980.587
7.042 7690.988 7399.021 7990.944
7.092 7700.553 7407.814 8001.378
7.143 7710.176 7416.661 8011.918
7.194 7719.859 7425.545 8022.49
7.246 7729.603 7434.488 8033.126
7.299 7739.408 7443.465 8043.882
7.353 7749.275 7452.527 8054.625
7.407 7759.206 7461.691 8065.533
7.463 7769.2 7470.831 8076.483
7.519 7779.26 7479.957 8087.542
7.576 7789.385 7489.201 8098.749
7.634 7799.578 7498.492 8109.941
7.692 7809.839 7507.893 8121.207
7.752 7820.169 7517.41 8132.488
7.812 7830.569 7526.885 8144.125
7.874 7841.04 7536.404 8155.766
7.937 7851.583 7545.949 8167.433
8 7862.201 7555.563 8179.236
8.065 7872.892 7565.298 8191.105
8.13 7883.66 7575.096 8202.875
8.197 7894.505 7584.854 8214.898
8.264 7905.428 7594.757 8227.06
8.333 7916.43 7604.68 8239.203
8.403 7927.514 7614.732 8251.624
8.475 7938.68 7624.883 8263.882
8.547 7949.93 7635.087 8276.236
8.621 7961.264 7645.301 8288.927
8.696 7972.686 7655.609 8301.643
8.772 7984.195 7665.986 8314.456
8.85 7995.794 7676.42 8327.412
8.929 8007.484 7686.918 8340.476
9.009 8019.267 7697.524 8353.504
9.091 8031.144 7708.207 8366.764
9.174 8043.117 7719.045 8380.231
9.259 8055.188 7729.822 8393.541
9.346 8067.359 7740.705 8407.19
9.434 8079.631 7751.628 8421.02
9.524 8092.007 7762.781 8434.982
9.615 8104.488 7773.993 8448.806
9.709 8117.076 7785.36 8462.953
9.804 8129.774 7796.667 8477.157
9.901 8142.583 7808.053 8491.358
10 8155.506 7819.644 8505.993
10.101 8168.545 7831.284 8520.924
10.204 8181.702 7843.015 8535.672
10.309 8194.98 7854.788 8550.703
10.417 8208.381 7866.689 8565.776
10.526 8221.907 7878.747 8581.079
10.638 8235.562 7890.816 8596.599
10.753 8249.348 7903.116 8612.153
10.87 8263.268 7915.523 8628.064
10.989 8277.324 7928.009 8644.013
11.111 8291.52 7940.687 8660.247
11.236 8305.858 7953.383 8676.66
11.364 8320.342 7966.155 8693.158
11.494 8334.976 7979.119 8709.784
11.628 8349.761 7992.086 8726.832
11.765 8364.703 8005.227 8743.714
11.905 8379.805 8018.565 8760.956
12.048 8395.069 8031.991 8778.229
12.195 8410.501 8045.451 8795.92
12.346 8426.104 8059.17 8813.852
12.5 8441.883 8072.942 8831.88
12.658 8457.841 8086.87 8850.311
12.821 8473.984 8100.954 8868.905
12.987 8490.316 8115.101 8887.876
13.158 8506.841 8129.517 8906.968
13.333 8523.565 8144.164 8926.367
13.514 8540.493 8158.795 8945.86
13.699 8557.631 8173.77 8965.705
13.889 8574.984 8188.843 8985.76
14.085 8592.558 8204.162 9005.997
14.286 8610.359 8219.639 9026.537
14.493 8628.393 8235.319 9047.494
14.706 8646.668 8251.182 9068.777
14.925 8665.19 8267.006 9090.405
15.152 8683.967 8283.23 9112.593
15.385 8703.006 8299.652 9134.761
15.625 8722.314 8316.262 9157.356
15.873 8741.902 8333.137 9180.292
16.129 8761.776 8350.049 9203.56
16.393 8781.947 8367.384 9227.079
16.667 8802.423 8384.769 9251.132
16.949 8823.216 8402.527 9275.727
17.241 8844.335 8420.581 9300.579
17.544 8865.792 8438.954 9325.752
17.857 8887.598 8457.615 9351.667
18.182 8909.765 8476.424 9377.927
18.519 8932.308 8495.543 9404.505
18.868 8955.238 8514.913 9431.748
19.231 8978.572 8534.729 9459.601
19.608 9002.323 8554.706 9487.942
20 9026.509 8575.103 9516.757
20.408 9051.146 8595.737 9546.147
20.833 9076.253 8616.853 9576.305
21.277 9101.849 8638.28 9607.037
21.739 9127.954 8660.15 9638.484
22.222 9154.591 8682.389 9670.283
22.727 9181.782 8705.161 9703.042
23.256 9209.554 8728.395 9736.685
23.81 9237.932 8751.81 9771.136
24.39 9266.944 8775.844 9806.639
25 9296.623 8800.366 9842.545
25.641 9326.999 8825.541 9879.417
26.316 9358.11 8851.115 9917.391
27.027 9389.993 8877.184 9956.192
27.778 9422.69 8903.861 9996.176
28.571 9456.245 8931.321 10037.506
29.412 9490.707 8959.322 10080.049
30.303 9526.129 8988.015 10123.893
31.25 9562.568 9017.606 10169.395
32.258 9600.088 9047.772 10216.136
33.333 9638.758 9078.801 10264.077
34.483 9678.654 9111.032 10313.765
35.714 9719.86 9144.017 10365.538
37.037 9762.469 9178.285 10419.25
38.462 9806.584 9213.53 10474.509
40 9852.322 9250.021 10532.161
41.667 9899.81 9287.521 10592.321
43.478 9949.195 9326.54 10654.687
45.455 10000.641 9366.937 10720.223
47.619 10054.335 9409.232 10788.801
50 10110.492 9452.861 10861.199
52.632 10169.358 9498.464 10936.939
55.556 10231.218 9546.567 11017.283
58.824 10296.408 9597.008 11102.164
62.5 10365.32 9649.929 11192.66
66.667 10438.424 9705.769 11288.747
71.429 10516.284 9764.927 11391.882
76.923 10599.587 9827.961 11502.779
83.333 10689.185 9894.927 11622.168
90.909 10786.144 9967.221 11752.05
100 10891.835 10045.554 11894.465
111.111 11008.052 10130.723 12052.736
125 11137.216 10224.574 12229.752
142.857 11282.698 10328.916 12431.492
166.667 11449.411 10447.032 12664.272
200 11644.913 10583.55 12941.065
250 11881.765 10746.739 13281.121
333.333 12183.27 10950.463 13725.908
500 12601.043 11224.405 14352.419
1000 13296.437 11661.017 15437.537
1111.111 13400.117 11723.744 15603.834
1250 13515.401 11793.087 15790.642
1428.571 13645.312 11870.792 16002.964
1666.667 13794.253 11958.212 16249.066
2000 13968.997 12060.052 16542.268
2500 14180.801 12181.443 16902.722
3333.333 14450.549 12331.802 17369.119
5000 14824.498 12536.563 18030.541
10000 15447.247 12860.848 19179.11
