"Pr" "Mp" "Q_2" "Q_9"
1.01 3109.351 2686.792 3406.625
1.011 3139.749 2722.013 3435.042
1.012 3168.029 2754.912 3461.511
1.013 3194.506 2785.527 3486.507
1.014 3219.43 2814.369 3509.94
1.015 3243 2841.623 3532.002
1.016 3265.378 2867.298 3553.229
1.017 3286.698 2891.992 3573.249
1.018 3307.072 2915.154 3592.457
1.019 3326.595 2937.552 3610.807
1.02 3345.348 2958.859 3628.454
1.021 3363.4 2979.311 3645.504
1.022 3380.811 2999.158 3662.002
1.024 3397.635 3018.193 3677.948
1.025 3413.917 3036.726 3693.47
1.026 3429.698 3054.753 3708.627
1.027 3445.014 3072.204 3723.316
1.028 3459.898 3089.242 3737.553
1.029 3474.379 3105.716 3751.244
1.03 3488.483 3121.673 3764.644
1.031 3502.233 3137.131 3777.996
1.032 3515.651 3152.289 3790.897
1.033 3528.756 3166.969 3803.485
1.034 3541.566 3181.367 3815.848
1.035 3554.097 3195.248 3827.945
1.036 3566.364 3208.939 3839.763
1.037 3578.381 3222.373 3851.405
1.038 3590.16 3235.612 3862.874
1.04 3601.713 3248.563 3873.966
1.041 3613.051 3261.424 3884.854
1.042 3624.184 3273.847 3895.619
1.043 3635.121 3286.075 3906.124
1.044 3645.87 3298.111 3916.681
1.045 3656.441 3310.001 3926.977
1.046 3666.84 3321.648 3936.859
1.047 3677.075 3332.965 3946.821
1.048 3687.153 3344.161 3956.419
1.049 3697.078 3355.202 3965.916
1.05 3706.858 3365.933 3975.41
1.052 3716.498 3376.525 3984.717
1.053 3726.004 3387.116 3993.849
1.054 3735.379 3397.658 4002.842
1.055 3744.629 3408.058 4011.738
1.056 3753.758 3418.311 4020.596
1.057 3762.77 3428.364 4029.303
1.058 3771.67 3438.224 4037.947
1.059 3780.46 3447.874 4046.371
1.06 3789.145 3457.408 4054.752
1.062 3797.728 3466.877 4063.116
1.063 3806.212 3476.254 4071.323
1.064 3814.6 3485.377 4079.501
1.065 3822.896 3494.432 4087.654
1.066 3831.101 3503.415 4095.629
1.067 3839.219 3512.301 4103.625
1.068 3847.252 3521.239 4111.457
1.07 3855.203 3529.933 4119.176
1.071 3863.073 3538.675 4126.875
1.072 3870.866 3547.318 4134.547
1.073 3878.582 3555.617 4142.075
1.074 3886.226 3564.047 4149.613
1.075 3893.797 3572.294 4157.068
1.076 3901.299 3580.552 4164.342
1.078 3908.732 3588.755 4171.573
1.079 3916.099 3596.782 4178.846
1.08 3923.402 3604.859 4186.071
1.081 3930.642 3612.75 4193.203
1.082 3937.82 3620.77 4200.196
1.083 3944.938 3628.556 4207.298
1.085 3951.997 3636.292 4214.364
1.086 3959 3643.919 4221.236
1.087 3965.947 3651.579 4228.168
1.088 3972.839 3659.084 4234.909
1.089 3979.678 3666.513 4241.552
1.091 3986.465 3673.889 4248.246
1.092 3993.201 3681.176 4254.883
1.093 3999.887 3688.433 4261.467
1.094 4006.525 3695.629 4268.003
1.095 4013.115 3702.705 4274.493
1.096 4019.658 3709.795 4280.994
1.098 4026.156 3717.028 4287.392
1.099 4032.609 3724.051 4293.755
1.1 4039.018 3730.966 4300.158
1.101 4045.384 3737.925 4306.482
1.103 4051.709 3744.897 4312.682
1.104 4057.992 3751.82 4318.812
1.105 4064.235 3758.739 4325.082
1.106 4070.439 3765.535 4331.179
1.107 4076.604 3772.213 4337.193
1.109 4082.731 3778.89 4343.369
1.11 4088.82 3785.585 4349.308
1.111 4094.873 3792.225 4355.354
1.112 4100.89 3798.7 4361.395
1.114 4106.872 3805.123 4367.21
1.115 4112.82 3811.579 4373.121
1.116 4118.733 3817.993 4378.962
1.117 4124.613 3824.306 4384.77
1.119 4130.461 3830.533 4390.575
1.12 4136.276 3836.813 4396.269
1.121 4142.06 3843.051 4401.959
1.122 4147.813 3849.248 4407.676
1.124 4153.535 3855.49 4413.288
1.125 4159.228 3861.674 4418.835
1.126 4164.891 3867.794 4424.53
1.127 4170.525 3873.841 4430.04
1.129 4176.13 3879.942 4435.544
1.13 4181.708 3885.933 4440.96
1.131 4187.258 3891.847 4446.512
1.133 4192.782 3897.834 4451.99
1.134 4198.278 3903.791 4457.347
1.135 4203.749 3909.702 4462.786
1.136 4209.193 3915.557 4468.173
1.138 4214.613 3921.377 4473.557
1.139 4220.007 3927.136 4478.963
1.14 4225.377 3932.955 4484.287
1.142 4230.723 3938.637 4489.553
1.143 4236.045 3944.424 4494.813
1.144 4241.344 3950.176 4500.09
1.145 4246.619 3955.889 4505.378
1.147 4251.872 3961.448 4510.532
1.148 4257.103 3967.098 4515.815
1.149 4262.311 3972.681 4521.05
1.151 4267.498 3978.225 4526.319
1.152 4272.664 3983.661 4531.511
1.153 4277.808 3989.133 4536.671
1.155 4282.932 3994.664 4541.781
1.156 4288.036 4000.052 4546.866
1.157 4293.119 4005.456 4551.942
1.159 4298.182 4010.929 4557.003
1.16 4303.226 4016.199 4562.004
1.161 4308.251 4021.54 4567.01
1.163 4313.256 4026.953 4571.903
1.164 4318.243 4032.282 4576.841
1.166 4323.211 4037.564 4581.776
1.167 4328.161 4042.831 4586.752
1.168 4333.094 4048.031 4591.649
1.17 4338.008 4053.168 4596.597
1.171 4342.905 4058.369 4601.432
1.172 4347.785 4063.529 4606.366
1.174 4352.648 4068.672 4611.174
1.175 4357.494 4073.858 4615.967
1.176 4362.323 4078.993 4620.788
1.178 4367.136 4084.117 4625.658
1.179 4371.934 4089.192 4630.425
1.181 4376.715 4094.372 4635.195
1.182 4381.48 4099.506 4640.019
1.183 4386.23 4104.559 4644.732
1.185 4390.965 4109.565 4649.461
1.186 4395.685 4114.547 4654.212
1.188 4400.39 4119.588 4658.911
1.189 4405.08 4124.594 4663.626
1.19 4409.755 4129.512 4668.357
1.192 4414.417 4134.526 4672.995
1.193 4419.064 4139.405 4677.601
1.195 4423.697 4144.316 4682.267
1.196 4428.317 4149.221 4686.901
1.198 4432.923 4154.064 4691.55
1.199 4437.515 4158.957 4696.158
1.2 4442.095 4163.762 4700.808
1.202 4446.661 4168.566 4705.237
1.203 4451.214 4173.433 4709.745
1.205 4455.755 4178.287 4714.301
1.206 4460.282 4183.074 4718.864
1.208 4464.798 4187.823 4723.465
1.209 4469.301 4192.521 4727.929
1.211 4473.792 4197.317 4732.454
1.212 4478.271 4201.954 4736.928
1.214 4482.738 4206.654 4741.418
1.215 4487.193 4211.357 4745.839
1.217 4491.637 4216.105 4750.32
1.218 4496.069 4220.784 4754.74
1.22 4500.491 4225.47 4759.147
1.221 4504.9 4230.142 4763.576
1.222 4509.299 4234.805 4768.046
1.224 4513.687 4239.443 4772.537
1.225 4518.064 4244.075 4776.961
1.227 4522.431 4248.661 4781.358
1.229 4526.787 4253.154 4785.749
1.23 4531.132 4257.788 4790.157
1.232 4535.468 4262.314 4794.523
1.233 4539.793 4266.826 4798.834
1.235 4544.108 4271.356 4803.13
1.236 4548.413 4275.895 4807.426
1.238 4552.709 4280.38 4811.777
1.239 4556.994 4284.836 4816.069
1.241 4561.27 4289.298 4820.344
1.242 4565.537 4293.772 4824.673
1.244 4569.794 4298.199 4828.935
1.245 4574.042 4302.628 4833.217
1.247 4578.281 4307.026 4837.479
1.248 4582.511 4311.459 4841.753
1.25 4586.732 4315.911 4846.019
1.252 4590.944 4320.324 4850.267
1.253 4595.147 4324.702 4854.502
1.255 4599.342 4329.106 4858.78
1.256 4603.528 4333.512 4862.938
1.258 4607.705 4337.851 4867.188
1.259 4611.875 4342.185 4871.38
1.261 4616.035 4346.508 4875.592
1.263 4620.188 4350.812 4879.792
1.264 4624.333 4355.104 4883.962
1.266 4628.47 4359.458 4888.149
1.267 4632.599 4363.83 4892.337
1.269 4636.72 4368.107 4896.489
1.271 4640.833 4372.381 4900.608
1.272 4644.939 4376.656 4904.715
1.274 4649.037 4380.923 4908.805
1.276 4653.127 4385.205 4912.879
1.277 4657.211 4389.472 4917.003
1.279 4661.287 4393.709 4921.096
1.28 4665.355 4397.948 4925.167
1.282 4669.417 4402.225 4929.268
1.284 4673.471 4406.414 4933.322
1.285 4677.519 4410.523 4937.383
1.287 4681.559 4414.74 4941.548
1.289 4685.593 4419.031 4945.546
1.29 4689.62 4423.229 4949.639
1.292 4693.641 4427.444 4953.676
1.294 4697.654 4431.552 4957.7
1.295 4701.661 4435.648 4961.818
1.297 4705.662 4439.831 4965.852
1.299 4709.657 4443.98 4969.936
1.3 4713.645 4448.177 4973.957
1.302 4717.626 4452.261 4977.984
1.304 4721.602 4456.478 4981.997
1.305 4725.571 4460.577 4986.025
1.307 4729.535 4464.717 4990.052
1.309 4733.492 4468.822 4994.097
1.311 4737.444 4472.867 4998.134
1.312 4741.389 4476.949 5002.126
1.314 4745.329 4481.088 5006.113
1.316 4749.263 4485.141 5010.034
1.318 4753.192 4489.197 5013.99
1.319 4757.115 4493.211 5017.926
1.321 4761.032 4497.316 5021.897
1.323 4764.944 4501.381 5025.825
1.325 4768.85 4505.459 5029.786
1.326 4772.752 4509.495 5033.727
1.328 4776.647 4513.555 5037.688
1.33 4780.538 4517.484 5041.636
1.332 4784.423 4521.459 5045.588
1.333 4788.304 4525.458 5049.496
1.335 4792.179 4529.429 5053.381
1.337 4796.049 4533.449 5057.295
1.339 4799.914 4537.411 5061.232
1.34 4803.775 4541.425 5065.167
1.342 4807.63 4545.389 5069.036
1.344 4811.481 4549.285 5072.927
1.346 4815.327 4553.248 5076.834
1.348 4819.169 4557.188 5080.665
1.35 4823.005 4561.161 5084.515
1.351 4826.838 4565.148 5088.393
1.353 4830.665 4569.152 5092.319
1.355 4834.489 4573.071 5096.218
1.357 4838.307 4577.03 5100.116
1.359 4842.122 4580.961 5103.94
1.361 4845.932 4584.81 5107.753
1.362 4849.738 4588.747 5111.603
1.364 4853.54 4592.688 5115.37
1.366 4857.337 4596.552 5119.285
1.368 4861.13 4600.439 5123.14
1.37 4864.92 4604.452 5126.985
1.372 4868.705 4608.344 5130.842
1.374 4872.486 4612.143 5134.684
1.376 4876.264 4615.991 5138.446
1.377 4880.037 4619.876 5142.261
1.379 4883.807 4623.748 5146.078
1.381 4887.573 4627.61 5149.924
1.383 4891.335 4631.47 5153.717
1.385 4895.094 4635.309 5157.541
1.387 4898.848 4639.17 5161.339
1.389 4902.6 4643.07 5165.126
1.391 4906.347 4646.972 5169.009
1.393 4910.091 4650.809 5172.867
1.395 4913.832 4654.663 5176.599
1.397 4917.569 4658.448 5180.441
1.399 4921.303 4662.311 5184.25
1.401 4925.033 4666.106 5188.073
1.403 4928.761 4669.965 5191.862
1.404 4932.484 4673.798 5195.593
1.406 4936.205 4677.673 5199.391
1.408 4939.923 4681.543 5203.217
1.41 4943.637 4685.263 5206.978
1.412 4947.348 4689.05 5210.692
1.414 4951.056 4692.933 5214.434
1.416 4954.761 4696.658 5218.156
1.418 4958.464 4700.441 5221.855
1.42 4962.163 4704.282 5225.604
1.422 4965.859 4708.147 5229.376
1.425 4969.553 4711.796 5233.17
1.427 4973.243 4715.607 5236.86
1.429 4976.931 4719.449 5240.654
1.431 4980.616 4723.205 5244.402
1.433 4984.298 4727.004 5248.163
1.435 4987.978 4730.716 5251.982
1.437 4991.655 4734.496 5255.772
1.439 4995.329 4738.18 5259.468
1.441 4999.001 4741.962 5263.117
1.443 5002.671 4745.699 5266.868
1.445 5006.337 4749.449 5270.617
1.447 5010.002 4753.17 5274.367
1.449 5013.664 4756.909 5278.044
1.451 5017.323 4760.687 5281.755
1.453 5020.98 4764.411 5285.472
1.456 5024.635 4768.209 5289.166
1.458 5028.288 4771.959 5292.913
1.46 5031.938 4775.696 5296.645
1.462 5035.586 4779.363 5300.358
1.464 5039.232 4783.035 5304.057
1.466 5042.876 4786.74 5307.772
1.468 5046.518 4790.442 5311.45
1.471 5050.157 4794.191 5315.15
1.473 5053.795 4797.89 5318.891
1.475 5057.43 4801.562 5322.567
1.477 5061.064 4805.31 5326.189
1.479 5064.696 4809.017 5329.852
1.481 5068.325 4812.777 5333.504
1.484 5071.953 4816.491 5337.18
1.486 5075.579 4820.268 5340.905
1.488 5079.203 4823.938 5344.62
1.49 5082.825 4827.62 5348.318
1.493 5086.446 4831.352 5352.058
1.495 5090.065 4834.996 5355.696
1.497 5093.682 4838.728 5359.41
1.499 5097.297 4842.406 5363.085
1.502 5100.911 4846.105 5366.753
1.504 5104.523 4849.781 5370.364
1.506 5108.134 4853.478 5374.078
1.508 5111.743 4857.224 5377.781
1.511 5115.351 4860.836 5381.479
1.513 5118.957 4864.484 5385.096
1.515 5122.562 4868.113 5388.769
1.517 5126.165 4871.741 5392.447
1.52 5129.767 4875.415 5396.112
1.522 5133.367 4879.016 5399.806
1.524 5136.966 4882.642 5403.485
1.527 5140.564 4886.298 5407.193
1.529 5144.161 4890.045 5410.875
1.531 5147.756 4893.684 5414.526
1.534 5151.35 4897.362 5418.194
1.536 5154.943 4901.004 5421.838
1.538 5158.535 4904.615 5425.513
1.541 5162.126 4908.22 5429.162
1.543 5165.715 4911.829 5432.809
1.546 5169.304 4915.53 5436.442
1.548 5172.891 4919.171 5440.106
1.55 5176.478 4922.86 5443.771
1.553 5180.063 4926.49 5447.376
1.555 5183.648 4930.172 5451.01
1.558 5187.231 4933.762 5454.611
1.56 5190.814 4937.37 5458.192
1.563 5194.396 4941.032 5461.769
1.565 5197.976 4944.581 5465.431
1.567 5201.556 4948.183 5469.041
1.57 5205.136 4951.795 5472.631
1.572 5208.714 4955.337 5476.299
1.575 5212.292 4958.99 5479.949
1.577 5215.869 4962.631 5483.572
1.58 5219.445 4966.303 5487.261
1.582 5223.021 4969.958 5490.872
1.585 5226.596 4973.562 5494.544
1.587 5230.171 4977.18 5498.203
1.59 5233.744 4980.787 5501.764
1.592 5237.318 4984.428 5505.399
1.595 5240.89 4988.044 5509.027
1.597 5244.463 4991.687 5512.653
1.6 5248.034 4995.354 5516.282
1.603 5251.606 4998.95 5519.9
1.605 5255.177 5002.584 5523.552
1.608 5258.747 5006.161 5527.221
1.61 5262.317 5009.726 5530.871
1.613 5265.887 5013.363 5534.513
1.616 5269.457 5016.949 5538.136
1.618 5273.026 5020.586 5541.74
1.621 5276.595 5024.203 5545.349
1.623 5280.163 5027.765 5548.984
1.626 5283.732 5031.39 5552.678
1.629 5287.3 5035.004 5556.325
1.631 5290.868 5038.59 5559.91
1.634 5294.436 5042.174 5563.529
1.637 5298.003 5045.757 5567.104
1.639 5301.571 5049.371 5570.791
1.642 5305.139 5052.873 5574.416
1.645 5308.706 5056.488 5578.094
1.647 5312.274 5060.035 5581.71
1.65 5315.841 5063.639 5585.331
1.653 5319.409 5067.242 5588.982
1.656 5322.976 5070.785 5592.589
1.658 5326.544 5074.403 5596.24
1.661 5330.112 5077.968 5599.846
1.664 5333.68 5081.573 5603.491
1.667 5337.248 5085.13 5607.117
1.669 5340.816 5088.699 5610.8
1.672 5344.384 5092.308 5614.497
1.675 5347.953 5095.945 5618.19
1.678 5351.522 5099.508 5621.852
1.681 5355.091 5103.099 5625.484
1.684 5358.661 5106.657 5629.11
1.686 5362.23 5110.224 5632.713
1.689 5365.801 5113.82 5636.389
1.692 5369.371 5117.335 5640.069
1.695 5372.942 5120.923 5643.712
1.698 5376.513 5124.551 5647.315
1.701 5380.085 5128.124 5650.949
1.704 5383.657 5131.71 5654.648
1.706 5387.23 5135.304 5658.267
1.709 5390.803 5138.909 5661.87
1.712 5394.377 5142.532 5665.459
1.715 5397.951 5146.091 5669.12
1.718 5401.526 5149.657 5672.813
1.721 5405.101 5153.229 5676.468
1.724 5408.677 5156.853 5680.13
1.727 5412.254 5160.457 5683.749
1.73 5415.832 5164.09 5687.42
1.733 5419.41 5167.692 5690.98
1.736 5422.989 5171.27 5694.628
1.739 5426.568 5174.866 5698.236
1.742 5430.149 5178.417 5701.882
1.745 5433.73 5181.955 5705.538
1.748 5437.312 5185.486 5709.225
1.751 5440.895 5189.097 5712.885
1.754 5444.478 5192.713 5716.536
1.757 5448.063 5196.347 5720.236
1.761 5451.649 5199.933 5723.874
1.764 5455.235 5203.566 5727.503
1.767 5458.822 5207.115 5731.136
1.77 5462.411 5210.732 5734.803
1.773 5466 5214.377 5738.483
1.776 5469.591 5217.95 5742.123
1.779 5473.182 5221.553 5745.834
1.783 5476.775 5225.169 5749.525
1.786 5480.368 5228.804 5753.229
1.789 5483.963 5232.446 5756.945
1.792 5487.559 5236.068 5760.555
1.795 5491.156 5239.687 5764.215
1.799 5494.755 5243.32 5767.861
1.802 5498.354 5246.904 5771.494
1.805 5501.955 5250.554 5775.167
1.808 5505.557 5254.17 5778.844
1.812 5509.16 5257.769 5782.558
1.815 5512.765 5261.37 5786.235
1.818 5516.371 5264.962 5789.913
1.821 5519.978 5268.607 5793.582
1.825 5523.587 5272.228 5797.263
1.828 5527.197 5275.897 5800.917
1.832 5530.809 5279.57 5804.593
1.835 5534.422 5283.248 5808.255
1.838 5538.037 5286.862 5811.907
1.842 5541.653 5290.436 5815.616
1.845 5545.27 5294.012 5819.298
1.848 5548.889 5297.561 5822.969
1.852 5552.51 5301.219 5826.626
1.855 5556.132 5304.85 5830.351
1.859 5559.756 5308.48 5834.067
1.862 5563.382 5312.053 5837.753
1.866 5567.009 5315.715 5841.455
1.869 5570.638 5319.369 5845.205
1.873 5574.268 5322.991 5848.907
1.876 5577.901 5326.629 5852.642
1.88 5581.535 5330.276 5856.359
1.883 5585.171 5333.861 5860.152
1.887 5588.808 5337.507 5863.842
1.89 5592.448 5341.149 5867.589
1.894 5596.089 5344.829 5871.353
1.898 5599.733 5348.455 5875.09
1.901 5603.378 5352.098 5878.815
1.905 5607.025 5355.793 5882.621
1.908 5610.674 5359.45 5886.359
1.912 5614.325 5363.083 5890.115
1.916 5617.978 5366.705 5893.915
1.919 5621.634 5370.283 5897.699
1.923 5625.291 5373.999 5901.464
1.927 5628.95 5377.633 5905.249
1.931 5632.611 5381.229 5909.024
1.934 5636.275 5384.867 5912.77
1.938 5639.94 5388.551 5916.587
1.942 5643.608 5392.157 5920.372
1.946 5647.278 5395.791 5924.175
1.949 5650.951 5399.46 5927.958
1.953 5654.625 5403.177 5931.678
1.957 5658.302 5406.798 5935.356
1.961 5661.981 5410.394 5939.152
1.965 5665.662 5414.072 5942.914
1.969 5669.346 5417.772 5946.643
1.972 5673.032 5421.366 5950.359
1.976 5676.721 5425.047 5954.089
1.98 5680.412 5428.712 5957.942
1.984 5684.105 5432.33 5961.697
1.988 5687.801 5435.991 5965.461
1.992 5691.499 5439.606 5969.254
1.996 5695.2 5443.314 5973.001
2 5698.904 5447.027 5976.821
2.004 5702.61 5450.756 5980.698
2.008 5706.318 5454.459 5984.528
2.012 5710.029 5458.122 5988.363
2.016 5713.743 5461.833 5992.247
2.02 5717.46 5465.484 5996.145
2.024 5721.179 5469.19 5999.962
2.028 5724.901 5472.918 6003.816
2.033 5728.626 5476.648 6007.669
2.037 5732.354 5480.343 6011.466
2.041 5736.084 5484.093 6015.257
2.045 5739.817 5487.733 6019.077
2.049 5743.553 5491.424 6022.952
2.053 5747.292 5495.134 6026.798
2.058 5751.034 5498.922 6030.616
2.062 5754.779 5502.631 6034.441
2.066 5758.526 5506.34 6038.244
2.07 5762.277 5510.096 6042.131
2.075 5766.031 5513.83 6045.999
2.079 5769.788 5517.536 6049.842
2.083 5773.548 5521.254 6053.738
2.088 5777.311 5525.022 6057.625
2.092 5781.077 5528.755 6061.475
2.096 5784.846 5532.52 6065.36
2.101 5788.618 5536.319 6069.183
2.105 5792.394 5540.093 6073.046
2.11 5796.173 5543.87 6076.807
2.114 5799.955 5547.604 6080.768
2.119 5803.741 5551.354 6084.698
2.123 5807.529 5555.08 6088.583
2.128 5811.322 5558.769 6092.565
2.132 5815.117 5562.507 6096.502
2.137 5818.916 5566.266 6100.361
2.141 5822.718 5569.983 6104.23
2.146 5826.524 5573.759 6108.092
2.151 5830.333 5577.534 6112.076
2.155 5834.146 5581.268 6115.881
2.16 5837.962 5585.023 6119.839
2.165 5841.782 5588.813 6123.724
2.169 5845.606 5592.557 6127.682
2.174 5849.433 5596.296 6131.611
2.179 5853.264 5600.086 6135.506
2.183 5857.098 5603.869 6139.413
2.188 5860.936 5607.672 6143.335
2.193 5864.778 5611.45 6147.353
2.198 5868.624 5615.26 6151.292
2.203 5872.473 5619.066 6155.196
2.208 5876.327 5622.931 6159.159
2.212 5880.184 5626.738 6163.07
2.217 5884.045 5630.588 6167.026
2.222 5887.91 5634.35 6170.951
2.227 5891.779 5638.155 6174.951
2.232 5895.652 5642.01 6178.909
2.237 5899.529 5645.827 6182.92
2.242 5903.41 5649.677 6186.945
2.247 5907.295 5653.505 6190.913
2.252 5911.184 5657.383 6194.899
2.257 5915.078 5661.22 6198.934
2.262 5918.975 5665.099 6202.948
2.268 5922.877 5668.987 6206.92
2.273 5926.783 5672.853 6210.879
2.278 5930.693 5676.777 6214.868
2.283 5934.608 5680.657 6218.937
2.288 5938.527 5684.537 6223.007
2.294 5942.45 5688.374 6227.013
2.299 5946.378 5692.229 6231.077
2.304 5950.31 5696.101 6235.054
2.309 5954.246 5700.001 6238.99
2.315 5958.187 5703.827 6242.972
2.32 5962.133 5707.717 6247.007
2.326 5966.083 5711.663 6251.087
2.331 5970.037 5715.565 6255.097
2.336 5973.997 5719.496 6259.151
2.342 5977.96 5723.439 6263.191
2.347 5981.929 5727.363 6267.269
2.353 5985.902 5731.311 6271.334
2.358 5989.88 5735.297 6275.423
2.364 5993.863 5739.284 6279.479
2.37 5997.851 5743.183 6283.55
2.375 6001.844 5747.082 6287.597
2.381 6005.841 5750.996 6291.76
2.387 6009.844 5754.934 6295.889
2.392 6013.851 5758.895 6299.991
2.398 6017.863 5762.893 6304.102
2.404 6021.881 5766.774 6308.235
2.41 6025.903 5770.736 6312.384
2.415 6029.931 5774.719 6316.524
2.421 6033.963 5778.697 6320.614
2.427 6038.001 5782.646 6324.747
2.433 6042.044 5786.702 6328.848
2.439 6046.093 5790.638 6333.018
2.445 6050.147 5794.624 6337.19
2.451 6054.206 5798.615 6341.36
2.457 6058.27 5802.654 6345.551
2.463 6062.34 5806.594 6349.716
2.469 6066.415 5810.587 6353.906
2.475 6070.496 5814.603 6358.092
2.481 6074.582 5818.591 6362.302
2.488 6078.673 5822.644 6366.481
2.494 6082.771 5826.609 6370.732
2.5 6086.874 5830.649 6374.924
2.506 6090.982 5834.745 6379.066
2.513 6095.097 5838.807 6383.357
2.519 6099.217 5842.848 6387.575
2.525 6103.343 5846.897 6391.81
2.532 6107.474 5851.028 6396.048
2.538 6111.612 5855.084 6400.287
2.545 6115.756 5859.219 6404.563
2.551 6119.905 5863.262 6408.807
2.558 6124.06 5867.38 6413.057
2.564 6128.222 5871.474 6417.317
2.571 6132.389 5875.573 6421.595
2.577 6136.563 5879.655 6425.835
2.584 6140.743 5883.724 6430.125
2.591 6144.929 5887.908 6434.414
2.597 6149.121 5892.011 6438.687
2.604 6153.32 5896.131 6442.944
2.611 6157.525 5900.29 6447.246
2.618 6161.736 5904.358 6451.549
2.625 6165.954 5908.518 6455.909
2.632 6170.178 5912.705 6460.204
2.639 6174.408 5916.85 6464.55
2.646 6178.646 5921.045 6468.905
2.653 6182.889 5925.258 6473.236
2.66 6187.14 5929.43 6477.649
2.667 6191.397 5933.564 6482.021
2.674 6195.661 5937.781 6486.422
2.681 6199.931 5941.968 6490.822
2.688 6204.209 5946.22 6495.203
2.695 6208.493 5950.384 6499.584
2.703 6212.784 5954.537 6504.021
2.71 6217.083 5958.756 6508.427
2.717 6221.388 5962.963 6512.874
2.725 6225.7 5967.178 6517.339
2.732 6230.02 5971.404 6521.778
2.74 6234.346 5975.711 6526.231
2.747 6238.68 5979.954 6530.641
2.755 6243.021 5984.184 6535.132
2.762 6247.369 5988.511 6539.638
2.77 6251.725 5992.805 6544.095
2.778 6256.088 5997.015 6548.525
2.786 6260.458 6001.332 6552.996
2.793 6264.837 6005.649 6557.478
2.801 6269.222 6009.856 6561.936
2.809 6273.615 6014.225 6566.434
2.817 6278.016 6018.501 6571.023
2.825 6282.425 6022.879 6575.554
2.833 6286.841 6027.147 6580.1
2.841 6291.265 6031.502 6584.697
2.849 6295.698 6035.862 6589.251
2.857 6300.138 6040.268 6593.774
2.865 6304.586 6044.556 6598.26
2.874 6309.042 6048.929 6602.862
2.882 6313.506 6053.203 6607.374
2.89 6317.978 6057.622 6611.948
2.899 6322.459 6061.951 6616.518
2.907 6326.947 6066.333 6621.162
2.915 6331.445 6070.761 6625.82
2.924 6335.95 6075.202 6630.407
2.933 6340.464 6079.617 6635.05
2.941 6344.987 6084.091 6639.702
2.95 6349.518 6088.462 6644.336
2.959 6354.057 6092.911 6648.997
2.967 6358.605 6097.365 6653.687
2.976 6363.163 6101.825 6658.459
2.985 6367.728 6106.303 6663.198
2.994 6372.303 6110.838 6667.941
3.003 6376.887 6115.309 6672.632
3.012 6381.479 6119.841 6677.322
3.021 6386.081 6124.413 6682.023
3.03 6390.692 6128.905 6686.684
3.04 6395.312 6133.405 6691.432
3.049 6399.941 6137.9 6696.172
3.058 6404.58 6142.474 6700.952
3.067 6409.228 6147.039 6705.737
3.077 6413.885 6151.542 6710.548
3.086 6418.552 6156.07 6715.352
3.096 6423.228 6160.597 6720.12
3.106 6427.914 6165.182 6724.967
3.115 6432.61 6169.768 6729.783
3.125 6437.316 6174.452 6734.648
3.135 6442.031 6178.995 6739.474
3.145 6446.756 6183.658 6744.388
3.155 6451.492 6188.297 6749.299
3.165 6456.237 6192.919 6754.17
3.175 6460.993 6197.504 6759.106
3.185 6465.758 6202.172 6764.002
3.195 6470.534 6206.841 6768.912
3.205 6475.321 6211.456 6773.819
3.215 6480.118 6216.166 6778.735
3.226 6484.925 6220.856 6783.661
3.236 6489.743 6225.584 6788.623
3.247 6494.572 6230.23 6793.579
3.257 6499.411 6234.953 6798.508
3.268 6504.261 6239.686 6803.524
3.279 6509.122 6244.426 6808.419
3.289 6513.994 6249.245 6813.428
3.3 6518.877 6253.958 6818.457
3.311 6523.771 6258.756 6823.397
3.322 6528.677 6263.632 6828.492
3.333 6533.593 6268.447 6833.545
3.344 6538.522 6273.305 6838.689
3.356 6543.461 6278.092 6843.78
3.367 6548.412 6282.934 6848.741
3.378 6553.375 6287.761 6853.773
3.39 6558.349 6292.559 6858.877
3.401 6563.336 6297.408 6864.054
3.413 6568.334 6302.218 6869.171
3.425 6573.344 6307.141 6874.331
3.436 6578.366 6312.04 6879.534
3.448 6583.401 6316.952 6884.678
3.46 6588.448 6321.82 6889.84
3.472 6593.507 6326.68 6895.112
3.484 6598.578 6331.602 6900.39
3.497 6603.662 6336.537 6905.599
3.509 6608.759 6341.444 6910.818
3.521 6613.869 6346.441 6916.13
3.534 6618.991 6351.452 6921.393
3.546 6624.126 6356.404 6926.593
3.559 6629.274 6361.398 6931.872
3.571 6634.436 6366.383 6937.194
3.584 6639.61 6371.407 6942.554
3.597 6644.798 6376.411 6947.889
3.61 6650 6381.547 6953.201
3.623 6655.215 6386.67 6958.547
3.636 6660.443 6391.762 6963.91
3.65 6665.685 6396.878 6969.269
3.663 6670.942 6401.921 6974.683
3.676 6676.212 6407.022 6980.137
3.69 6681.496 6412.209 6985.601
3.704 6686.794 6417.335 6991.058
3.717 6692.107 6422.593 6996.531
3.731 6697.434 6427.709 7001.947
3.745 6702.776 6432.845 7007.412
3.759 6708.132 6437.95 7012.964
3.774 6713.504 6443.181 7018.549
3.788 6718.89 6448.339 7024.087
3.802 6724.291 6453.604 7029.668
3.817 6729.707 6458.87 7035.309
3.831 6735.138 6464.083 7040.875
3.846 6740.585 6469.364 7046.473
3.861 6746.047 6474.611 7052.063
3.876 6751.525 6479.965 7057.643
3.891 6757.019 6485.201 7063.286
3.906 6762.528 6490.491 7068.968
3.922 6768.054 6495.814 7074.661
3.937 6773.595 6501.206 7080.41
3.953 6779.153 6506.598 7086.195
3.968 6784.728 6511.957 7091.929
3.984 6790.318 6517.358 7097.723
4 6795.926 6522.835 7103.552
4.016 6801.55 6528.316 7109.343
4.032 6807.192 6533.669 7115.141
4.049 6812.85 6539.211 7120.978
4.065 6818.526 6544.71 7126.822
4.082 6824.219 6550.23 7132.675
4.098 6829.93 6555.735 7138.593
4.115 6835.658 6561.291 7144.477
4.132 6841.404 6566.822 7150.412
4.149 6847.169 6572.418 7156.338
4.167 6852.951 6578.042 7162.297
4.184 6858.752 6583.65 7168.338
4.202 6864.571 6589.266 7174.393
4.219 6870.409 6594.872 7180.367
4.237 6876.266 6600.499 7186.439
4.255 6882.141 6606.152 7192.471
4.274 6888.036 6611.841 7198.587
4.292 6893.95 6617.596 7204.622
4.31 6899.884 6623.261 7210.732
4.329 6905.837 6629.011 7216.984
4.348 6911.81 6634.78 7223.127
4.367 6917.803 6640.662 7229.361
4.386 6923.816 6646.483 7235.599
4.405 6929.849 6652.294 7241.868
4.425 6935.904 6658.081 7248.128
4.444 6941.978 6663.95 7254.428
4.464 6948.074 6669.906 7260.724
4.484 6954.191 6675.705 7267.04
4.505 6960.329 6681.574 7273.383
4.525 6966.489 6687.52 7279.7
4.545 6972.67 6693.481 7286.054
4.566 6978.874 6699.442 7292.495
4.587 6985.099 6705.43 7298.907
4.608 6991.347 6711.499 7305.44
4.63 6997.617 6717.52 7311.827
4.651 7003.91 6723.566 7318.314
4.673 7010.226 6729.597 7324.872
4.695 7016.565 6735.661 7331.522
4.717 7022.928 6741.766 7338.149
4.739 7029.314 6747.884 7344.746
4.762 7035.724 6754.01 7351.47
4.785 7042.158 6760.267 7358.068
4.808 7048.616 6766.428 7364.747
4.831 7055.099 6772.606 7371.366
4.854 7061.607 6778.863 7378.118
4.878 7068.14 6785.166 7384.869
4.902 7074.698 6791.549 7391.681
4.926 7081.282 6797.855 7398.462
4.95 7087.891 6804.142 7405.265
4.975 7094.527 6810.587 7412.182
5 7101.189 6817.016 7419.094
5.025 7107.877 6823.45 7426.003
5.051 7114.593 6829.838 7432.836
5.076 7121.335 6836.363 7439.749
5.102 7128.105 6842.846 7446.754
5.128 7134.902 6849.396 7453.808
5.155 7141.728 6855.915 7460.975
5.181 7148.582 6862.494 7468.073
5.208 7155.464 6869.056 7475.19
5.236 7162.375 6875.63 7482.333
5.263 7169.316 6882.261 7489.592
5.291 7176.285 6888.949 7496.896
5.319 7183.285 6895.603 7504.026
5.348 7190.315 6902.278 7511.224
5.376 7197.375 6909.042 7518.516
5.405 7204.466 6915.86 7525.784
5.435 7211.588 6922.714 7533.167
5.464 7218.741 6929.538 7540.58
5.495 7225.927 6936.494 7548.022
5.525 7233.144 6943.348 7555.511
5.556 7240.394 6950.357 7562.956
5.587 7247.677 6957.384 7570.481
5.618 7254.993 6964.388 7577.973
5.65 7262.342 6971.468 7585.549
5.682 7269.726 6978.557 7593.171
5.714 7277.144 6985.509 7600.873
5.747 7284.596 6992.658 7608.662
5.78 7292.084 6999.773 7616.389
5.814 7299.608 7006.985 7624.197
5.848 7307.167 7014.222 7632.141
5.882 7314.763 7021.532 7640.071
5.917 7322.395 7028.829 7648.012
5.952 7330.065 7036.002 7656.062
5.988 7337.772 7043.254 7663.953
6.024 7345.518 7050.755 7672.09
6.061 7353.302 7058.092 7680.177
6.098 7361.125 7065.527 7688.303
6.135 7368.988 7072.954 7696.541
6.173 7376.891 7080.509 7704.666
6.211 7384.835 7088.195 7713.122
6.25 7392.819 7095.701 7721.382
6.289 7400.845 7103.325 7729.729
6.329 7408.913 7111.029 7738.059
6.369 7417.023 7118.739 7746.498
6.41 7425.177 7126.568 7755.047
6.452 7433.374 7134.301 7763.423
6.494 7441.616 7142.029 7772.031
6.536 7449.902 7149.826 7780.75
6.579 7458.234 7157.824 7789.573
6.623 7466.612 7165.784 7798.28
6.667 7475.036 7173.778 7807.185
6.711 7483.508 7181.777 7816.041
6.757 7492.027 7189.814 7825.057
6.803 7500.595 7197.928 7834.22
6.849 7509.211 7206.129 7843.277
6.897 7517.878 7214.4 7852.397
6.944 7526.595 7222.684 7861.51
6.993 7535.363 7231.024 7870.522
7.042 7544.183 7239.471 7879.78
7.092 7553.056 7247.893 7889.075
7.143 7561.982 7256.513 7898.389
7.194 7570.962 7264.983 7907.742
7.246 7579.997 7273.455 7917.302
7.299 7589.087 7281.978 7926.779
7.353 7598.234 7290.521 7936.393
7.407 7607.439 7299.256 7945.934
7.463 7616.701 7307.977 7955.687
7.519 7626.022 7316.934 7965.364
7.576 7635.403 7325.719 7975.237
7.634 7644.845 7334.55 7985.182
7.692 7654.348 7343.384 7995.156
7.752 7663.914 7352.299 8005.078
7.812 7673.543 7361.325 8015.339
7.874 7683.237 7370.434 8025.498
7.937 7692.997 7379.65 8035.873
8 7702.822 7388.899 8046.21
8.065 7712.716 7398.263 8056.681
8.13 7722.678 7407.63 8067.198
8.197 7732.71 7417.044 8077.882
8.264 7742.812 7426.605 8088.46
8.333 7752.987 7436.234 8099.368
8.403 7763.235 7445.776 8110.069
8.475 7773.557 7455.436 8120.942
8.547 7783.955 7465.167 8131.915
8.621 7794.43 7475.03 8142.96
8.696 7804.983 7484.957 8154.19
8.772 7815.616 7494.917 8165.294
8.85 7826.329 7504.911 8176.483
8.929 7837.125 7515.093 8187.804
9.009 7848.005 7525.168 8199.18
9.091 7858.969 7535.41 8210.784
9.174 7870.021 7545.792 8222.457
9.259 7881.161 7556.094 8234.143
9.346 7892.391 7566.61 8246.092
9.434 7903.713 7576.954 8258.19
9.524 7915.128 7587.7 8270.213
9.615 7926.637 7598.567 8282.336
9.709 7938.244 7609.207 8294.652
9.804 7949.95 7620.221 8307.004
9.901 7961.756 7631.259 8319.387
10 7973.664 7642.316 8331.994
10.101 7985.677 7653.414 8344.691
10.204 7997.797 7664.558 8357.651
10.309 8010.025 7675.93 8370.695
10.417 8022.365 7687.491 8383.993
10.526 8034.817 7699.042 8397.283
10.638 8047.385 7710.576 8410.813
10.753 8060.071 7722.241 8424.441
10.87 8072.878 7734.153 8438.096
10.989 8085.807 7746.09 8451.797
11.111 8098.863 7758.212 8465.7
11.236 8112.046 7770.344 8479.835
11.364 8125.361 7782.55 8494.183
11.494 8138.81 7795.054 8508.489
11.628 8152.396 7807.599 8523.14
11.765 8166.122 7820.21 8537.918
11.905 8179.992 7833.035 8552.887
12.048 8194.009 7845.842 8567.823
12.195 8208.175 7858.924 8583.032
12.346 8222.496 7872.069 8598.356
12.5 8236.975 7885.272 8613.945
12.658 8251.615 7898.812 8629.863
12.821 8266.42 7912.373 8645.89
12.987 8281.395 7925.88 8662.003
13.158 8296.544 7939.65 8678.509
13.333 8311.872 7953.719 8695.065
13.514 8327.382 7967.844 8711.861
13.699 8343.08 7982.054 8729.044
13.889 8358.972 7996.598 8746.051
14.085 8375.061 8011.237 8763.142
14.286 8391.354 8026.01 8780.798
14.493 8407.857 8041.209 8798.74
14.706 8424.575 8056.38 8816.925
14.925 8441.514 8071.908 8835.418
15.152 8458.681 8087.518 8853.988
15.385 8476.083 8103.287 8873.099
15.625 8493.726 8119.396 8892.27
15.873 8511.619 8135.573 8911.811
16.129 8529.769 8152.048 8931.516
16.393 8548.183 8168.705 8951.645
16.667 8566.871 8185.572 8972.033
16.949 8585.842 8202.671 8992.839
17.241 8605.104 8219.914 9014.028
17.544 8624.668 8237.454 9035.614
17.857 8644.544 8255.272 9057.618
18.182 8664.742 8273.305 9080.005
18.519 8685.275 8291.699 9102.68
18.868 8706.155 8310.262 9125.773
19.231 8727.393 8329.341 9149.454
19.608 8749.005 8348.68 9173.284
20 8771.003 8368.22 9197.425
20.408 8793.404 8388.072 9222.333
20.833 8816.223 8408.518 9247.738
21.277 8839.477 8429.176 9273.693
21.739 8863.185 8449.996 9300.122
22.222 8887.366 8471.393 9327.171
22.727 8912.04 8493.221 9354.657
23.256 8937.23 8515.463 9382.805
23.81 8962.958 8537.908 9411.612
24.39 8989.251 8560.776 9441.381
25 9016.134 8584.512 9471.56
25.641 9043.637 8608.413 9502.717
26.316 9071.792 8633.191 9534.568
27.027 9100.631 8658.508 9567.284
27.778 9130.191 8683.929 9600.979
28.571 9160.512 8710.366 9635.124
29.412 9191.635 8737.133 9670.571
30.303 9223.608 8764.604 9707.151
31.25 9256.481 8793.087 9744.547
32.258 9290.31 8822.406 9783.482
33.333 9325.154 8852.292 9823.563
34.483 9361.081 8883.615 9865.028
35.714 9398.163 8915.452 9907.848
37.037 9436.483 8948.262 9952.395
38.462 9476.131 8982.023 9998.57
40 9517.207 9016.847 10046.534
41.667 9559.824 9053.247 10096.23
43.478 9604.109 9090.744 10147.949
45.455 9650.206 9129.556 10202.35
47.619 9698.276 9170.101 10258.869
50 9748.507 9211.66 10318.743
52.632 9801.113 9255.474 10381.526
55.556 9856.341 9301.244 10447.121
58.824 9914.481 9349.471 10517.352
62.5 9975.876 9399.822 10591.344
66.667 10040.93 9452.617 10669.872
71.429 10110.131 9508.971 10754.358
76.923 10184.073 9568.82 10844.135
83.333 10263.489 9632.661 10942.071
90.909 10349.299 9701.437 11047.918
100 10442.681 9775.621 11163.192
111.111 10545.174 9856.538 11290.254
125 10658.852 9945.351 11432.383
142.857 10786.598 10043.843 11593.292
166.667 10932.601 10155.546 11780.207
200 11103.292 10283.95 12000.255
250 11309.32 10437.018 12271.433
333.333 11570.366 10627.668 12619.714
500 11929.799 10882.158 13109.819
1000 12522.132 11285.716 13944.337
1111.111 12609.801 11344.067 14071.378
1250 12707.084 11407.417 14213.321
1428.571 12816.459 11478.526 14373.29
1666.667 12941.527 11559.01 14558.985
2000 13087.813 11651.702 14778.297
2500 13264.47 11762.235 15044.407
3333.333 13488.41 11899.417 15389.598
5000 13796.901 12084.278 15873.175
10000 14305.533 12375.295 16697.22
