"Pr" "Mp" "Q_2" "Q_9"
1.01 3068.808 2631.432 3369.246
1.011 3099.564 2667.664 3397.473
1.012 3128.186 2701.382 3423.672
1.013 3154.993 2732.602 3448.239
1.014 3180.235 2761.836 3471.339
1.015 3204.112 2789.626 3493.266
1.016 3226.788 2815.972 3514.086
1.017 3248.397 2841.078 3533.887
1.018 3269.053 2865.029 3553.088
1.019 3288.85 2887.938 3571.399
1.02 3307.871 2910.04 3588.997
1.021 3326.184 2931.369 3605.801
1.022 3343.852 2951.719 3622.106
1.024 3360.927 2971.393 3637.823
1.025 3377.455 2990.267 3653.319
1.026 3393.477 3008.927 3668.096
1.027 3409.031 3026.761 3682.53
1.028 3424.149 3044.235 3696.565
1.029 3438.859 3061.244 3710.261
1.03 3453.189 3077.777 3723.563
1.031 3467.162 3093.769 3736.481
1.032 3480.799 3109.306 3749.206
1.033 3494.12 3124.512 3761.589
1.034 3507.144 3139.377 3773.784
1.035 3519.886 3153.935 3785.738
1.036 3532.361 3168.069 3797.451
1.037 3544.584 3182.046 3808.979
1.038 3556.566 3195.716 3820.166
1.04 3568.32 3209.16 3831.204
1.041 3579.857 3222.196 3842.042
1.042 3591.187 3235.077 3852.558
1.043 3602.318 3247.689 3863.042
1.044 3613.261 3260.104 3873.367
1.045 3624.023 3272.291 3883.466
1.046 3634.612 3284.177 3893.463
1.047 3645.034 3295.912 3903.233
1.048 3655.297 3307.652 3912.855
1.049 3665.407 3319.102 3922.385
1.05 3675.37 3330.344 3931.784
1.052 3685.192 3341.489 3940.986
1.053 3694.877 3352.48 3950.17
1.054 3704.43 3363.345 3959.206
1.055 3713.857 3374.014 3968.182
1.056 3723.162 3384.523 3976.981
1.057 3732.349 3394.857 3985.68
1.058 3741.422 3405.073 3994.299
1.059 3750.385 3415.199 4002.794
1.06 3759.241 3425.201 4011.102
1.062 3767.994 3435.098 4019.433
1.063 3776.647 3444.75 4027.584
1.064 3785.203 3454.189 4035.746
1.065 3793.666 3463.614 4043.79
1.066 3802.037 3472.956 4051.675
1.067 3810.32 3482.183 4059.56
1.068 3818.517 3491.278 4067.381
1.07 3826.631 3500.377 4075.092
1.071 3834.663 3509.461 4082.702
1.072 3842.617 3518.361 4090.259
1.073 3850.495 3527.114 4097.743
1.074 3858.298 3535.804 4105.144
1.075 3866.028 3544.509 4112.434
1.076 3873.688 3553.101 4119.793
1.078 3881.279 3561.548 4127.034
1.079 3888.803 3569.869 4134.142
1.08 3896.261 3578.056 4141.228
1.081 3903.656 3586.284 4148.359
1.082 3910.989 3594.448 4155.285
1.083 3918.261 3602.553 4162.206
1.085 3925.474 3610.631 4169.02
1.086 3932.629 3618.554 4175.909
1.087 3939.728 3626.501 4182.68
1.088 3946.772 3634.296 4189.426
1.089 3953.761 3641.935 4196.127
1.091 3960.699 3649.562 4202.73
1.092 3967.584 3657.188 4209.317
1.093 3974.42 3664.753 4215.826
1.094 3981.206 3672.225 4222.359
1.095 3987.944 3679.625 4228.729
1.096 3994.635 3687.054 4235.135
1.098 4001.28 3694.375 4241.476
1.099 4007.88 3701.716 4247.781
1.1 4014.435 3708.966 4254.053
1.101 4020.947 3716.149 4260.277
1.103 4027.417 3723.338 4266.457
1.104 4033.845 3730.434 4272.628
1.105 4040.232 3737.459 4278.712
1.106 4046.58 3744.532 4284.755
1.107 4052.888 3751.461 4290.794
1.109 4059.158 3758.346 4296.804
1.11 4065.39 3765.209 4302.798
1.111 4071.585 3772.069 4308.775
1.112 4077.744 3778.835 4314.685
1.114 4083.868 3785.571 4320.566
1.115 4089.956 3792.238 4326.434
1.116 4096.01 3798.771 4332.278
1.117 4102.031 3805.429 4338.026
1.119 4108.018 3812.02 4343.698
1.12 4113.973 3818.547 4349.392
1.121 4119.896 3825.049 4355.044
1.122 4125.788 3831.495 4360.753
1.124 4131.649 3837.926 4366.465
1.125 4137.48 3844.288 4372.1
1.126 4143.281 3850.658 4377.694
1.127 4149.053 3856.971 4383.267
1.129 4154.796 3863.22 4388.81
1.13 4160.511 3869.542 4394.329
1.131 4166.198 3875.781 4399.919
1.133 4171.858 3882.001 4405.421
1.134 4177.491 3888.127 4410.854
1.135 4183.097 3894.287 4416.268
1.136 4188.678 3900.429 4421.668
1.138 4194.232 3906.516 4427.046
1.139 4199.762 3912.536 4432.381
1.14 4205.267 3918.512 4437.663
1.142 4210.748 3924.48 4442.954
1.143 4216.204 3930.531 4448.224
1.144 4221.637 3936.497 4453.46
1.145 4227.047 3942.351 4458.7
1.147 4232.433 3948.272 4463.935
1.148 4237.797 3954.108 4469.105
1.149 4243.139 3959.873 4474.254
1.151 4248.459 3965.67 4479.364
1.152 4253.758 3971.422 4484.457
1.153 4259.035 3977.136 4489.563
1.155 4264.291 3982.848 4494.644
1.156 4269.527 3988.636 4499.725
1.157 4274.742 3994.309 4504.766
1.159 4279.937 3999.94 4509.814
1.16 4285.113 4005.532 4514.869
1.161 4290.269 4011.068 4519.875
1.163 4295.406 4016.696 4524.91
1.164 4300.524 4022.283 4529.87
1.166 4305.623 4027.805 4534.73
1.167 4310.704 4033.315 4539.665
1.168 4315.767 4038.877 4544.617
1.17 4320.812 4044.336 4549.486
1.171 4325.84 4049.799 4554.373
1.172 4330.85 4055.165 4559.255
1.174 4335.842 4060.54 4564.093
1.175 4340.818 4065.885 4568.936
1.176 4345.778 4071.189 4573.752
1.178 4350.72 4076.523 4578.485
1.179 4355.647 4081.872 4583.268
1.181 4360.557 4087.154 4588.136
1.182 4365.452 4092.528 4592.946
1.183 4370.331 4097.758 4597.711
1.185 4375.195 4103.034 4602.49
1.186 4380.043 4108.27 4607.269
1.188 4384.877 4113.494 4611.994
1.189 4389.696 4118.706 4616.62
1.19 4394.5 4123.989 4621.317
1.192 4399.289 4129.116 4626.009
1.193 4404.065 4134.313 4630.747
1.195 4408.826 4139.435 4635.438
1.196 4413.574 4144.596 4640.066
1.198 4418.307 4149.745 4644.67
1.199 4423.028 4154.785 4649.24
1.2 4427.735 4159.902 4653.828
1.202 4432.428 4164.938 4658.415
1.203 4437.109 4169.953 4662.964
1.205 4441.777 4174.878 4667.543
1.206 4446.432 4179.795 4672.081
1.208 4451.075 4184.794 4676.627
1.209 4455.705 4189.742 4681.172
1.211 4460.323 4194.708 4685.682
1.212 4464.929 4199.637 4690.153
1.214 4469.523 4204.529 4694.666
1.215 4474.105 4209.467 4699.167
1.217 4478.675 4214.331 4703.627
1.218 4483.234 4219.195 4708.043
1.22 4487.782 4224.159 4712.486
1.221 4492.318 4229.057 4716.915
1.222 4496.844 4233.916 4721.304
1.224 4501.358 4238.725 4725.672
1.225 4505.861 4243.494 4730.079
1.227 4510.354 4248.35 4734.525
1.229 4514.836 4253.114 4738.91
1.23 4519.308 4257.894 4743.303
1.232 4523.769 4262.65 4747.615
1.233 4528.22 4267.452 4752.011
1.235 4532.661 4272.225 4756.375
1.236 4537.092 4276.962 4760.702
1.238 4541.514 4281.626 4765.053
1.239 4545.925 4286.385 4769.399
1.241 4550.327 4291.092 4773.746
1.242 4554.719 4295.714 4778.065
1.244 4559.102 4300.361 4782.367
1.245 4563.476 4305.021 4786.609
1.247 4567.84 4309.708 4790.877
1.248 4572.195 4314.236 4795.185
1.25 4576.542 4318.947 4799.503
1.252 4580.879 4323.575 4803.773
1.253 4585.208 4328.148 4808.052
1.255 4589.528 4332.766 4812.288
1.256 4593.839 4337.345 4816.573
1.258 4598.142 4341.948 4820.815
1.259 4602.437 4346.461 4825.024
1.261 4606.723 4351.007 4829.187
1.263 4611.001 4355.526 4833.342
1.264 4615.271 4360.019 4837.576
1.266 4619.533 4364.512 4841.791
1.267 4623.787 4369.031 4845.971
1.269 4628.033 4373.608 4850.148
1.271 4632.271 4378.078 4854.283
1.272 4636.502 4382.555 4858.468
1.274 4640.725 4387.045 4862.63
1.276 4644.941 4391.567 4866.781
1.277 4649.15 4396.072 4870.904
1.279 4653.351 4400.535 4874.978
1.28 4657.544 4404.995 4879.118
1.282 4661.731 4409.489 4883.261
1.284 4665.911 4413.94 4887.38
1.285 4670.083 4418.353 4891.495
1.287 4674.249 4422.702 4895.607
1.289 4678.408 4427.075 4899.764
1.29 4682.56 4431.446 4903.798
1.292 4686.705 4435.816 4907.908
1.294 4690.844 4440.198 4911.97
1.295 4694.976 4444.612 4916.066
1.297 4699.102 4448.975 4920.173
1.299 4703.221 4453.378 4924.195
1.3 4707.334 4457.708 4928.239
1.302 4711.441 4462.037 4932.246
1.304 4715.542 4466.446 4936.27
1.305 4719.637 4470.819 4940.26
1.307 4723.725 4475.173 4944.244
1.309 4727.808 4479.528 4948.223
1.311 4731.884 4483.829 4952.304
1.312 4735.955 4488.099 4956.372
1.314 4740.02 4492.406 4960.416
1.316 4744.08 4496.684 4964.436
1.318 4748.133 4500.984 4968.454
1.319 4752.181 4505.261 4972.499
1.321 4756.224 4509.519 4976.49
1.323 4760.261 4513.745 4980.522
1.325 4764.293 4517.981 4984.492
1.326 4768.32 4522.192 4988.476
1.328 4772.341 4526.467 4992.427
1.33 4776.357 4530.738 4996.436
1.332 4780.368 4534.97 5000.396
1.333 4784.373 4539.146 5004.353
1.335 4788.374 4543.367 5008.273
1.337 4792.37 4547.587 5012.234
1.339 4796.361 4551.742 5016.208
1.34 4800.347 4555.92 5020.174
1.342 4804.328 4560.126 5024.083
1.344 4808.304 4564.291 5028.022
1.346 4812.276 4568.485 5031.986
1.348 4816.243 4572.659 5035.927
1.35 4820.206 4576.845 5039.87
1.351 4824.164 4580.934 5043.822
1.353 4828.118 4585.102 5047.766
1.355 4832.067 4589.22 5051.675
1.357 4836.012 4593.413 5055.565
1.359 4839.952 4597.604 5059.449
1.361 4843.888 4601.662 5063.315
1.362 4847.82 4605.799 5067.242
1.364 4851.748 4609.905 5071.151
1.366 4855.672 4614.01 5075.052
1.368 4859.591 4618.132 5078.954
1.37 4863.507 4622.246 5082.846
1.372 4867.419 4626.381 5086.755
1.374 4871.326 4630.5 5090.658
1.376 4875.23 4634.63 5094.494
1.377 4879.13 4638.736 5098.367
1.379 4883.027 4642.773 5102.244
1.381 4886.919 4646.848 5106.143
1.383 4890.808 4650.887 5109.97
1.385 4894.693 4654.894 5113.796
1.387 4898.575 4658.947 5117.656
1.389 4902.453 4663.028 5121.521
1.391 4906.328 4667.082 5125.37
1.393 4910.199 4671.172 5129.225
1.395 4914.066 4675.249 5133.083
1.397 4917.931 4679.315 5136.917
1.399 4921.792 4683.373 5140.712
1.401 4925.65 4687.375 5144.545
1.403 4929.504 4691.395 5148.335
1.404 4933.355 4695.429 5152.192
1.406 4937.203 4699.438 5156.007
1.408 4941.049 4703.412 5159.836
1.41 4944.89 4707.461 5163.614
1.412 4948.729 4711.477 5167.39
1.414 4952.565 4715.484 5171.181
1.416 4956.398 4719.462 5174.968
1.418 4960.229 4723.484 5178.775
1.42 4964.056 4727.523 5182.589
1.422 4967.88 4731.523 5186.42
1.425 4971.702 4735.543 5190.22
1.427 4975.521 4739.515 5193.976
1.429 4979.337 4743.439 5197.775
1.431 4983.15 4747.399 5201.602
1.433 4986.961 4751.376 5205.355
1.435 4990.769 4755.356 5209.095
1.437 4994.575 4759.285 5212.885
1.439 4998.378 4763.257 5216.686
1.441 5002.179 4767.213 5220.489
1.443 5005.977 4771.127 5224.234
1.445 5009.773 4775.035 5228.004
1.447 5013.567 4779.007 5231.784
1.449 5017.358 4782.94 5235.583
1.451 5021.147 4786.778 5239.338
1.453 5024.933 4790.688 5243.122
1.456 5028.717 4794.652 5246.838
1.458 5032.5 4798.545 5250.615
1.46 5036.28 4802.469 5254.437
1.462 5040.058 4806.428 5258.193
1.464 5043.833 4810.438 5262.009
1.466 5047.607 4814.406 5265.764
1.468 5051.379 4818.345 5269.497
1.471 5055.149 4822.296 5273.242
1.473 5058.916 4826.182 5277.021
1.475 5062.682 4830.131 5280.805
1.477 5066.446 4834.042 5284.568
1.479 5070.209 4837.988 5288.356
1.481 5073.969 4841.867 5292.129
1.484 5077.728 4845.743 5295.931
1.486 5081.484 4849.631 5299.678
1.488 5085.239 4853.554 5303.452
1.49 5088.993 4857.419 5307.198
1.493 5092.745 4861.315 5310.94
1.495 5096.495 4865.221 5314.698
1.497 5100.244 4869.152 5318.445
1.499 5103.991 4873.036 5322.154
1.502 5107.736 4876.931 5325.94
1.504 5111.48 4880.792 5329.709
1.506 5115.223 4884.689 5333.436
1.508 5118.964 4888.582 5337.147
1.511 5122.704 4892.457 5340.901
1.513 5126.442 4896.36 5344.662
1.515 5130.179 4900.204 5348.406
1.517 5133.915 4904.079 5352.154
1.52 5137.649 4907.972 5355.89
1.522 5141.383 4911.825 5359.57
1.524 5145.115 4915.688 5363.287
1.527 5148.846 4919.552 5367.031
1.529 5152.575 4923.399 5370.764
1.531 5156.304 4927.271 5374.474
1.534 5160.031 4931.116 5378.18
1.536 5163.758 4934.991 5381.939
1.538 5167.483 4938.839 5385.671
1.541 5171.208 4942.695 5389.402
1.543 5174.931 4946.582 5393.125
1.546 5178.654 4950.416 5396.912
1.548 5182.375 4954.281 5400.632
1.55 5186.096 4958.083 5404.331
1.553 5189.816 4961.957 5408.065
1.555 5193.535 4965.757 5411.771
1.558 5197.253 4969.671 5415.48
1.56 5200.97 4973.549 5419.235
1.563 5204.687 4977.34 5423.004
1.565 5208.403 4981.172 5426.734
1.567 5212.118 4985.068 5430.471
1.57 5215.833 4988.935 5434.185
1.572 5219.547 4992.788 5437.924
1.575 5223.261 4996.583 5441.663
1.577 5226.973 5000.386 5445.371
1.58 5230.686 5004.214 5449.087
1.582 5234.397 5007.993 5452.827
1.585 5238.109 5011.811 5456.528
1.587 5241.82 5015.647 5460.249
1.59 5245.53 5019.456 5463.992
1.592 5249.24 5023.261 5467.749
1.595 5252.95 5027.081 5471.496
1.597 5256.659 5030.959 5475.238
1.6 5260.368 5034.783 5478.959
1.603 5264.076 5038.584 5482.638
1.605 5267.785 5042.43 5486.339
1.608 5271.493 5046.218 5490.019
1.61 5275.201 5050.028 5493.74
1.613 5278.908 5053.866 5497.464
1.616 5282.616 5057.674 5501.196
1.618 5286.323 5061.427 5504.928
1.621 5290.031 5065.251 5508.637
1.623 5293.738 5069.046 5512.369
1.626 5297.445 5072.874 5516.068
1.629 5301.152 5076.661 5519.797
1.631 5304.859 5080.466 5523.537
1.634 5308.566 5084.281 5527.251
1.637 5312.273 5088.09 5530.974
1.639 5315.981 5091.893 5534.693
1.642 5319.688 5095.679 5538.368
1.645 5323.395 5099.462 5542.092
1.647 5327.103 5103.219 5545.836
1.65 5330.811 5107.055 5549.578
1.653 5334.519 5110.878 5553.34
1.656 5338.227 5114.644 5557.076
1.658 5341.935 5118.445 5560.809
1.661 5345.644 5122.255 5564.513
1.664 5349.353 5126.083 5568.254
1.667 5353.062 5129.857 5571.991
1.669 5356.772 5133.634 5575.762
1.672 5360.482 5137.433 5579.481
1.675 5364.192 5141.224 5583.211
1.678 5367.903 5145.023 5586.935
1.681 5371.615 5148.843 5590.695
1.684 5375.326 5152.66 5594.425
1.686 5379.039 5156.473 5598.193
1.689 5382.752 5160.271 5601.935
1.692 5386.465 5164.054 5605.708
1.695 5390.179 5167.874 5609.42
1.698 5393.894 5171.657 5613.159
1.701 5397.609 5175.473 5616.855
1.704 5401.325 5179.249 5620.618
1.706 5405.041 5183.027 5624.363
1.709 5408.758 5186.828 5628.091
1.712 5412.476 5190.646 5631.808
1.715 5416.195 5194.461 5635.595
1.718 5419.915 5198.265 5639.351
1.721 5423.635 5202.071 5643.068
1.724 5427.356 5205.894 5646.806
1.727 5431.078 5209.727 5650.529
1.73 5434.801 5213.568 5654.247
1.733 5438.525 5217.334 5657.978
1.736 5442.25 5221.077 5661.716
1.739 5445.975 5224.87 5665.44
1.742 5449.702 5228.719 5669.213
1.745 5453.429 5232.476 5672.973
1.748 5457.158 5236.299 5676.695
1.751 5460.888 5240.149 5680.509
1.754 5464.619 5243.965 5684.293
1.757 5468.351 5247.794 5688.063
1.761 5472.084 5251.586 5691.8
1.764 5475.818 5255.416 5695.585
1.767 5479.553 5259.198 5699.396
1.77 5483.29 5262.97 5703.227
1.773 5487.027 5266.808 5707.025
1.776 5490.766 5270.64 5710.796
1.779 5494.507 5274.508 5714.529
1.783 5498.248 5278.324 5718.353
1.786 5501.991 5282.145 5722.152
1.789 5505.736 5286.022 5725.939
1.792 5509.481 5289.784 5729.721
1.795 5513.228 5293.607 5733.513
1.799 5516.977 5297.399 5737.305
1.802 5520.727 5301.247 5741.083
1.805 5524.478 5305.077 5744.856
1.808 5528.231 5308.868 5748.627
1.812 5531.985 5312.687 5752.392
1.815 5535.741 5316.578 5756.19
1.818 5539.499 5320.4 5760
1.821 5543.258 5324.211 5763.818
1.825 5547.019 5328.048 5767.603
1.828 5550.781 5331.879 5771.433
1.832 5554.545 5335.747 5775.247
1.835 5558.311 5339.604 5779.097
1.838 5562.078 5343.478 5782.91
1.842 5565.847 5347.325 5786.721
1.845 5569.618 5351.205 5790.542
1.848 5573.391 5355.064 5794.375
1.852 5577.166 5358.906 5798.253
1.855 5580.942 5362.752 5802.034
1.859 5584.72 5366.64 5805.843
1.862 5588.501 5370.474 5809.628
1.866 5592.283 5374.297 5813.471
1.869 5596.067 5378.119 5817.3
1.873 5599.853 5381.987 5821.101
1.876 5603.641 5385.838 5824.952
1.88 5607.431 5389.699 5828.811
1.883 5611.223 5393.49 5832.656
1.887 5615.017 5397.307 5836.51
1.89 5618.813 5401.113 5840.358
1.894 5622.612 5404.948 5844.165
1.898 5626.412 5408.852 5848.035
1.901 5630.215 5412.674 5851.894
1.905 5634.02 5416.522 5855.769
1.908 5637.827 5420.365 5859.68
1.912 5641.637 5424.26 5863.558
1.916 5645.448 5428.071 5867.396
1.919 5649.262 5431.993 5871.278
1.923 5653.078 5435.876 5875.166
1.927 5656.897 5439.754 5879.081
1.931 5660.718 5443.652 5882.945
1.934 5664.541 5447.581 5886.806
1.938 5668.367 5451.484 5890.65
1.942 5672.196 5455.385 5894.564
1.946 5676.026 5459.254 5898.496
1.949 5679.86 5463.173 5902.392
1.953 5683.696 5467.084 5906.266
1.957 5687.534 5470.969 5910.161
1.961 5691.375 5474.816 5914.065
1.965 5695.218 5478.726 5917.959
1.969 5699.065 5482.671 5921.857
1.972 5702.914 5486.562 5925.72
1.976 5706.765 5490.474 5929.644
1.98 5710.619 5494.37 5933.569
1.984 5714.477 5498.273 5937.532
1.988 5718.336 5502.207 5941.488
1.992 5722.199 5506.072 5945.406
1.996 5726.064 5509.975 5949.33
2 5729.933 5513.945 5953.247
2.004 5733.804 5517.879 5957.17
2.008 5737.678 5521.808 5961.121
2.012 5741.555 5525.744 5965.074
2.016 5745.435 5529.604 5969.023
2.02 5749.318 5533.57 5972.998
2.024 5753.204 5537.436 5976.96
2.028 5757.093 5541.35 5980.885
2.033 5760.985 5545.278 5984.809
2.037 5764.88 5549.257 5988.794
2.041 5768.779 5553.197 5992.741
2.045 5772.68 5557.153 5996.727
2.049 5776.585 5561.184 6000.657
2.053 5780.493 5565.117 6004.655
2.058 5784.404 5569.055 6008.635
2.062 5788.318 5572.953 6012.574
2.066 5792.236 5576.908 6016.518
2.07 5796.157 5580.905 6020.481
2.075 5800.081 5584.896 6024.465
2.079 5804.009 5588.876 6028.495
2.083 5807.94 5592.859 6032.407
2.088 5811.874 5596.804 6036.4
2.092 5815.812 5600.798 6040.419
2.096 5819.754 5604.762 6044.414
2.101 5823.699 5608.713 6048.438
2.105 5827.648 5612.776 6052.456
2.11 5831.6 5616.774 6056.435
2.114 5835.556 5620.797 6060.45
2.119 5839.515 5624.797 6064.5
2.123 5843.478 5628.856 6068.53
2.128 5847.445 5632.86 6072.581
2.132 5851.415 5636.9 6076.647
2.137 5855.39 5640.894 6080.738
2.141 5859.368 5644.857 6084.761
2.146 5863.35 5648.829 6088.801
2.151 5867.335 5652.828 6092.828
2.155 5871.325 5656.849 6096.946
2.16 5875.319 5660.901 6101.04
2.165 5879.316 5664.918 6105.118
2.169 5883.318 5668.864 6109.182
2.174 5887.323 5672.891 6113.28
2.179 5891.333 5676.927 6117.353
2.183 5895.346 5680.969 6121.426
2.188 5899.364 5685.013 6125.508
2.193 5903.385 5689.068 6129.585
2.198 5907.411 5693.114 6133.696
2.203 5911.442 5697.107 6137.823
2.208 5915.476 5701.172 6141.912
2.212 5919.514 5705.198 6145.994
2.217 5923.557 5709.219 6150.082
2.222 5927.605 5713.283 6154.2
2.227 5931.656 5717.339 6158.3
2.232 5935.712 5721.466 6162.453
2.237 5939.772 5725.565 6166.594
2.242 5943.837 5729.615 6170.742
2.247 5947.906 5733.678 6174.911
2.252 5951.98 5737.76 6179.077
2.257 5956.059 5741.897 6183.259
2.262 5960.141 5745.994 6187.422
2.268 5964.229 5750.103 6191.602
2.273 5968.321 5754.23 6195.851
2.278 5972.418 5758.358 6200.055
2.283 5976.52 5762.512 6204.258
2.288 5980.626 5766.622 6208.414
2.294 5984.737 5770.709 6212.595
2.299 5988.853 5774.843 6216.794
2.304 5992.974 5778.963 6221.018
2.309 5997.099 5783.093 6225.275
2.315 6001.23 5787.276 6229.47
2.32 6005.366 5791.393 6233.721
2.326 6009.506 5795.549 6237.959
2.331 6013.652 5799.742 6242.166
2.336 6017.802 5803.929 6246.384
2.342 6021.958 5808.091 6250.625
2.347 6026.119 5812.254 6254.932
2.353 6030.285 5816.427 6259.185
2.358 6034.456 5820.616 6263.446
2.364 6038.633 5824.763 6267.75
2.37 6042.815 5829.032 6272.015
2.375 6047.002 5833.233 6276.315
2.381 6051.194 5837.469 6280.634
2.387 6055.392 5841.601 6284.934
2.392 6059.595 5845.839 6289.258
2.398 6063.804 5850.043 6293.616
2.404 6068.018 5854.284 6297.935
2.41 6072.238 5858.484 6302.295
2.415 6076.464 5862.644 6306.65
2.421 6080.695 5866.85 6311.035
2.427 6084.931 5871.076 6315.406
2.433 6089.174 5875.32 6319.757
2.439 6093.422 5879.509 6324.125
2.445 6097.676 5883.762 6328.521
2.451 6101.935 5888.019 6332.889
2.457 6106.201 5892.251 6337.267
2.463 6110.473 5896.514 6341.672
2.469 6114.75 5900.734 6346.081
2.475 6119.033 5904.997 6350.486
2.481 6123.323 5909.295 6354.889
2.488 6127.618 5913.502 6359.229
2.494 6131.92 5917.723 6363.669
2.5 6136.228 5921.977 6368.098
2.506 6140.542 5926.35 6372.545
2.513 6144.862 5930.653 6376.933
2.519 6149.189 5935.01 6381.368
2.525 6153.521 5939.315 6385.843
2.532 6157.861 5943.653 6390.316
2.538 6162.206 5948.029 6394.723
2.545 6166.558 5952.322 6399.24
2.551 6170.917 5956.637 6403.739
2.558 6175.282 5960.933 6408.22
2.564 6179.653 5965.319 6412.731
2.571 6184.032 5969.669 6417.204
2.577 6188.417 5973.977 6421.636
2.584 6192.808 5978.279 6426.124
2.591 6197.207 5982.655 6430.653
2.597 6201.612 5987.041 6435.206
2.604 6206.024 5991.376 6439.756
2.611 6210.443 5995.82 6444.254
2.618 6214.869 6000.183 6448.813
2.625 6219.302 6004.562 6453.393
2.632 6223.742 6008.948 6457.976
2.639 6228.189 6013.372 6462.544
2.646 6232.643 6017.719 6467.106
2.653 6237.105 6022.102 6471.698
2.66 6241.573 6026.565 6476.282
2.667 6246.049 6031.017 6480.893
2.674 6250.532 6035.433 6485.583
2.681 6255.023 6039.965 6490.16
2.688 6259.521 6044.499 6494.803
2.695 6264.027 6048.968 6499.411
2.703 6268.54 6053.457 6504.075
2.71 6273.061 6057.917 6508.708
2.717 6277.589 6062.365 6513.397
2.725 6282.125 6066.852 6518.094
2.732 6286.669 6071.335 6522.805
2.74 6291.22 6075.84 6527.512
2.747 6295.78 6080.352 6532.197
2.755 6300.347 6084.906 6536.882
2.762 6304.922 6089.428 6541.626
2.77 6309.506 6094.025 6546.353
2.778 6314.097 6098.591 6551.108
2.786 6318.697 6103.164 6555.823
2.793 6323.304 6107.753 6560.553
2.801 6327.92 6112.317 6565.278
2.809 6332.544 6116.956 6570.043
2.817 6337.177 6121.58 6574.828
2.825 6341.818 6126.086 6579.644
2.833 6346.467 6130.679 6584.498
2.841 6351.125 6135.347 6589.347
2.849 6355.792 6139.933 6594.158
2.857 6360.467 6144.57 6598.956
2.865 6365.15 6149.2 6603.813
2.874 6369.843 6153.843 6608.598
2.882 6374.544 6158.514 6613.467
2.89 6379.255 6163.14 6618.305
2.899 6383.974 6167.802 6623.173
2.907 6388.702 6172.484 6628.082
2.915 6393.439 6177.136 6633.018
2.924 6398.186 6181.812 6637.93
2.933 6402.941 6186.464 6642.916
2.941 6407.706 6191.192 6647.84
2.95 6412.48 6195.918 6652.846
2.959 6417.264 6200.633 6657.844
2.967 6422.057 6205.386 6662.796
2.976 6426.859 6210.151 6667.779
2.985 6431.671 6214.953 6672.805
2.994 6436.493 6219.71 6677.755
3.003 6441.324 6224.48 6682.803
3.012 6446.165 6229.29 6687.842
3.021 6451.016 6234.08 6692.804
3.03 6455.877 6238.931 6697.775
3.04 6460.748 6243.755 6702.807
3.049 6465.629 6248.58 6707.824
3.058 6470.52 6253.383 6712.875
3.067 6475.422 6258.189 6717.999
3.077 6480.333 6262.991 6723.072
3.086 6485.255 6267.89 6728.194
3.096 6490.187 6272.728 6733.305
3.106 6495.13 6277.629 6738.458
3.115 6500.084 6282.508 6743.592
3.125 6505.048 6287.365 6748.753
3.135 6510.022 6292.24 6753.938
3.145 6515.008 6297.118 6759.128
3.155 6520.004 6302.067 6764.335
3.165 6525.012 6306.989 6769.597
3.175 6530.03 6311.897 6774.806
3.185 6535.059 6316.815 6780.038
3.195 6540.1 6321.732 6785.276
3.205 6545.152 6326.691 6790.498
3.215 6550.215 6331.614 6795.728
3.226 6555.29 6336.547 6800.999
3.236 6560.376 6341.534 6806.226
3.247 6565.474 6346.525 6811.487
3.257 6570.583 6351.5 6816.83
3.268 6575.704 6356.464 6822.148
3.279 6580.837 6361.509 6827.527
3.289 6585.982 6366.563 6832.946
3.3 6591.139 6371.56 6838.294
3.311 6596.309 6376.647 6843.683
3.322 6601.49 6381.743 6849.072
3.333 6606.683 6386.777 6854.44
3.344 6611.889 6391.838 6859.94
3.356 6617.108 6396.95 6865.379
3.367 6622.339 6402.063 6870.871
3.378 6627.583 6407.172 6876.33
3.39 6632.839 6412.349 6881.817
3.401 6638.108 6417.496 6887.369
3.413 6643.39 6422.64 6892.986
3.425 6648.686 6427.83 6898.455
3.436 6653.994 6433.021 6903.979
3.448 6659.316 6438.209 6909.545
3.46 6664.651 6443.367 6915.147
3.472 6669.999 6448.617 6920.72
3.484 6675.361 6453.803 6926.318
3.497 6680.737 6459.037 6931.952
3.509 6686.126 6464.282 6937.601
3.521 6691.529 6469.548 6943.259
3.534 6696.946 6474.855 6949
3.546 6702.377 6480.177 6954.713
3.559 6707.823 6485.445 6960.433
3.571 6713.282 6490.727 6966.091
3.584 6718.756 6496.079 6971.867
3.597 6724.245 6501.416 6977.522
3.61 6729.748 6506.844 6983.275
3.623 6735.266 6512.194 6989.058
3.636 6740.799 6517.555 6994.865
3.65 6746.346 6523.008 7000.645
3.663 6751.909 6528.416 7006.449
3.676 6757.487 6533.832 7012.339
3.69 6763.08 6539.314 7018.211
3.704 6768.689 6544.741 7024.027
3.717 6774.313 6550.197 7029.939
3.731 6779.953 6555.636 7035.818
3.745 6785.609 6561.139 7041.732
3.759 6791.28 6566.631 7047.686
3.774 6796.968 6572.127 7053.654
3.788 6802.672 6577.664 7059.68
3.802 6808.392 6583.169 7065.661
3.817 6814.129 6588.738 7071.628
3.831 6819.882 6594.319 7077.619
3.846 6825.652 6599.916 7083.709
3.861 6831.439 6605.501 7089.853
3.876 6837.243 6611.126 7096.04
3.891 6843.064 6616.698 7102.096
3.906 6848.902 6622.327 7108.21
3.922 6854.757 6627.987 7114.365
3.937 6860.631 6633.578 7120.567
3.953 6866.522 6639.29 7126.81
3.968 6872.43 6644.997 7133.01
3.984 6878.357 6650.728 7139.179
4 6884.302 6656.461 7145.438
4.016 6890.265 6662.215 7151.759
4.032 6896.247 6667.993 7158.121
4.049 6902.247 6673.738 7164.468
4.065 6908.266 6679.556 7170.877
4.082 6914.304 6685.364 7177.219
4.098 6920.361 6691.201 7183.636
4.115 6926.438 6697.062 7190.028
4.132 6932.534 6702.947 7196.494
4.149 6938.649 6708.815 7202.934
4.167 6944.784 6714.728 7209.479
4.184 6950.939 6720.639 7216.083
4.202 6957.114 6726.58 7222.613
4.219 6963.31 6732.506 7229.104
4.237 6969.526 6738.427 7235.683
4.255 6975.763 6744.445 7242.316
4.274 6982.02 6750.42 7248.953
4.292 6988.298 6756.455 7255.616
4.31 6994.598 6762.508 7262.27
4.329 7000.919 6768.626 7269.03
4.348 7007.262 6774.7 7275.749
4.367 7013.626 6780.83 7282.488
4.386 7020.012 6786.919 7289.29
4.405 7026.421 6793.085 7296.148
4.425 7032.852 6799.315 7302.99
4.444 7039.305 6805.482 7309.883
4.464 7045.781 6811.672 7316.704
4.484 7052.281 6817.883 7323.659
4.505 7058.803 6824.112 7330.6
4.525 7065.349 6830.379 7337.618
4.545 7071.918 6836.695 7344.606
4.566 7078.512 6843.062 7351.635
4.587 7085.129 6849.362 7358.756
4.608 7091.771 6855.814 7365.743
4.63 7098.437 6862.201 7372.877
4.651 7105.128 6868.632 7380.034
4.673 7111.844 6875.045 7387.183
4.695 7118.586 6881.405 7394.321
4.717 7125.353 6887.857 7401.568
4.739 7132.145 6894.362 7408.798
4.762 7138.964 6900.813 7416.131
4.785 7145.809 6907.372 7423.431
4.808 7152.68 6913.871 7430.745
4.831 7159.578 6920.399 7438.137
4.854 7166.503 6927.031 7445.514
4.878 7173.455 6933.678 7452.862
4.902 7180.435 6940.319 7460.406
4.926 7187.443 6946.916 7467.975
4.95 7194.479 6953.581 7475.526
4.975 7201.543 6960.344 7483.105
5 7208.636 6967.141 7490.693
5.025 7215.758 6973.884 7498.344
5.051 7222.91 6980.641 7506.123
5.076 7230.09 6987.459 7513.794
5.102 7237.301 6994.286 7521.589
5.128 7244.542 7001.123 7529.382
5.155 7251.813 7008.016 7537.24
5.181 7259.116 7014.974 7545.135
5.208 7266.449 7021.893 7553.001
5.236 7273.814 7028.821 7560.903
5.263 7281.211 7035.914 7568.838
5.291 7288.639 7042.945 7576.815
5.319 7296.101 7050.057 7584.842
5.348 7303.595 7057.21 7592.866
5.376 7311.122 7064.378 7600.976
5.405 7318.683 7071.511 7609.104
5.435 7326.278 7078.664 7617.313
5.464 7333.907 7085.865 7625.46
5.495 7341.571 7093.087 7633.823
5.525 7349.27 7100.389 7642.107
5.556 7357.005 7107.698 7650.545
5.587 7364.775 7114.931 7658.996
5.618 7372.581 7122.31 7667.439
5.65 7380.425 7129.643 7675.971
5.682 7388.305 7137.008 7684.501
5.714 7396.223 7144.534 7693.051
5.747 7404.178 7152.031 7701.674
5.78 7412.172 7159.563 7710.427
5.814 7420.205 7167.116 7719.106
5.848 7428.277 7174.64 7727.762
5.882 7436.389 7182.202 7736.56
5.917 7444.542 7189.84 7745.315
5.952 7452.734 7197.539 7754.197
5.988 7460.968 7205.273 7763.172
6.024 7469.244 7213.051 7772.164
6.061 7477.562 7220.78 7781.135
6.098 7485.922 7228.634 7790.32
6.135 7494.326 7236.503 7799.557
6.173 7502.774 7244.4 7808.573
6.211 7511.265 7252.283 7817.953
6.25 7519.802 7260.249 7827.237
6.289 7528.384 7268.193 7836.653
6.329 7537.012 7276.211 7846.105
6.369 7545.687 7284.38 7855.759
6.41 7554.408 7292.563 7865.244
6.452 7563.178 7300.786 7874.739
6.494 7571.995 7308.96 7884.348
6.536 7580.862 7317.248 7894.008
6.579 7589.778 7325.47 7903.81
6.623 7598.745 7333.734 7913.691
6.667 7607.763 7342.146 7923.643
6.711 7616.832 7350.538 7933.618
6.757 7625.953 7359.046 7943.535
6.803 7635.128 7367.478 7953.658
6.849 7644.356 7376.001 7963.742
6.897 7653.639 7384.672 7973.879
6.944 7662.977 7393.376 7984.258
6.993 7672.371 7402.027 7994.484
7.042 7681.822 7410.821 8004.9
7.092 7691.33 7419.669 8015.418
7.143 7700.897 7428.467 8025.836
7.194 7710.523 7437.273 8036.496
7.246 7720.209 7446.175 8047.216
7.299 7729.955 7455.103 8058.08
7.353 7739.764 7464.247 8068.934
7.407 7749.635 7473.385 8079.916
7.463 7759.57 7482.54 8091.023
7.519 7769.57 7491.759 8102.195
7.576 7779.635 7500.969 8113.532
7.634 7789.767 7510.252 8124.777
7.692 7799.966 7519.634 8136.1
7.752 7810.234 7529.012 8147.559
7.812 7820.571 7538.529 8159.239
7.874 7830.979 7547.977 8170.938
7.937 7841.459 7557.766 8182.641
8 7852.012 7567.417 8194.298
8.065 7862.639 7577.121 8206.128
8.13 7873.341 7586.909 8218.149
8.197 7884.12 7596.658 8230.224
8.264 7894.976 7606.588 8242.39
8.333 7905.911 7616.529 8254.534
8.403 7916.927 7626.639 8266.936
8.475 7928.025 7636.826 8279.397
8.547 7939.205 7646.928 8291.917
8.621 7950.47 7657.34 8304.537
8.696 7961.821 7667.727 8317.165
8.772 7973.259 7678.094 8330.054
8.85 7984.786 7688.597 8343.04
8.929 7996.403 7699.097 8356.17
9.009 8008.113 7709.779 8369.359
9.091 8019.916 7720.477 8382.622
9.174 8031.815 7731.183 8396.059
9.259 8043.81 7742.081 8409.664
9.346 8055.905 7753.1 8423.364
9.434 8068.1 7764.113 8437.141
9.524 8080.397 7775.215 8451.073
9.615 8092.8 7786.405 8465.3
9.709 8105.308 7797.743 8479.564
9.804 8117.926 7809.132 8494.018
9.901 8130.654 7820.559 8508.631
10 8143.494 7832.024 8523.291
10.101 8156.45 7843.751 8538.192
10.204 8169.523 7855.537 8553.127
10.309 8182.716 7867.391 8568.251
10.417 8196.031 7879.327 8583.653
10.526 8209.47 7891.293 8598.974
10.638 8223.037 7903.474 8614.513
10.753 8236.734 7915.775 8630.322
10.87 8250.563 7928.254 8646.144
10.989 8264.528 7940.663 8662.135
11.111 8278.632 7953.268 8678.31
11.236 8292.877 7965.971 8694.684
11.364 8307.266 7978.922 8711.152
11.494 8321.804 7991.989 8727.976
11.628 8336.492 8004.985 8744.882
11.765 8351.336 8018.113 8761.998
11.905 8366.337 8031.283 8779.459
12.048 8381.501 8044.664 8797.057
12.195 8396.83 8058.27 8814.676
12.346 8412.33 8072.021 8832.597
12.5 8428.003 8085.956 8850.729
12.658 8443.855 8099.849 8869.077
12.821 8459.89 8113.947 8887.669
12.987 8476.111 8128.292 8906.637
13.158 8492.525 8142.791 8925.721
13.333 8509.137 8157.301 8945.227
13.514 8525.95 8172.004 8964.925
13.699 8542.971 8186.857 8984.93
13.889 8560.206 8201.977 9005.245
14.085 8577.66 8217.213 9026.08
14.286 8595.339 8232.719 9047.036
14.493 8613.25 8248.373 9068.051
14.706 8631.399 8264.313 9089.528
14.925 8649.793 8280.205 9111.408
15.152 8668.439 8296.342 9133.355
15.385 8687.346 8312.634 9155.655
15.625 8706.52 8329.289 9178.607
15.873 8725.971 8346.186 9201.755
16.129 8745.706 8363.24 9225.041
16.393 8765.735 8380.587 9249.031
16.667 8786.067 8398.184 9273.521
16.949 8806.712 8415.948 9297.815
17.241 8827.681 8433.926 9322.899
17.544 8848.985 8452.233 9348.521
17.857 8870.635 8470.69 9374.38
18.182 8892.644 8489.401 9400.74
18.519 8915.024 8508.382 9427.593
18.868 8937.789 8527.688 9455.147
19.231 8960.953 8547.462 9482.814
19.608 8984.532 8567.52 9511.416
20 9008.541 8588.103 9540.564
20.408 9032.998 8609.017 9570.113
20.833 9057.92 8630.083 9600.3
21.277 9083.327 8651.713 9631.595
21.739 9109.239 8673.469 9663.282
22.222 9135.678 8695.65 9695.519
22.727 9162.667 8718.333 9728.697
23.256 9190.23 8741.542 9762.439
23.81 9218.394 8765.141 9797.079
24.39 9247.187 8789.155 9832.039
25 9276.64 8813.808 9868.128
25.641 9306.785 8839.068 9905.48
26.316 9337.658 8864.736 9943.635
27.027 9369.296 8890.943 9982.365
27.778 9401.739 8917.592 10022.821
28.571 9435.034 8944.861 10064.255
29.412 9469.227 8972.993 10106.709
30.303 9504.371 9001.856 10150.726
31.25 9540.523 9031.407 10196.087
32.258 9577.745 9061.977 10242.826
33.333 9616.107 9093.243 10291.401
34.483 9655.683 9125.483 10341.375
35.714 9696.557 9158.443 10393.325
37.037 9738.821 9192.595 10446.985
38.462 9782.576 9227.88 10502.787
40 9827.938 9264.467 10560.874
41.667 9875.034 9301.998 10621.406
43.478 9924.009 9341.04 10684.64
45.455 9975.024 9381.87 10750.917
47.619 10028.265 9424.176 10819.868
50 10083.945 9468.182 10892.781
52.632 10142.307 9513.964 10969.212
55.556 10203.634 9562.032 11049.488
58.824 10268.256 9612.252 11134.555
62.5 10336.563 9665.214 11224.972
66.667 10409.019 9720.728 11321.455
71.429 10486.182 9779.551 11425.189
76.923 10568.732 9842.241 11536.242
83.333 10657.509 9909.347 11655.851
90.909 10753.571 9981.017 11786.921
100 10858.271 10058.936 11930.996
111.111 10973.384 10144.281 12090.676
125 11101.3 10238.232 12269.325
142.857 11245.355 10342.999 12473.188
166.667 11410.399 10461.172 12709.099
200 11603.902 10598.233 12987.474
250 11838.27 10761.848 13331.217
333.333 12136.512 10965.333 13777.172
500 12549.574 11238.893 14409.407
1000 13236.633 11675.273 15510.568
1111.111 13339.016 11738.272 15679.599
1250 13452.841 11807.646 15868.665
1428.571 13581.087 11885.072 16085.206
1666.667 13728.091 11972.846 16334.363
2000 13900.524 12074.701 16631.488
2500 14109.472 12196.444 16996.285
3333.333 14375.493 12348.207 17467.948
5000 14744.107 12552.217 18141.09
10000 15357.528 12878.905 19302.378
