"Pr" "Mp" "Q_2" "Q_9"
1.01 3106.965 2702.06 3404.766
1.011 3136.178 2735.705 3431.799
1.012 3163.361 2766.959 3456.927
1.013 3188.816 2796.051 3480.447
1.014 3212.781 2823.486 3502.58
1.015 3235.448 2849.236 3523.736
1.016 3256.972 2873.678 3543.668
1.017 3277.482 2896.877 3562.833
1.018 3297.085 2919.121 3581.161
1.019 3315.871 2940.616 3598.632
1.02 3333.918 2961.275 3615.605
1.021 3351.293 2981.241 3631.953
1.022 3368.054 3000.344 3647.721
1.024 3384.25 3018.879 3662.9
1.025 3399.927 3036.713 3677.603
1.026 3415.123 3053.825 3692.013
1.027 3429.874 3070.668 3705.91
1.028 3444.21 3086.824 3719.39
1.029 3458.158 3102.617 3732.577
1.03 3471.745 3117.83 3745.312
1.031 3484.992 3132.968 3757.773
1.032 3497.92 3147.573 3769.926
1.033 3510.548 3161.716 3781.917
1.034 3522.893 3175.527 3793.575
1.035 3534.97 3189.06 3804.892
1.036 3546.794 3202.419 3816.006
1.037 3558.377 3215.388 3827.002
1.038 3569.733 3228.187 3837.73
1.04 3580.871 3240.669 3848.208
1.041 3591.803 3252.773 3858.505
1.042 3602.537 3264.775 3868.754
1.043 3613.084 3276.611 3878.715
1.044 3623.451 3288.163 3888.484
1.045 3633.646 3299.476 3898.194
1.046 3643.676 3310.598 3907.777
1.047 3653.549 3321.665 3917.093
1.048 3663.27 3332.573 3926.346
1.049 3672.846 3343.226 3935.404
1.05 3682.281 3353.686 3944.351
1.052 3691.583 3364.043 3953.222
1.053 3700.754 3374.156 3961.904
1.054 3709.801 3384.267 3970.498
1.055 3718.728 3394.211 3978.835
1.056 3727.539 3404.008 3987.252
1.057 3736.237 3413.675 3995.493
1.058 3744.827 3423.149 4003.623
1.059 3753.312 3432.427 4011.692
1.06 3761.696 3441.808 4019.586
1.062 3769.983 3451.089 4027.408
1.063 3778.174 3460.147 4035.219
1.064 3786.273 3469.15 4042.943
1.065 3794.282 3478.106 4050.61
1.066 3802.206 3486.74 4058.134
1.067 3810.045 3495.289 4065.611
1.068 3817.803 3503.854 4073.045
1.07 3825.481 3512.393 4080.388
1.071 3833.083 3520.688 4087.626
1.072 3840.61 3529.026 4094.88
1.073 3848.064 3537.25 4102.056
1.074 3855.447 3545.388 4109.063
1.075 3862.762 3553.38 4115.99
1.076 3870.009 3561.508 4122.888
1.078 3877.191 3569.368 4129.765
1.079 3884.309 3577.241 4136.622
1.08 3891.365 3584.953 4143.354
1.081 3898.361 3592.596 4149.952
1.082 3905.297 3600.237 4156.618
1.083 3912.176 3607.89 4163.237
1.085 3918.999 3615.383 4169.779
1.086 3925.767 3622.78 4176.198
1.087 3932.481 3630.108 4182.693
1.088 3939.143 3637.363 4189.124
1.089 3945.754 3644.625 4195.536
1.091 3952.315 3651.906 4201.827
1.092 3958.827 3659.016 4208.068
1.093 3965.291 3666.202 4214.353
1.094 3971.708 3673.265 4220.55
1.095 3978.08 3680.285 4226.669
1.096 3984.406 3687.282 4232.758
1.098 3990.689 3694.092 4238.792
1.099 3996.929 3701.053 4244.79
1.1 4003.127 3707.874 4250.752
1.101 4009.284 3714.638 4256.603
1.103 4015.401 3721.3 4262.468
1.104 4021.478 3728.004 4268.313
1.105 4027.516 3734.56 4274.109
1.106 4033.517 3740.95 4279.87
1.107 4039.48 3747.456 4285.606
1.109 4045.407 3753.751 4291.294
1.11 4051.297 3760.212 4296.964
1.111 4057.153 3766.678 4302.516
1.112 4062.975 3772.983 4308.154
1.114 4068.762 3779.177 4313.651
1.115 4074.516 3785.422 4319.161
1.116 4080.238 3791.695 4324.635
1.117 4085.928 3797.861 4330.145
1.119 4091.586 3803.935 4335.516
1.12 4097.214 3810.045 4340.938
1.121 4102.811 3816.13 4346.311
1.122 4108.379 3822.198 4351.632
1.124 4113.917 3828.228 4356.973
1.125 4119.426 3834.164 4362.214
1.126 4124.907 3839.992 4367.522
1.127 4130.361 3845.951 4372.811
1.129 4135.787 3851.824 4378.068
1.13 4141.186 3857.657 4383.24
1.131 4146.559 3863.39 4388.443
1.133 4151.906 3869.101 4393.532
1.134 4157.228 3874.822 4398.755
1.135 4162.524 3880.578 4403.865
1.136 4167.795 3886.282 4408.964
1.138 4173.043 3891.957 4413.981
1.139 4178.266 3897.633 4419.065
1.14 4183.466 3903.23 4424.087
1.142 4188.642 3908.767 4429.153
1.143 4193.796 3914.422 4434.205
1.144 4198.927 3920.01 4439.15
1.145 4204.037 3925.55 4444.124
1.147 4209.124 3931.093 4449.019
1.148 4214.19 3936.562 4453.98
1.149 4219.235 3942.016 4458.887
1.151 4224.259 3947.411 4463.685
1.152 4229.262 3952.75 4468.56
1.153 4234.246 3958.147 4473.354
1.155 4239.209 3963.411 4478.154
1.156 4244.153 3968.725 4482.911
1.157 4249.077 3973.974 4487.644
1.159 4253.983 3979.254 4492.434
1.16 4258.869 3984.503 4497.306
1.161 4263.738 3989.801 4501.997
1.163 4268.588 3995.094 4506.743
1.164 4273.42 4000.165 4511.486
1.166 4278.234 4005.308 4516.154
1.167 4283.031 4010.447 4520.793
1.168 4287.81 4015.586 4525.459
1.17 4292.573 4020.63 4530.123
1.171 4297.318 4025.704 4534.721
1.172 4302.048 4030.731 4539.266
1.174 4306.761 4035.844 4543.905
1.175 4311.458 4040.916 4548.42
1.176 4316.139 4045.96 4552.944
1.178 4320.804 4050.985 4557.491
1.179 4325.454 4055.935 4561.969
1.181 4330.088 4060.896 4566.428
1.182 4334.708 4065.879 4570.918
1.183 4339.313 4070.782 4575.365
1.185 4343.903 4075.708 4579.811
1.186 4348.479 4080.552 4584.185
1.188 4353.04 4085.489 4588.634
1.189 4357.587 4090.325 4592.976
1.19 4362.121 4095.045 4597.326
1.192 4366.64 4099.845 4601.731
1.193 4371.147 4104.674 4606.112
1.195 4375.639 4109.465 4610.458
1.196 4380.119 4114.294 4614.836
1.198 4384.586 4119.131 4619.225
1.199 4389.039 4123.975 4623.512
1.2 4393.48 4128.677 4627.828
1.202 4397.909 4133.402 4632.155
1.203 4402.325 4138.155 4636.494
1.205 4406.729 4142.822 4640.811
1.206 4411.12 4147.56 4645.06
1.208 4415.5 4152.201 4649.344
1.209 4419.868 4156.846 4653.655
1.211 4424.224 4161.428 4657.928
1.212 4428.569 4166.017 4662.177
1.214 4432.903 4170.645 4666.431
1.215 4437.225 4175.225 4670.623
1.217 4441.536 4179.822 4674.77
1.218 4445.836 4184.383 4678.924
1.22 4450.126 4188.996 4683.118
1.221 4454.404 4193.473 4687.225
1.222 4458.672 4197.987 4691.311
1.224 4462.93 4202.509 4695.426
1.225 4467.177 4206.949 4699.539
1.227 4471.414 4211.428 4703.681
1.229 4475.641 4215.963 4707.824
1.23 4479.858 4220.469 4711.93
1.232 4484.066 4224.971 4716.012
1.233 4488.263 4229.49 4720.121
1.235 4492.451 4233.909 4724.222
1.236 4496.629 4238.346 4728.27
1.238 4500.798 4242.693 4732.304
1.239 4504.958 4247.042 4736.301
1.241 4509.109 4251.492 4740.294
1.242 4513.25 4255.832 4744.312
1.244 4517.382 4260.206 4748.336
1.245 4521.506 4264.597 4752.391
1.247 4525.621 4268.976 4756.402
1.248 4529.727 4273.351 4760.392
1.25 4533.825 4277.71 4764.399
1.252 4537.914 4282.056 4768.33
1.253 4541.995 4286.432 4772.254
1.255 4546.067 4290.803 4776.193
1.256 4550.132 4295.106 4780.123
1.258 4554.188 4299.382 4784.054
1.259 4558.236 4303.72 4788.035
1.261 4562.277 4307.924 4791.968
1.263 4566.309 4312.15 4795.882
1.264 4570.334 4316.381 4799.823
1.266 4574.351 4320.666 4803.794
1.267 4578.361 4324.83 4807.708
1.269 4582.363 4329.087 4811.557
1.271 4586.358 4333.267 4815.399
1.272 4590.345 4337.393 4819.305
1.274 4594.325 4341.596 4823.109
1.276 4598.299 4345.801 4827.017
1.277 4602.265 4349.936 4830.917
1.279 4606.224 4354.102 4834.829
1.28 4610.176 4358.296 4838.604
1.282 4614.121 4362.498 4842.441
1.284 4618.06 4366.594 4846.313
1.285 4621.992 4370.78 4850.164
1.287 4625.917 4374.945 4854.026
1.289 4629.836 4379.09 4857.85
1.29 4633.748 4383.262 4861.689
1.292 4637.654 4387.339 4865.505
1.294 4641.554 4391.509 4869.364
1.295 4645.448 4395.631 4873.133
1.297 4649.335 4399.69 4876.903
1.299 4653.216 4403.792 4880.729
1.3 4657.091 4407.873 4884.59
1.302 4660.96 4411.938 4888.386
1.304 4664.824 4416.037 4892.202
1.305 4668.681 4420.086 4895.963
1.307 4672.533 4424.125 4899.721
1.309 4676.379 4428.101 4903.536
1.311 4680.219 4432.145 4907.299
1.312 4684.054 4436.169 4910.975
1.314 4687.883 4440.23 4914.727
1.316 4691.707 4444.242 4918.525
1.318 4695.525 4448.233 4922.245
1.319 4699.338 4452.301 4925.997
1.321 4703.146 4456.284 4929.717
1.323 4706.949 4460.238 4933.387
1.325 4710.746 4464.198 4937.145
1.326 4714.539 4468.231 4940.815
1.328 4718.326 4472.159 4944.579
1.33 4722.108 4476.13 4948.307
1.332 4725.886 4480.093 4952.036
1.333 4729.658 4483.991 4955.764
1.335 4733.426 4487.91 4959.461
1.337 4737.189 4491.868 4963.166
1.339 4740.947 4495.833 4966.924
1.34 4744.701 4499.792 4970.639
1.342 4748.45 4503.711 4974.34
1.344 4752.194 4507.601 4978.017
1.346 4755.934 4511.427 4981.717
1.348 4759.67 4515.263 4985.351
1.35 4763.401 4519.131 4988.996
1.351 4767.128 4522.972 4992.711
1.353 4770.85 4526.877 4996.38
1.355 4774.568 4530.774 5000.008
1.357 4778.283 4534.62 5003.644
1.359 4781.993 4538.538 5007.295
1.361 4785.698 4542.378 5010.976
1.362 4789.4 4546.163 5014.628
1.364 4793.098 4549.957 5018.263
1.366 4796.792 4553.788 5021.822
1.368 4800.482 4557.659 5025.392
1.37 4804.168 4561.438 5029
1.372 4807.85 4565.194 5032.622
1.374 4811.529 4569.073 5036.236
1.376 4815.204 4572.96 5039.886
1.377 4818.875 4576.758 5043.474
1.379 4822.542 4580.602 5047.094
1.381 4826.206 4584.362 5050.736
1.383 4829.867 4588.105 5054.337
1.385 4833.524 4591.869 5057.941
1.387 4837.177 4595.696 5061.568
1.389 4840.827 4599.467 5065.156
1.391 4844.474 4603.258 5068.742
1.393 4848.117 4607.077 5072.325
1.395 4851.757 4610.929 5075.909
1.397 4855.394 4614.629 5079.474
1.399 4859.028 4618.431 5083.054
1.401 4862.658 4622.238 5086.617
1.403 4866.286 4626.019 5090.16
1.404 4869.91 4629.842 5093.702
1.406 4873.531 4633.547 5097.222
1.408 4877.149 4637.321 5100.784
1.41 4880.765 4641.07 5104.343
1.412 4884.377 4644.869 5107.885
1.414 4887.987 4648.687 5111.463
1.416 4891.593 4652.484 5115.015
1.418 4895.197 4656.258 5118.603
1.42 4898.798 4659.987 5122.154
1.422 4902.396 4663.732 5125.709
1.425 4905.992 4667.435 5129.239
1.427 4909.585 4671.228 5132.807
1.429 4913.175 4675.018 5136.349
1.431 4916.763 4678.729 5139.833
1.433 4920.348 4682.408 5143.421
1.435 4923.931 4686.066 5146.949
1.437 4927.511 4689.776 5150.502
1.439 4931.089 4693.456 5154.002
1.441 4934.664 4697.172 5157.521
1.443 4938.237 4700.839 5161.01
1.445 4941.808 4704.503 5164.522
1.447 4945.376 4708.138 5168.017
1.449 4948.942 4711.787 5171.505
1.451 4952.506 4715.486 5175.044
1.453 4956.068 4719.134 5178.527
1.456 4959.627 4722.82 5182.034
1.458 4963.185 4726.479 5185.521
1.46 4966.74 4730.141 5189.019
1.462 4970.293 4733.86 5192.536
1.464 4973.844 4737.642 5196.007
1.466 4977.393 4741.311 5199.531
1.468 4980.941 4744.945 5203.071
1.471 4984.486 4748.557 5206.589
1.473 4988.029 4752.184 5210.044
1.475 4991.571 4755.801 5213.467
1.477 4995.111 4759.431 5216.985
1.479 4998.648 4763.136 5220.459
1.481 5002.185 4766.781 5223.903
1.484 5005.719 4770.444 5227.377
1.486 5009.252 4774.025 5230.83
1.488 5012.783 4777.625 5234.362
1.49 5016.312 4781.276 5237.877
1.493 5019.84 4784.957 5241.358
1.495 5023.366 4788.593 5244.778
1.497 5026.89 4792.139 5248.24
1.499 5030.413 4795.727 5251.75
1.502 5033.935 4799.358 5255.185
1.504 5037.455 4802.983 5258.678
1.506 5040.973 4806.603 5262.104
1.508 5044.491 4810.276 5265.564
1.511 5048.006 4813.886 5269.05
1.513 5051.521 4817.492 5272.542
1.515 5055.034 4821.085 5275.981
1.517 5058.546 4824.698 5279.472
1.52 5062.057 4828.295 5282.919
1.522 5065.566 4831.949 5286.336
1.524 5069.074 4835.567 5289.831
1.527 5072.581 4839.124 5293.355
1.529 5076.087 4842.727 5296.791
1.531 5079.592 4846.378 5300.193
1.534 5083.095 4850.016 5303.631
1.536 5086.598 4853.617 5307.127
1.538 5090.099 4857.207 5310.584
1.541 5093.6 4860.783 5314.034
1.543 5097.099 4864.391 5317.465
1.546 5100.598 4867.97 5320.896
1.548 5104.096 4871.589 5324.42
1.55 5107.592 4875.153 5327.892
1.553 5111.088 4878.763 5331.347
1.555 5114.583 4882.394 5334.812
1.558 5118.077 4885.988 5338.281
1.56 5121.571 4889.59 5341.772
1.563 5125.064 4893.13 5345.244
1.565 5128.555 4896.772 5348.739
1.567 5132.047 4900.364 5352.183
1.57 5135.537 4903.912 5355.631
1.572 5139.027 4907.484 5359.073
1.575 5142.516 4911.052 5362.513
1.577 5146.005 4914.671 5365.941
1.58 5149.493 4918.203 5369.368
1.582 5152.98 4921.778 5372.827
1.585 5156.467 4925.336 5376.306
1.587 5159.954 4928.904 5379.763
1.59 5163.44 4932.536 5383.258
1.592 5166.925 4936.117 5386.719
1.595 5170.41 4939.669 5390.155
1.597 5173.895 4943.259 5393.648
1.6 5177.379 4946.779 5397.1
1.603 5180.863 4950.376 5400.521
1.605 5184.347 4953.973 5403.93
1.608 5187.83 4957.567 5407.349
1.61 5191.314 4961.106 5410.783
1.613 5194.796 4964.677 5414.213
1.616 5198.279 4968.248 5417.704
1.618 5201.761 4971.778 5421.19
1.621 5205.244 4975.36 5424.596
1.623 5208.726 4978.902 5428.056
1.626 5212.208 4982.516 5431.505
1.629 5215.689 4986.094 5434.97
1.631 5219.171 4989.603 5438.428
1.634 5222.653 4993.221 5441.867
1.637 5226.135 4996.809 5445.275
1.639 5229.616 5000.326 5448.709
1.642 5233.098 5003.876 5452.163
1.645 5236.58 5007.38 5455.627
1.647 5240.062 5010.936 5459.106
1.65 5243.544 5014.448 5462.477
1.653 5247.026 5017.976 5465.925
1.656 5250.508 5021.519 5469.367
1.658 5253.99 5025.045 5472.85
1.661 5257.473 5028.654 5476.324
1.664 5260.956 5032.206 5479.802
1.667 5264.439 5035.74 5483.273
1.669 5267.922 5039.276 5486.718
1.672 5271.405 5042.89 5490.146
1.675 5274.889 5046.459 5493.637
1.678 5278.373 5050.043 5497.044
1.681 5281.858 5053.606 5500.509
1.684 5285.343 5057.2 5504
1.686 5288.828 5060.771 5507.48
1.689 5292.314 5064.35 5510.922
1.692 5295.8 5067.868 5514.388
1.695 5299.287 5071.419 5517.817
1.698 5302.774 5075.008 5521.231
1.701 5306.262 5078.535 5524.746
1.704 5309.75 5082.089 5528.227
1.706 5313.239 5085.58 5531.679
1.709 5316.728 5089.127 5535.16
1.712 5320.218 5092.68 5538.637
1.715 5323.709 5096.256 5542.081
1.718 5327.2 5099.835 5545.511
1.721 5330.692 5103.409 5548.944
1.724 5334.185 5106.966 5552.397
1.727 5337.679 5110.452 5555.894
1.73 5341.173 5113.988 5559.367
1.733 5344.668 5117.501 5562.856
1.736 5348.164 5121.013 5566.246
1.739 5351.66 5124.578 5569.719
1.742 5355.158 5128.143 5573.204
1.745 5358.656 5131.729 5576.701
1.748 5362.155 5135.273 5580.138
1.751 5365.656 5138.839 5583.589
1.754 5369.157 5142.414 5587.074
1.757 5372.659 5145.99 5590.555
1.761 5376.162 5149.574 5594.006
1.764 5379.666 5153.148 5597.538
1.767 5383.171 5156.729 5601.05
1.77 5386.677 5160.303 5604.543
1.773 5390.184 5163.871 5608.035
1.776 5393.693 5167.423 5611.517
1.779 5397.202 5171.034 5614.969
1.783 5400.713 5174.591 5618.437
1.786 5404.225 5178.152 5621.901
1.789 5407.738 5181.73 5625.4
1.792 5411.252 5185.281 5628.882
1.795 5414.767 5188.857 5632.29
1.799 5418.284 5192.425 5635.729
1.802 5421.802 5195.984 5639.178
1.805 5425.321 5199.539 5642.661
1.808 5428.842 5203.106 5646.209
1.812 5432.364 5206.647 5649.746
1.815 5435.887 5210.218 5653.231
1.818 5439.412 5213.814 5656.803
1.821 5442.938 5217.324 5660.291
1.825 5446.466 5220.886 5663.805
1.828 5449.995 5224.487 5667.328
1.832 5453.526 5228.094 5670.822
1.835 5457.058 5231.694 5674.31
1.838 5460.591 5235.275 5677.828
1.842 5464.127 5238.833 5681.397
1.845 5467.663 5242.444 5684.913
1.848 5471.202 5245.974 5688.408
1.852 5474.742 5249.518 5691.886
1.855 5478.284 5253.142 5695.43
1.859 5481.827 5256.72 5698.953
1.862 5485.372 5260.331 5702.442
1.866 5488.919 5263.945 5705.95
1.869 5492.468 5267.588 5709.481
1.873 5496.018 5271.154 5713.022
1.876 5499.57 5274.779 5716.555
1.88 5503.124 5278.394 5720.097
1.883 5506.68 5281.96 5723.607
1.887 5510.238 5285.566 5727.128
1.89 5513.798 5289.144 5730.674
1.894 5517.359 5292.793 5734.233
1.898 5520.923 5296.421 5737.789
1.901 5524.488 5300.032 5741.357
1.905 5528.056 5303.594 5744.88
1.908 5531.625 5307.174 5748.408
1.912 5535.196 5310.806 5751.949
1.916 5538.77 5314.421 5755.498
1.919 5542.346 5318.027 5759.022
1.923 5545.923 5321.63 5762.582
1.927 5549.503 5325.302 5766.16
1.931 5553.085 5328.845 5769.729
1.934 5556.67 5332.484 5773.311
1.938 5560.256 5336.125 5776.863
1.942 5563.845 5339.703 5780.45
1.946 5567.436 5343.354 5783.979
1.949 5571.029 5347.007 5787.592
1.953 5574.624 5350.679 5791.179
1.957 5578.222 5354.26 5794.737
1.961 5581.822 5357.852 5798.366
1.965 5585.425 5361.49 5801.99
1.969 5589.03 5365.149 5805.605
1.972 5592.637 5368.811 5809.186
1.976 5596.247 5372.464 5812.73
1.98 5599.859 5376.151 5816.308
1.984 5603.474 5379.794 5819.885
1.988 5607.091 5383.454 5823.452
1.992 5610.711 5387.137 5827.093
1.996 5614.333 5390.784 5830.722
2 5617.958 5394.413 5834.315
2.004 5621.586 5398.085 5837.893
2.008 5625.216 5401.764 5841.547
2.012 5628.849 5405.433 5845.108
2.016 5632.485 5409.135 5848.716
2.02 5636.123 5412.755 5852.331
2.024 5639.765 5416.389 5855.937
2.028 5643.409 5420.047 5859.561
2.033 5647.055 5423.731 5863.206
2.037 5650.705 5427.45 5866.786
2.041 5654.357 5431.126 5870.396
2.045 5658.012 5434.83 5874.016
2.049 5661.671 5438.551 5877.673
2.053 5665.332 5442.254 5881.283
2.058 5668.996 5445.925 5884.935
2.062 5672.663 5449.621 5888.552
2.066 5676.333 5453.341 5892.224
2.07 5680.006 5457.002 5895.893
2.075 5683.682 5460.663 5899.53
2.079 5687.362 5464.409 5903.213
2.083 5691.044 5468.114 5906.843
2.088 5694.729 5471.809 5910.548
2.092 5698.418 5475.512 5914.265
2.096 5702.11 5479.218 5917.939
2.101 5705.805 5482.954 5921.589
2.105 5709.503 5486.671 5925.284
2.11 5713.205 5490.402 5929.031
2.114 5716.91 5494.082 5932.765
2.119 5720.618 5497.851 5936.527
2.123 5724.33 5501.646 5940.21
2.128 5728.045 5505.341 5943.886
2.132 5731.763 5509.097 5947.567
2.137 5735.485 5512.852 5951.273
2.141 5739.21 5516.554 5955.005
2.146 5742.939 5520.341 5958.756
2.151 5746.672 5524.032 5962.458
2.155 5750.407 5527.735 5966.212
2.16 5754.147 5531.5 5969.926
2.165 5757.89 5535.255 5973.631
2.169 5761.637 5539.061 5977.384
2.174 5765.387 5542.802 5981.095
2.179 5769.141 5546.601 5984.81
2.183 5772.899 5550.34 5988.554
2.188 5776.661 5554.137 5992.294
2.193 5780.426 5557.913 5996.045
2.198 5784.195 5561.706 5999.823
2.203 5787.968 5565.549 6003.544
2.208 5791.745 5569.372 6007.303
2.212 5795.526 5573.177 6011.05
2.217 5799.31 5576.989 6014.826
2.222 5803.099 5580.894 6018.579
2.227 5806.892 5584.732 6022.335
2.232 5810.688 5588.524 6026.077
2.237 5814.489 5592.39 6029.871
2.242 5818.294 5596.19 6033.722
2.247 5822.103 5599.946 6037.563
2.252 5825.916 5603.794 6041.343
2.257 5829.733 5607.577 6045.161
2.262 5833.555 5611.429 6048.959
2.268 5837.38 5615.263 6052.792
2.273 5841.21 5619.135 6056.643
2.278 5845.044 5623.008 6060.405
2.283 5848.883 5626.894 6064.236
2.288 5852.726 5630.739 6068.073
2.294 5856.573 5634.566 6071.899
2.299 5860.425 5638.45 6075.737
2.304 5864.281 5642.316 6079.603
2.309 5868.142 5646.149 6083.458
2.315 5872.007 5650.008 6087.34
2.32 5875.877 5653.875 6091.177
2.326 5879.751 5657.75 6095.05
2.331 5883.63 5661.659 6098.897
2.336 5887.514 5665.545 6102.749
2.342 5891.402 5669.418 6106.612
2.347 5895.295 5673.367 6110.474
2.353 5899.193 5677.285 6114.315
2.358 5903.095 5681.19 6118.156
2.364 5907.003 5685.109 6122.042
2.37 5910.915 5689.007 6125.985
2.375 5914.832 5692.908 6129.879
2.381 5918.754 5696.828 6133.816
2.387 5922.681 5700.778 6137.702
2.392 5926.613 5704.674 6141.64
2.398 5930.55 5708.576 6145.573
2.404 5934.492 5712.516 6149.504
2.41 5938.439 5716.476 6153.481
2.415 5942.392 5720.445 6157.448
2.421 5946.349 5724.367 6161.4
2.427 5950.312 5728.33 6165.388
2.433 5954.28 5732.336 6169.355
2.439 5958.253 5736.306 6173.317
2.445 5962.231 5740.204 6177.333
2.451 5966.215 5744.126 6181.27
2.457 5970.205 5748.109 6185.247
2.463 5974.199 5752.117 6189.257
2.469 5978.199 5756.152 6193.251
2.475 5982.205 5760.107 6197.236
2.481 5986.216 5764.038 6201.206
2.488 5990.233 5768.074 6205.143
2.494 5994.256 5772.118 6209.184
2.5 5998.284 5776.139 6213.226
2.506 6002.317 5780.142 6217.284
2.513 6006.357 5784.101 6221.342
2.519 6010.402 5788.089 6225.479
2.525 6014.453 5792.158 6229.521
2.532 6018.51 5796.209 6233.592
2.538 6022.573 5800.265 6237.7
2.545 6026.642 5804.289 6241.708
2.551 6030.716 5808.238 6245.752
2.558 6034.797 5812.304 6249.801
2.564 6038.884 5816.383 6253.854
2.571 6042.977 5820.406 6257.975
2.577 6047.076 5824.498 6262.032
2.584 6051.181 5828.553 6266.06
2.591 6055.293 5832.719 6270.185
2.597 6059.41 5836.803 6274.259
2.604 6063.535 5840.936 6278.388
2.611 6067.665 5845.049 6282.521
2.618 6071.802 5849.139 6286.654
2.625 6075.945 5853.227 6290.781
2.632 6080.095 5857.373 6294.939
2.639 6084.251 5861.509 6299.094
2.646 6088.414 5865.644 6303.231
2.653 6092.583 5869.784 6307.409
2.66 6096.759 5873.904 6311.547
2.667 6100.942 5878.03 6315.775
2.674 6105.132 5882.191 6320.033
2.681 6109.328 5886.378 6324.244
2.688 6113.531 5890.547 6328.476
2.695 6117.741 5894.712 6332.691
2.703 6121.958 5898.897 6336.889
2.71 6126.182 5903.1 6341.147
2.717 6130.413 5907.263 6345.36
2.725 6134.651 5911.484 6349.647
2.732 6138.897 5915.742 6353.893
2.74 6143.149 5919.934 6358.156
2.747 6147.409 5924.164 6362.42
2.755 6151.676 5928.408 6366.723
2.762 6155.95 5932.707 6371.003
2.77 6160.232 5936.967 6375.307
2.778 6164.521 5941.131 6379.657
2.786 6168.817 5945.347 6383.982
2.793 6173.121 5949.619 6388.209
2.801 6177.433 5953.831 6392.555
2.809 6181.752 5958.158 6396.885
2.817 6186.079 5962.439 6401.238
2.825 6190.414 5966.737 6405.57
2.833 6194.757 5971.059 6409.929
2.841 6199.107 5975.319 6414.296
2.849 6203.465 5979.615 6418.643
2.857 6207.832 5983.946 6422.991
2.865 6212.206 5988.291 6427.343
2.874 6216.588 5992.633 6431.781
2.882 6220.978 5996.913 6436.177
2.89 6225.377 6001.301 6440.564
2.899 6229.784 6005.631 6445.018
2.907 6234.199 6010.012 6449.454
2.915 6238.622 6014.329 6453.904
2.924 6243.054 6018.751 6458.288
2.933 6247.495 6023.194 6462.734
2.941 6251.943 6027.593 6467.241
2.95 6256.401 6032.044 6471.712
2.959 6260.867 6036.418 6476.198
2.967 6265.342 6040.845 6480.672
2.976 6269.825 6045.247 6485.189
2.985 6274.318 6049.649 6489.651
2.994 6278.819 6054.091 6494.122
3.003 6283.329 6058.519 6498.651
3.012 6287.848 6063.005 6503.233
3.021 6292.376 6067.489 6507.725
3.03 6296.914 6071.916 6512.321
3.04 6301.46 6076.431 6516.919
3.049 6306.016 6080.892 6521.444
3.058 6310.581 6085.419 6525.999
3.067 6315.156 6089.933 6530.62
3.077 6319.74 6094.483 6535.263
3.086 6324.334 6099.022 6539.829
3.096 6328.937 6103.534 6544.392
3.106 6333.55 6108.06 6549.004
3.115 6338.172 6112.628 6553.615
3.125 6342.804 6117.139 6558.235
3.135 6347.447 6121.667 6562.945
3.145 6352.099 6126.226 6567.571
3.155 6356.761 6130.856 6572.233
3.165 6361.433 6135.435 6576.94
3.175 6366.116 6140.117 6581.624
3.185 6370.808 6144.742 6586.334
3.195 6375.511 6149.403 6591.064
3.205 6380.225 6154.014 6595.735
3.215 6384.948 6158.698 6600.533
3.226 6389.683 6163.313 6605.246
3.236 6394.428 6168.027 6610.066
3.247 6399.183 6172.734 6614.873
3.257 6403.95 6177.399 6619.666
3.268 6408.727 6182.057 6624.435
3.279 6413.515 6186.752 6629.25
3.289 6418.314 6191.495 6634.098
3.3 6423.124 6196.273 6638.936
3.311 6427.945 6201.008 6643.763
3.322 6432.778 6205.741 6648.669
3.333 6437.622 6210.51 6653.557
3.344 6442.477 6215.347 6658.504
3.356 6447.344 6220.201 6663.404
3.367 6452.222 6224.96 6668.327
3.378 6457.112 6229.723 6673.192
3.39 6462.014 6234.515 6678.176
3.401 6466.928 6239.352 6683.163
3.413 6471.853 6244.128 6688.152
3.425 6476.791 6249.084 6693.188
3.436 6481.741 6253.92 6698.164
3.448 6486.702 6258.878 6703.168
3.46 6491.677 6263.801 6708.22
3.472 6496.663 6268.673 6713.221
3.484 6501.662 6273.597 6718.344
3.497 6506.674 6278.522 6723.361
3.509 6511.698 6283.415 6728.521
3.521 6516.735 6288.351 6733.655
3.534 6521.785 6293.352 6738.736
3.546 6526.848 6298.273 6743.833
3.559 6531.923 6303.277 6748.973
3.571 6537.012 6308.229 6754.126
3.584 6542.115 6313.211 6759.327
3.597 6547.23 6318.225 6764.525
3.61 6552.359 6323.346 6769.718
3.623 6557.502 6328.368 6774.904
3.636 6562.658 6333.376 6780.055
3.65 6567.829 6338.42 6785.333
3.663 6573.013 6343.479 6790.607
3.676 6578.211 6348.637 6795.872
3.69 6583.423 6353.741 6801.212
3.704 6588.649 6358.911 6806.49
3.717 6593.89 6364.061 6811.838
3.731 6599.145 6369.243 6817.154
3.745 6604.415 6374.368 6822.396
3.759 6609.699 6379.52 6827.708
3.774 6614.998 6384.693 6833.025
3.788 6620.312 6389.867 6838.381
3.802 6625.641 6395.088 6843.76
3.817 6630.986 6400.348 6849.159
3.831 6636.345 6405.558 6854.624
3.846 6641.72 6410.816 6860.068
3.861 6647.111 6416.08 6865.517
3.876 6652.517 6421.343 6870.943
3.891 6657.939 6426.603 6876.4
3.906 6663.376 6431.91 6881.949
3.922 6668.83 6437.175 6887.502
3.937 6674.3 6442.557 6893.032
3.953 6679.787 6447.899 6898.623
3.968 6685.29 6453.266 6904.19
3.984 6690.809 6458.705 6909.788
4 6696.345 6464.14 6915.304
4.016 6701.898 6469.599 6921.025
4.032 6707.468 6475.091 6926.643
4.049 6713.055 6480.54 6932.334
4.065 6718.66 6486.004 6938.039
4.082 6724.281 6491.496 6943.801
4.098 6729.921 6497.035 6949.437
4.115 6735.578 6502.561 6955.231
4.132 6741.253 6508.06 6960.991
4.149 6746.946 6513.558 6966.734
4.167 6752.658 6519.074 6972.48
4.184 6758.387 6524.609 6978.263
4.202 6764.136 6530.18 6984.063
4.219 6769.902 6535.73 6989.92
4.237 6775.688 6541.331 6995.858
4.255 6781.493 6546.952 7001.781
4.274 6787.317 6552.636 7007.66
4.292 6793.16 6558.367 7013.577
4.31 6799.023 6564.151 7019.452
4.329 6804.906 6569.835 7025.379
4.348 6810.808 6575.575 7031.327
4.367 6816.73 6581.312 7037.29
4.386 6822.673 6587.048 7043.316
4.405 6828.636 6592.795 7049.377
4.425 6834.62 6598.581 7055.439
4.444 6840.624 6604.376 7061.574
4.464 6846.65 6610.118 7067.787
4.484 6852.696 6615.958 7074.004
4.505 6858.764 6621.918 7080.198
4.525 6864.854 6627.806 7086.466
4.545 6870.965 6633.755 7092.623
4.566 6877.099 6639.691 7098.853
4.587 6883.254 6645.599 7105.091
4.608 6889.432 6651.63 7111.343
4.63 6895.632 6657.649 7117.684
4.651 6901.856 6663.764 7123.985
4.673 6908.102 6669.792 7130.325
4.695 6914.372 6675.864 7136.654
4.717 6920.665 6681.897 7143.034
4.739 6926.981 6687.999 7149.462
4.762 6933.322 6694.144 7155.902
4.785 6939.687 6700.223 7162.324
4.808 6946.076 6706.358 7168.831
4.831 6952.49 6712.52 7175.34
4.854 6958.928 6718.745 7181.901
4.878 6965.392 6724.979 7188.516
4.902 6971.882 6731.208 7195.127
4.926 6978.396 6737.533 7201.732
4.95 6984.937 6743.754 7208.401
4.975 6991.504 6750.093 7215.1
5 6998.097 6756.414 7221.861
5.025 7004.717 6762.683 7228.551
5.051 7011.364 6769.084 7235.226
5.076 7018.038 6775.434 7242.059
5.102 7024.74 6781.899 7248.906
5.128 7031.469 6788.409 7255.809
5.155 7038.227 6794.882 7262.721
5.181 7045.012 6801.321 7269.608
5.208 7051.827 6807.863 7276.682
5.236 7058.67 6814.489 7283.683
5.263 7065.543 6821.112 7290.792
5.291 7072.445 6827.813 7297.91
5.319 7079.378 6834.405 7305.077
5.348 7086.34 6841.112 7312.214
5.376 7093.333 6847.823 7319.39
5.405 7100.357 6854.521 7326.589
5.435 7107.412 6861.28 7333.844
5.464 7114.499 6868.09 7341.111
5.495 7121.617 6874.998 7348.446
5.525 7128.768 6881.897 7355.741
5.556 7135.951 6888.81 7363.167
5.587 7143.168 6895.765 7370.559
5.618 7150.418 6902.628 7378.006
5.65 7157.701 6909.69 7385.427
5.682 7165.019 6916.752 7392.881
5.714 7172.371 6923.877 7400.424
5.747 7179.758 6931.03 7408.06
5.78 7187.18 6938.077 7415.621
5.814 7194.638 6945.258 7423.298
5.848 7202.132 6952.39 7430.967
5.882 7209.663 6959.528 7438.764
5.917 7217.231 6966.763 7446.516
5.952 7224.836 6973.995 7454.358
5.988 7232.479 6981.238 7462.232
6.024 7240.16 6988.483 7470.147
6.061 7247.88 6995.896 7478.159
6.098 7255.64 7003.286 7486.135
6.135 7263.439 7010.804 7494.166
6.173 7271.278 7018.204 7502.246
6.211 7279.158 7025.84 7510.441
6.25 7287.079 7033.375 7518.68
6.289 7295.042 7040.978 7526.897
6.329 7303.047 7048.621 7535.09
6.369 7311.095 7056.202 7543.431
6.41 7319.186 7063.841 7551.78
6.452 7327.321 7071.516 7560.166
6.494 7335.501 7079.259 7568.641
6.536 7343.726 7087.088 7577.181
6.579 7351.996 7094.98 7585.776
6.623 7360.312 7102.853 7594.417
6.667 7368.676 7110.796 7603.093
6.711 7377.087 7118.816 7611.872
6.757 7385.545 7126.835 7620.654
6.803 7394.053 7134.816 7629.4
6.849 7402.61 7142.875 7638.337
6.897 7411.217 7150.98 7647.22
6.944 7419.874 7159.215 7656.215
6.993 7428.584 7167.442 7665.155
7.042 7437.345 7175.75 7674.327
7.092 7446.159 7184.139 7683.531
7.143 7455.027 7192.468 7692.762
7.194 7463.949 7200.948 7701.971
7.246 7472.926 7209.336 7711.317
7.299 7481.96 7217.927 7720.725
7.353 7491.05 7226.555 7730.119
7.407 7500.197 7235.187 7739.665
7.463 7509.404 7243.871 7749.11
7.519 7518.669 7252.643 7758.841
7.576 7527.995 7261.519 7768.7
7.634 7537.381 7270.292 7778.616
7.692 7546.83 7279.13 7788.408
7.752 7556.342 7288.126 7798.388
7.812 7565.917 7297.152 7808.326
7.874 7575.558 7306.265 7818.421
7.937 7585.264 7315.331 7828.556
8 7595.038 7324.478 7838.664
8.065 7604.879 7333.712 7848.904
8.13 7614.79 7343.087 7859.401
8.197 7624.77 7352.539 7869.898
8.264 7634.823 7361.97 7880.389
8.333 7644.947 7371.493 7891.153
8.403 7655.146 7381.084 7901.833
8.475 7665.419 7390.65 7912.593
8.547 7675.768 7400.215 7923.43
8.621 7686.195 7409.992 7934.34
8.696 7696.701 7419.662 7945.301
8.772 7707.287 7429.611 7956.566
8.85 7717.955 7439.472 7967.736
8.929 7728.705 7449.372 7978.916
9.009 7739.54 7459.468 7990.444
9.091 7750.461 7469.66 8001.897
9.174 7761.469 7480.005 8013.519
9.259 7772.566 7490.344 8025.256
9.346 7783.754 7500.728 8036.95
9.434 7795.034 7511.182 8048.85
9.524 7806.409 7521.74 8060.888
9.615 7817.879 7532.352 8073.097
9.709 7829.447 7543.027 8085.325
9.804 7841.114 7553.766 8097.71
9.901 7852.883 7564.724 8110.069
10 7864.755 7575.634 8122.793
10.101 7876.733 7586.558 8135.465
10.204 7888.818 7597.696 8148.214
10.309 7901.013 7608.865 8161.241
10.417 7913.32 7620.118 8174.368
10.526 7925.742 7631.502 8187.638
10.638 7938.279 7642.978 8200.945
10.753 7950.936 7654.596 8214.437
10.87 7963.714 7666.23 8228.157
10.989 7976.617 7678.16 8241.876
11.111 7989.646 7690.001 8255.696
11.236 8002.805 7702.193 8269.744
11.364 8016.097 7714.384 8283.883
11.494 8029.524 7726.659 8298.088
11.628 8043.089 7739.01 8312.455
11.765 8056.797 7751.415 8327.35
11.905 8070.649 7764.007 8342.259
12.048 8084.649 7776.709 8357.408
12.195 8098.802 7789.482 8372.624
12.346 8113.11 7802.515 8388.059
12.5 8127.577 7815.615 8403.64
12.658 8142.207 7828.819 8419.276
12.821 8157.005 7842.099 8435.21
12.987 8171.974 7855.771 8451.439
13.158 8187.119 7869.529 8467.648
13.333 8202.445 7883.365 8484.28
13.514 8217.955 7897.486 8501.098
13.699 8233.656 7911.577 8518.008
13.889 8249.552 7925.877 8535.231
14.085 8265.648 7940.283 8552.612
14.286 8281.95 7954.992 8570.317
14.493 8298.465 7969.594 8588.198
14.706 8315.197 7984.598 8606.196
14.925 8332.153 7999.737 8624.718
15.152 8349.34 8014.957 8643.711
15.385 8366.765 8030.597 8662.624
15.625 8384.434 8046.401 8681.89
15.873 8402.356 8062.255 8701.379
16.129 8420.538 8078.453 8721.444
16.393 8438.989 8094.86 8741.877
16.667 8457.716 8111.396 8762.486
16.949 8476.73 8128.269 8783.279
17.241 8496.039 8145.265 8804.391
17.544 8515.655 8162.617 8826.173
17.857 8535.586 8180.168 8848.26
18.182 8555.845 8197.952 8870.805
18.519 8576.443 8216.141 8893.467
18.868 8597.393 8234.65 8916.739
19.231 8618.706 8253.425 8940.261
19.608 8640.399 8272.473 8964.589
20 8662.484 8291.738 8989.358
20.408 8684.977 8311.344 9014.537
20.833 8707.895 8331.163 9040.071
21.277 8731.256 8351.461 9066.096
21.739 8755.076 8372.12 9092.647
22.222 8779.378 8393.105 9119.808
22.727 8804.18 8414.506 9147.404
23.256 8829.507 8436.443 9175.779
23.81 8855.381 8458.668 9204.724
24.39 8881.829 8481.382 9234.617
25 8908.877 8504.617 9265.352
25.641 8936.557 8528.119 9296.436
26.316 8964.899 8552.21 9328.554
27.027 8993.938 8577.041 9361.396
27.778 9023.71 8602.301 9395.522
28.571 9054.258 8628.301 9430.124
29.412 9085.623 8654.794 9465.712
30.303 9117.853 8681.894 9503.153
31.25 9151.001 8709.922 9541.18
32.258 9185.122 8738.744 9580.582
33.333 9220.28 8768.083 9621.349
34.483 9256.542 8798.627 9663.405
35.714 9293.983 8830.005 9706.944
37.037 9332.687 8862.083 9752.181
38.462 9372.747 8895.291 9798.942
40 9414.266 8929.59 9847.384
41.667 9457.36 8965.117 9897.706
43.478 9502.158 9001.859 9950.242
45.455 9548.809 9039.937 10004.876
47.619 9597.48 9079.777 10062.543
50 9648.362 9121.242 10122.434
52.632 9701.676 9164.758 10185.457
55.556 9757.677 9209.766 10251.86
58.824 9816.663 9257.115 10322.141
62.5 9878.987 9306.753 10396.869
66.667 9945.066 9359.047 10476.572
71.429 10015.404 9414.442 10562.037
76.923 10090.613 9473.389 10653.736
83.333 10171.452 9536.778 10752.979
90.909 10258.871 9604.836 10860.713
100 10354.088 9677.977 10977.857
111.111 10458.699 9757.925 11107.243
125 10574.853 9846.281 11252.834
142.857 10705.542 9944.464 11418.246
166.667 10855.12 10055.211 11608.819
200 11030.277 10183.675 11834.43
250 11242.116 10336.692 12110.657
333.333 11511.197 10526.954 12465.997
500 11882.947 10782.322 12965.605
1000 12498.865 11190.102 13822.74
1111.111 12590.383 11248.979 13954.101
1250 12692.048 11313.456 14099.562
1428.571 12806.491 11385.407 14266.591
1666.667 12937.537 11467.167 14456.118
2000 13091.067 11562.249 14682.102
2500 13276.838 11675.419 14957.22
3333.333 13512.92 11815.462 15313.527
5000 13839.239 12006.121 15814.712
10000 14380.149 12307.779 16672.107
