"Pr" "Mp" "Q_2" "Q_9"
1.01 3385.02 2530.224 3902.207
1.011 3417.568 2575.481 3927.626
1.012 3447.841 2617.324 3951.561
1.013 3476.179 2656.332 3974.078
1.014 3502.85 2692.976 3995.472
1.015 3528.066 2727.48 4015.651
1.016 3552.003 2759.859 4034.805
1.017 3574.805 2790.839 4053.123
1.018 3596.591 2819.722 4070.936
1.019 3617.464 2847.876 4087.8
1.02 3637.511 2874.953 4104.053
1.021 3656.806 2900.679 4119.793
1.022 3675.413 2925.406 4135.21
1.024 3693.39 2949.659 4150.182
1.025 3710.786 2972.588 4164.57
1.026 3727.645 2994.822 4178.589
1.027 3744.005 3016.769 4192.251
1.028 3759.902 3038.115 4205.502
1.029 3775.367 3058.498 4218.369
1.03 3790.427 3078.36 4230.871
1.031 3805.107 3097.522 4243.167
1.032 3819.432 3116.486 4255.43
1.033 3833.421 3134.821 4267.147
1.034 3847.094 3152.199 4278.885
1.035 3860.467 3169.413 4290.234
1.036 3873.558 3186.406 4301.349
1.037 3886.381 3202.841 4312.313
1.038 3898.948 3219.127 4323.041
1.04 3911.274 3235.209 4333.739
1.041 3923.369 3250.488 4344.182
1.042 3935.243 3266.007 4354.412
1.043 3946.908 3280.962 4364.502
1.044 3958.373 3295.679 4374.41
1.045 3969.645 3309.965 4384.294
1.046 3980.734 3324.296 4393.903
1.047 3991.647 3338.292 4403.43
1.048 4002.39 3351.911 4412.75
1.049 4012.971 3365.339 4421.881
1.05 4023.397 3378.545 4430.814
1.052 4033.672 3391.672 4439.858
1.053 4043.802 3404.522 4448.675
1.054 4053.794 3417.291 4457.491
1.055 4063.651 3429.755 4466.169
1.056 4073.378 3442.158 4474.837
1.057 4082.981 3454.024 4483.223
1.058 4092.463 3465.811 4491.586
1.059 4101.828 3477.496 4499.879
1.06 4111.079 3489.215 4508.225
1.062 4120.222 3500.664 4516.379
1.063 4129.259 3511.992 4524.361
1.064 4138.193 3523.122 4532.347
1.065 4147.027 3534.151 4540.135
1.066 4155.765 3545.043 4547.886
1.067 4164.409 3555.797 4555.649
1.068 4172.963 3566.331 4563.28
1.07 4181.428 3576.777 4570.942
1.071 4189.807 3587.255 4578.477
1.072 4198.103 3597.561 4585.823
1.073 4206.318 3607.737 4593.266
1.074 4214.453 3617.908 4600.668
1.075 4222.512 3627.874 4607.907
1.076 4230.496 3637.696 4615.212
1.078 4238.407 3647.316 4622.452
1.079 4246.248 3656.896 4629.527
1.08 4254.018 3666.583 4636.53
1.081 4261.722 3676.131 4643.619
1.082 4269.36 3685.566 4650.587
1.083 4276.933 3694.884 4657.486
1.085 4284.444 3704.16 4664.279
1.086 4291.893 3713.337 4671.178
1.087 4299.283 3722.311 4677.838
1.088 4306.614 3731.196 4684.547
1.089 4313.889 3739.924 4691.179
1.091 4321.107 3748.644 4697.737
1.092 4328.271 3757.231 4704.269
1.093 4335.382 3765.792 4710.847
1.094 4342.44 3774.203 4717.354
1.095 4349.448 3782.727 4723.646
1.096 4356.406 3791.157 4730.125
1.098 4363.314 3799.444 4736.531
1.099 4370.175 3807.844 4742.909
1.1 4376.99 3816.055 4749.252
1.101 4383.758 3824.206 4755.48
1.103 4390.481 3832.338 4761.717
1.104 4397.16 3840.264 4767.827
1.105 4403.796 3848.232 4773.929
1.106 4410.39 3855.943 4780.011
1.107 4416.942 3863.73 4786.174
1.109 4423.454 3871.481 4792.161
1.11 4429.925 3879.156 4798.104
1.111 4436.357 3886.807 4804.199
1.112 4442.751 3894.452 4810.096
1.114 4449.108 3902.033 4815.986
1.115 4455.427 3909.576 4821.835
1.116 4461.71 3917.061 4827.659
1.117 4467.957 3924.345 4833.483
1.119 4474.169 3931.787 4839.208
1.12 4480.347 3939.014 4845.024
1.121 4486.491 3946.206 4850.763
1.122 4492.602 3953.446 4856.421
1.124 4498.68 3960.727 4862.168
1.125 4504.726 3967.812 4867.776
1.126 4510.741 3975.073 4873.449
1.127 4516.725 3982.14 4879.08
1.129 4522.678 3989.301 4884.671
1.13 4528.601 3996.225 4890.214
1.131 4534.495 4002.915 4895.742
1.133 4540.359 4009.626 4901.216
1.134 4546.196 4016.527 4906.674
1.135 4552.004 4023.293 4912.096
1.136 4557.785 4029.959 4917.552
1.138 4563.538 4036.723 4923.047
1.139 4569.265 4043.355 4928.377
1.14 4574.966 4050.068 4933.705
1.142 4580.64 4056.748 4939.003
1.143 4586.29 4063.352 4944.293
1.144 4591.914 4070.1 4949.64
1.145 4597.513 4076.609 4954.909
1.147 4603.088 4082.962 4960.188
1.148 4608.639 4089.458 4965.382
1.149 4614.167 4095.755 4970.653
1.151 4619.671 4102.121 4975.844
1.152 4625.153 4108.3 4981.061
1.153 4630.612 4114.65 4986.303
1.155 4636.048 4120.865 4991.459
1.156 4641.463 4127.051 4996.645
1.157 4646.857 4133.141 5001.765
1.159 4652.228 4139.427 5006.95
1.16 4657.579 4145.559 5012.064
1.161 4662.91 4151.661 5017.059
1.163 4668.22 4157.629 5022.145
1.164 4673.51 4163.697 5027.218
1.166 4678.78 4169.581 5032.175
1.167 4684.03 4175.442 5037.192
1.168 4689.262 4181.333 5042.119
1.17 4694.474 4187.326 5047.007
1.171 4699.667 4193.178 5051.917
1.172 4704.843 4199.007 5056.941
1.174 4709.999 4204.835 5061.764
1.175 4715.138 4210.639 5066.724
1.176 4720.259 4216.369 5071.594
1.178 4725.363 4222.109 5076.397
1.179 4730.449 4227.92 5081.252
1.181 4735.519 4233.654 5086.153
1.182 4740.571 4239.318 5091.075
1.183 4745.607 4245.038 5095.933
1.185 4750.627 4250.706 5100.823
1.186 4755.63 4256.305 5105.636
1.188 4760.618 4261.826 5110.402
1.189 4765.589 4267.337 5115.221
1.19 4770.546 4272.928 5120.015
1.192 4775.486 4278.462 5124.748
1.193 4780.412 4283.999 5129.487
1.195 4785.323 4289.493 5134.246
1.196 4790.219 4294.948 5138.935
1.198 4795.1 4300.328 5143.681
1.199 4799.967 4305.853 5148.356
1.2 4804.819 4311.267 5153.11
1.202 4809.658 4316.66 5157.843
1.203 4814.483 4322.017 5162.526
1.205 4819.294 4327.375 5167.185
1.206 4824.091 4332.655 5171.835
1.208 4828.875 4337.951 5176.492
1.209 4833.646 4343.223 5181.096
1.211 4838.404 4348.419 5185.646
1.212 4843.149 4353.718 5190.295
1.214 4847.881 4358.977 5194.873
1.215 4852.601 4364.118 5199.508
1.217 4857.308 4369.267 5204.133
1.218 4862.003 4374.437 5208.694
1.22 4866.686 4379.449 5213.215
1.221 4871.357 4384.621 5217.804
1.222 4876.016 4389.765 5222.392
1.224 4880.663 4394.932 5226.932
1.225 4885.299 4399.949 5231.527
1.227 4889.923 4405.117 5236.072
1.229 4894.536 4410.24 5240.579
1.23 4899.137 4415.289 5245.076
1.232 4903.728 4420.264 5249.564
1.233 4908.308 4425.251 5254.089
1.235 4912.877 4430.301 5258.593
1.236 4917.435 4435.401 5263.069
1.238 4921.983 4440.352 5267.507
1.239 4926.52 4445.385 5272.017
1.241 4931.047 4450.327 5276.495
1.242 4935.564 4455.216 5280.9
1.244 4940.071 4460.016 5285.337
1.245 4944.567 4464.875 5289.792
1.247 4949.054 4469.644 5294.202
1.248 4953.531 4474.403 5298.513
1.25 4957.999 4479.254 5302.937
1.252 4962.457 4484.014 5307.224
1.253 4966.906 4488.907 5311.674
1.255 4971.345 4493.691 5316.003
1.256 4975.775 4498.484 5320.352
1.258 4980.196 4503.287 5324.726
1.259 4984.608 4508.098 5329.042
1.261 4989.011 4512.867 5333.446
1.263 4993.406 4517.585 5337.797
1.264 4997.792 4522.35 5342.123
1.266 5002.169 4527.055 5346.403
1.267 5006.537 4531.749 5350.735
1.269 5010.897 4536.388 5355.015
1.271 5015.249 4541.105 5359.341
1.272 5019.593 4545.881 5363.649
1.274 5023.928 4550.505 5367.863
1.276 5028.255 4555.157 5372.155
1.277 5032.575 4559.691 5376.379
1.279 5036.887 4564.228 5380.57
1.28 5041.19 4568.848 5384.785
1.282 5045.486 4573.388 5389.022
1.284 5049.775 4577.977 5393.205
1.285 5054.056 4582.606 5397.495
1.287 5058.329 4587.15 5401.714
1.289 5062.595 4591.7 5405.921
1.29 5066.854 4596.145 5410.099
1.292 5071.106 4600.551 5414.34
1.294 5075.35 4605.122 5418.526
1.295 5079.588 4609.523 5422.704
1.297 5083.818 4613.889 5426.854
1.299 5088.042 4618.308 5431.019
1.3 5092.258 4622.774 5435.229
1.302 5096.468 4627.174 5439.405
1.304 5100.672 4631.589 5443.578
1.305 5104.868 4635.948 5447.759
1.307 5109.059 4640.38 5451.933
1.309 5113.242 4644.674 5456.125
1.311 5117.42 4649.097 5460.205
1.312 5121.591 4653.483 5464.33
1.314 5125.755 4657.817 5468.452
1.316 5129.914 4662.138 5472.583
1.318 5134.066 4666.466 5476.621
1.319 5138.213 4670.788 5480.786
1.321 5142.353 4675.128 5484.992
1.323 5146.488 4679.458 5489.045
1.325 5150.616 4683.794 5493.145
1.326 5154.739 4687.936 5497.249
1.328 5158.856 4692.263 5501.334
1.33 5162.968 4696.466 5505.427
1.332 5167.074 4700.78 5509.499
1.333 5171.174 4705.057 5513.568
1.335 5175.269 4709.311 5517.639
1.337 5179.358 4713.452 5521.685
1.339 5183.442 4717.693 5525.781
1.34 5187.521 4721.805 5529.867
1.342 5191.595 4725.993 5533.947
1.344 5195.663 4730.201 5538
1.346 5199.726 4734.363 5542.072
1.348 5203.784 4738.464 5546.126
1.35 5207.838 4742.64 5550.117
1.351 5211.886 4746.813 5554.095
1.353 5215.929 4750.999 5558.133
1.355 5219.968 4755.097 5562.135
1.357 5224.001 4759.262 5566.148
1.359 5228.03 4763.44 5570.144
1.361 5232.054 4767.652 5574.109
1.362 5236.074 4771.871 5578.143
1.364 5240.089 4775.991 5582.126
1.366 5244.1 4780.116 5586.149
1.368 5248.106 4784.277 5590.184
1.37 5252.107 4788.428 5594.137
1.372 5256.105 4792.554 5598.153
1.374 5260.098 4796.559 5602.038
1.376 5264.086 4800.623 5606.014
1.377 5268.071 4804.608 5609.956
1.379 5272.051 4808.603 5613.916
1.381 5276.027 4812.682 5617.857
1.383 5279.999 4816.646 5621.866
1.385 5283.967 4820.715 5625.832
1.387 5287.931 4824.679 5629.824
1.389 5291.892 4828.724 5633.795
1.391 5295.848 4832.783 5637.745
1.393 5299.8 4836.789 5641.721
1.395 5303.749 4840.749 5645.675
1.397 5307.694 4844.772 5649.606
1.399 5311.635 4848.813 5653.634
1.401 5315.572 4852.862 5657.581
1.403 5319.506 4856.918 5661.516
1.404 5323.437 4860.983 5665.47
1.406 5327.364 4865.021 5669.42
1.408 5331.287 4868.959 5673.37
1.41 5335.207 4872.877 5677.274
1.412 5339.123 4876.808 5681.161
1.414 5343.036 4880.744 5685.104
1.416 5346.946 4884.729 5689.039
1.418 5350.853 4888.711 5692.992
1.42 5354.756 4892.7 5696.949
1.422 5358.656 4896.637 5700.845
1.425 5362.553 4900.478 5704.775
1.427 5366.447 4904.313 5708.713
1.429 5370.338 4908.246 5712.65
1.431 5374.226 4912.167 5716.583
1.433 5378.111 4916.118 5720.539
1.435 5381.992 4920.029 5724.43
1.437 5385.871 4923.993 5728.341
1.439 5389.748 4927.864 5732.185
1.441 5393.621 4931.819 5736.1
1.443 5397.491 4935.664 5739.996
1.445 5401.359 4939.411 5743.934
1.447 5405.224 4943.24 5747.835
1.449 5409.086 4947.107 5751.712
1.451 5412.946 4950.957 5755.533
1.453 5416.803 4954.84 5759.456
1.456 5420.658 4958.664 5763.34
1.458 5424.51 4962.535 5767.17
1.46 5428.359 4966.31 5771.042
1.462 5432.206 4970.144 5774.936
1.464 5436.051 4973.899 5778.764
1.466 5439.893 4977.739 5782.586
1.468 5443.733 4981.471 5786.432
1.471 5447.571 4985.214 5790.3
1.473 5451.406 4989.076 5794.175
1.475 5455.239 4992.917 5798.049
1.477 5459.07 4996.647 5801.837
1.479 5462.899 5000.399 5805.682
1.481 5466.725 5004.117 5809.561
1.484 5470.55 5007.798 5813.343
1.486 5474.372 5011.62 5817.18
1.488 5478.192 5015.383 5821.001
1.49 5482.011 5019.156 5824.889
1.493 5485.827 5022.926 5828.753
1.495 5489.641 5026.763 5832.587
1.497 5493.454 5030.455 5836.465
1.499 5497.265 5034.215 5840.287
1.502 5501.073 5038.022 5844.117
1.504 5504.88 5041.877 5847.989
1.506 5508.686 5045.569 5851.866
1.508 5512.489 5049.347 5855.734
1.511 5516.291 5053.03 5859.611
1.513 5520.091 5056.687 5863.444
1.515 5523.89 5060.42 5867.285
1.517 5527.687 5064.195 5871.186
1.52 5531.482 5067.917 5875.082
1.522 5535.276 5071.59 5878.915
1.524 5539.068 5075.318 5882.758
1.527 5542.859 5079.077 5886.619
1.529 5546.648 5082.806 5890.455
1.531 5550.436 5086.609 5894.239
1.534 5554.222 5090.294 5898.141
1.536 5558.007 5094.05 5901.938
1.538 5561.791 5097.851 5905.732
1.541 5565.573 5101.525 5909.524
1.543 5569.355 5105.206 5913.322
1.546 5573.134 5108.909 5917.162
1.548 5576.913 5112.627 5920.956
1.55 5580.691 5116.32 5924.773
1.553 5584.467 5120.037 5928.635
1.555 5588.242 5123.705 5932.505
1.558 5592.016 5127.483 5936.318
1.56 5595.79 5131.142 5940.109
1.563 5599.562 5134.858 5943.911
1.565 5603.333 5138.572 5947.806
1.567 5607.103 5142.308 5951.618
1.57 5610.872 5145.909 5955.461
1.572 5614.64 5149.587 5959.266
1.575 5618.407 5153.297 5963.044
1.577 5622.174 5157.004 5966.885
1.58 5625.939 5160.711 5970.699
1.582 5629.704 5164.35 5974.595
1.585 5633.468 5167.955 5978.399
1.587 5637.231 5171.601 5982.22
1.59 5640.993 5175.204 5986.03
1.592 5644.755 5178.879 5989.792
1.595 5648.516 5182.486 5993.535
1.597 5652.277 5186.128 5997.358
1.6 5656.037 5189.792 6001.085
1.603 5659.796 5193.485 6004.887
1.605 5663.555 5197.077 6008.669
1.608 5667.313 5200.723 6012.48
1.61 5671.07 5204.375 6016.402
1.613 5674.827 5208.048 6020.241
1.616 5678.584 5211.763 6024.073
1.618 5682.34 5215.392 6027.842
1.621 5686.096 5219.081 6031.629
1.623 5689.852 5222.687 6035.48
1.626 5693.607 5226.234 6039.222
1.629 5697.362 5229.846 6043.081
1.631 5701.116 5233.443 6046.905
1.634 5704.871 5237.018 6050.762
1.637 5708.625 5240.702 6054.54
1.639 5712.378 5244.308 6058.407
1.642 5716.132 5247.933 6062.22
1.645 5719.885 5251.646 6065.953
1.647 5723.639 5255.19 6069.737
1.65 5727.392 5258.78 6073.603
1.653 5731.145 5262.483 6077.412
1.656 5734.898 5266.113 6081.207
1.658 5738.651 5269.677 6085.021
1.661 5742.404 5273.269 6088.879
1.664 5746.157 5276.879 6092.675
1.667 5749.91 5280.548 6096.532
1.669 5753.663 5284.171 6100.318
1.672 5757.417 5287.783 6104.105
1.675 5761.17 5291.337 6107.922
1.678 5764.924 5294.915 6111.678
1.681 5768.677 5298.453 6115.509
1.684 5772.431 5302.067 6119.298
1.686 5776.185 5305.679 6123.129
1.689 5779.94 5309.292 6126.889
1.692 5783.694 5312.891 6130.638
1.695 5787.449 5316.482 6134.446
1.698 5791.204 5320.072 6138.222
1.701 5794.96 5323.692 6142.112
1.704 5798.716 5327.334 6145.943
1.706 5802.472 5330.881 6149.744
1.709 5806.229 5334.517 6153.623
1.712 5809.986 5338.109 6157.423
1.715 5813.744 5341.649 6161.239
1.718 5817.502 5345.209 6165.049
1.721 5821.261 5348.747 6168.873
1.724 5825.02 5352.379 6172.702
1.727 5828.78 5355.91 6176.429
1.73 5832.54 5359.473 6180.25
1.733 5836.301 5363.078 6184.025
1.736 5840.063 5366.716 6187.841
1.739 5843.826 5370.222 6191.659
1.742 5847.589 5373.921 6195.456
1.745 5851.352 5377.567 6199.307
1.748 5855.117 5381.085 6203.139
1.751 5858.882 5384.71 6206.906
1.754 5862.648 5388.27 6210.801
1.757 5866.415 5391.831 6214.564
1.761 5870.183 5395.437 6218.368
1.764 5873.952 5399.023 6222.175
1.767 5877.721 5402.619 6225.951
1.77 5881.492 5406.213 6229.79
1.773 5885.263 5409.834 6233.635
1.776 5889.036 5413.444 6237.438
1.779 5892.809 5416.99 6241.255
1.783 5896.583 5420.622 6245.094
1.786 5900.359 5424.206 6248.932
1.789 5904.135 5427.698 6252.803
1.792 5907.913 5431.242 6256.628
1.795 5911.692 5434.866 6260.502
1.799 5915.471 5438.391 6264.317
1.802 5919.252 5441.979 6268.182
1.805 5923.035 5445.587 6272.023
1.808 5926.818 5449.142 6275.904
1.812 5930.603 5452.83 6279.785
1.815 5934.389 5456.397 6283.571
1.818 5938.176 5460.004 6287.399
1.821 5941.964 5463.616 6291.24
1.825 5945.754 5467.209 6295.062
1.828 5949.545 5470.761 6298.948
1.832 5953.338 5474.301 6302.82
1.835 5957.132 5477.987 6306.58
1.838 5960.927 5481.52 6310.394
1.842 5964.724 5485.089 6314.23
1.845 5968.523 5488.597 6318.096
1.848 5972.323 5492.198 6321.971
1.852 5976.124 5495.825 6325.813
1.855 5979.927 5499.413 6329.652
1.859 5983.732 5502.995 6333.549
1.862 5987.538 5506.58 6337.413
1.866 5991.346 5510.211 6341.276
1.869 5995.155 5513.797 6345.149
1.873 5998.966 5517.45 6349.03
1.876 6002.779 5521.079 6352.911
1.88 6006.594 5524.732 6356.737
1.883 6010.41 5528.328 6360.631
1.887 6014.228 5531.973 6364.491
1.89 6018.048 5535.55 6368.351
1.894 6021.87 5539.102 6372.197
1.898 6025.694 5542.736 6376.101
1.901 6029.519 5546.349 6380.023
1.905 6033.347 5549.988 6383.908
1.908 6037.176 5553.544 6387.812
1.912 6041.008 5557.183 6391.7
1.916 6044.841 5560.792 6395.566
1.919 6048.676 5564.42 6399.432
1.923 6052.514 5568.038 6403.336
1.927 6056.353 5571.697 6407.287
1.931 6060.194 5575.288 6411.159
1.934 6064.038 5578.846 6415.013
1.938 6067.884 5582.446 6418.897
1.942 6071.732 5586.032 6422.77
1.946 6075.582 5589.703 6426.701
1.949 6079.434 5593.332 6430.695
1.953 6083.289 5596.99 6434.544
1.957 6087.146 5600.658 6438.46
1.961 6091.005 5604.246 6442.395
1.965 6094.866 5607.908 6446.239
1.969 6098.73 5611.554 6450.162
1.972 6102.596 5615.167 6454.107
1.976 6106.465 5618.742 6458.005
1.98 6110.336 5622.384 6461.968
1.984 6114.209 5626.042 6465.895
1.988 6118.085 5629.758 6469.889
1.992 6121.963 5633.362 6473.792
1.996 6125.844 5636.995 6477.748
2 6129.728 5640.675 6481.617
2.004 6133.614 5644.37 6485.518
2.008 6137.502 5648.008 6489.4
2.012 6141.393 5651.765 6493.382
2.016 6145.287 5655.439 6497.312
2.02 6149.184 5659.182 6501.292
2.024 6153.083 5662.862 6505.284
2.028 6156.985 5666.513 6509.311
2.033 6160.89 5670.209 6513.261
2.037 6164.798 5673.832 6517.203
2.041 6168.708 5677.489 6521.171
2.045 6172.621 5681.133 6525.123
2.049 6176.537 5684.809 6529.065
2.053 6180.456 5688.567 6533.023
2.058 6184.378 5692.209 6537.013
2.062 6188.303 5695.94 6540.99
2.066 6192.231 5699.643 6544.961
2.07 6196.162 5703.317 6548.925
2.075 6200.096 5707.025 6552.866
2.079 6204.033 5710.714 6556.803
2.083 6207.973 5714.43 6560.844
2.088 6211.916 5718.129 6564.789
2.092 6215.863 5721.901 6568.809
2.096 6219.812 5725.585 6572.845
2.101 6223.765 5729.299 6576.85
2.105 6227.721 5732.977 6580.901
2.11 6231.68 5736.613 6584.899
2.114 6235.643 5740.22 6588.949
2.119 6239.608 5743.945 6592.978
2.123 6243.578 5747.651 6597.025
2.128 6247.55 5751.42 6601.031
2.132 6251.526 5755.113 6605.051
2.137 6255.505 5758.861 6609.152
2.141 6259.488 5762.598 6613.164
2.146 6263.475 5766.283 6617.201
2.151 6267.465 5769.99 6621.339
2.155 6271.458 5773.757 6625.454
2.16 6275.455 5777.457 6629.501
2.165 6279.456 5781.126 6633.586
2.169 6283.46 5784.89 6637.596
2.174 6287.468 5788.606 6641.655
2.179 6291.479 5792.383 6645.724
2.183 6295.495 5796.115 6649.824
2.188 6299.514 5799.808 6653.864
2.193 6303.537 5803.612 6657.925
2.198 6307.563 5807.352 6662.012
2.203 6311.594 5811.137 6666.161
2.208 6315.628 5814.97 6670.303
2.212 6319.666 5818.702 6674.359
2.217 6323.709 5822.578 6678.489
2.222 6327.755 5826.432 6682.59
2.227 6331.805 5830.191 6686.756
2.232 6335.86 5833.923 6690.882
2.237 6339.918 5837.695 6694.996
2.242 6343.98 5841.475 6699.122
2.247 6348.047 5845.27 6703.309
2.252 6352.118 5849.15 6707.423
2.257 6356.193 5852.937 6711.584
2.262 6360.272 5856.759 6715.687
2.268 6364.355 5860.513 6719.845
2.273 6368.443 5864.285 6724.031
2.278 6372.535 5868.1 6728.136
2.283 6376.631 5871.949 6732.322
2.288 6380.732 5875.767 6736.421
2.294 6384.837 5879.627 6740.587
2.299 6388.947 5883.441 6744.725
2.304 6393.061 5887.301 6748.888
2.309 6397.18 5891.128 6753.072
2.315 6401.303 5895.004 6757.177
2.32 6405.431 5898.828 6761.377
2.326 6409.563 5902.657 6765.618
2.331 6413.7 5906.545 6769.8
2.336 6417.842 5910.367 6773.974
2.342 6421.989 5914.22 6778.174
2.347 6426.14 5918.05 6782.372
2.353 6430.296 5921.954 6786.54
2.358 6434.457 5925.823 6790.737
2.364 6438.623 5929.714 6794.92
2.37 6442.793 5933.568 6799.133
2.375 6446.969 5937.452 6803.395
2.381 6451.149 5941.361 6807.601
2.387 6455.335 5945.217 6811.841
2.392 6459.526 5949.069 6816.032
2.398 6463.721 5952.96 6820.292
2.404 6467.922 5956.886 6824.59
2.41 6472.128 5960.755 6828.862
2.415 6476.339 5964.679 6833.196
2.421 6480.556 5968.592 6837.413
2.427 6484.777 5972.563 6841.692
2.433 6489.004 5976.502 6846.033
2.439 6493.237 5980.42 6850.328
2.445 6497.474 5984.431 6854.663
2.451 6501.717 5988.394 6858.993
2.457 6505.966 5992.407 6863.298
2.463 6510.22 5996.375 6867.677
2.469 6514.48 6000.282 6871.977
2.475 6518.745 6004.181 6876.307
2.481 6523.016 6008.138 6880.608
2.488 6527.292 6012.107 6884.977
2.494 6531.574 6016.031 6889.261
2.5 6535.862 6020.119 6893.652
2.506 6540.156 6024.1 6898.068
2.513 6544.455 6028.075 6902.392
2.519 6548.76 6032.121 6906.817
2.525 6553.071 6036.125 6911.191
2.532 6557.389 6040.193 6915.523
2.538 6561.712 6044.325 6919.876
2.545 6566.041 6048.31 6924.288
2.551 6570.376 6052.307 6928.772
2.558 6574.717 6056.288 6933.158
2.564 6579.065 6060.368 6937.559
2.571 6583.418 6064.399 6941.942
2.577 6587.778 6068.444 6946.265
2.584 6592.144 6072.5 6950.72
2.591 6596.516 6076.563 6955.188
2.597 6600.895 6080.596 6959.592
2.604 6605.28 6084.721 6963.978
2.611 6609.672 6088.775 6968.388
2.618 6614.07 6092.825 6972.826
2.625 6618.475 6096.909 6977.307
2.632 6622.886 6101.015 6981.783
2.639 6627.304 6105.122 6986.243
2.646 6631.728 6109.289 6990.698
2.653 6636.16 6113.414 6995.197
2.66 6640.598 6117.52 6999.695
2.667 6645.043 6121.587 7004.217
2.674 6649.494 6125.708 7008.744
2.681 6653.953 6129.839 7013.311
2.688 6658.418 6133.903 7017.757
2.695 6662.891 6138.031 7022.297
2.703 6667.371 6142.169 7026.855
2.71 6671.857 6146.343 7031.407
2.717 6676.351 6150.586 7036.043
2.725 6680.852 6154.742 7040.608
2.732 6685.361 6158.944 7045.217
2.74 6689.876 6163.119 7049.702
2.747 6694.399 6167.322 7054.252
2.755 6698.929 6171.504 7058.833
2.762 6703.467 6175.72 7063.516
2.77 6708.013 6179.938 7068.066
2.778 6712.565 6184.138 7072.631
2.786 6717.126 6188.359 7077.279
2.793 6721.694 6192.593 7081.929
2.801 6726.27 6196.832 7086.578
2.809 6730.853 6201.245 7091.208
2.817 6735.445 6205.511 7095.879
2.825 6740.044 6209.818 7100.509
2.833 6744.651 6214.096 7105.091
2.841 6749.267 6218.341 7109.713
2.849 6753.89 6222.625 7114.398
2.857 6758.521 6226.922 7119.067
2.865 6763.161 6231.227 7123.743
2.874 6767.808 6235.599 7128.357
2.882 6772.464 6239.964 7133.12
2.89 6777.128 6244.264 7137.797
2.899 6781.801 6248.597 7142.535
2.907 6786.482 6252.961 7147.276
2.915 6791.172 6257.288 7151.977
2.924 6795.87 6261.617 7156.724
2.933 6800.577 6265.998 7161.433
2.941 6805.292 6270.398 7166.295
2.95 6810.016 6274.746 7171.048
2.959 6814.749 6279.073 7175.839
2.967 6819.491 6283.501 7180.588
2.976 6824.242 6287.891 7185.323
2.985 6829.001 6292.346 7190.129
2.994 6833.77 6296.756 7194.982
3.003 6838.548 6301.219 7199.769
3.012 6843.335 6305.639 7204.664
3.021 6848.131 6310.079 7209.528
3.03 6852.937 6314.424 7214.45
3.04 6857.752 6318.797 7219.381
3.049 6862.576 6323.267 7224.326
3.058 6867.41 6327.714 7229.242
3.067 6872.254 6332.208 7234.142
3.077 6877.107 6336.716 7239.06
3.086 6881.969 6341.282 7244
3.096 6886.842 6345.838 7248.944
3.106 6891.724 6350.466 7253.886
3.115 6896.617 6355.002 7258.822
3.125 6901.519 6359.613 7263.769
3.135 6906.431 6364.189 7268.824
3.145 6911.354 6368.663 7273.852
3.155 6916.287 6373.281 7278.879
3.165 6921.23 6377.888 7283.921
3.175 6926.183 6382.472 7289.021
3.185 6931.147 6387.148 7294.069
3.195 6936.121 6391.806 7299.157
3.205 6941.106 6396.374 7304.151
3.215 6946.101 6401.059 7309.166
3.226 6951.107 6405.722 7314.248
3.236 6956.124 6410.298 7319.325
3.247 6961.152 6415 7324.369
3.257 6966.191 6419.664 7329.44
3.268 6971.241 6424.312 7334.495
3.279 6976.302 6428.992 7339.549
3.289 6981.374 6433.661 7344.687
3.3 6986.457 6438.346 7349.79
3.311 6991.552 6443.107 7354.943
3.322 6996.659 6447.733 7359.991
3.333 7001.776 6452.44 7365.234
3.344 7006.906 6457.169 7370.475
3.356 7012.047 6461.926 7375.695
3.367 7017.2 6466.698 7380.866
3.378 7022.365 6471.479 7386.134
3.39 7027.542 6476.321 7391.345
3.401 7032.731 6481.051 7396.582
3.413 7037.932 6485.91 7401.885
3.425 7043.145 6490.684 7407.117
3.436 7048.371 6495.526 7412.306
3.448 7053.609 6500.375 7417.635
3.46 7058.859 6505.221 7422.968
3.472 7064.122 6510.051 7428.249
3.484 7069.398 6514.934 7433.606
3.497 7074.687 6519.948 7438.969
3.509 7079.988 6524.751 7444.346
3.521 7085.303 6529.624 7449.682
3.534 7090.631 6534.523 7455.077
3.546 7095.972 6539.463 7460.477
3.559 7101.326 6544.373 7465.891
3.571 7106.693 6549.361 7471.39
3.584 7112.075 6554.38 7476.776
3.597 7117.469 6559.372 7482.339
3.61 7122.878 6564.38 7487.74
3.623 7128.3 6569.42 7493.242
3.636 7133.736 6574.382 7498.742
3.65 7139.187 6579.368 7504.27
3.663 7144.651 6584.363 7509.813
3.676 7150.13 6589.438 7515.358
3.69 7155.623 6594.539 7520.994
3.704 7161.13 6599.621 7526.579
3.717 7166.652 6604.658 7532.203
3.731 7172.189 6609.834 7537.782
3.745 7177.741 6615.015 7543.459
3.759 7183.308 6620.122 7549.194
3.774 7188.889 6625.228 7554.825
3.788 7194.486 6630.385 7560.426
3.802 7200.098 6635.601 7566.04
3.817 7205.726 6640.777 7571.785
3.831 7211.369 6646.016 7577.374
3.846 7217.028 6651.191 7583.117
3.861 7222.703 6656.439 7588.919
3.876 7228.394 6661.623 7594.693
3.891 7234.1 6666.8 7600.469
3.906 7239.823 6672.087 7606.295
3.922 7245.563 6677.448 7612.175
3.937 7251.318 6682.774 7617.913
3.953 7257.091 6688.117 7623.786
3.968 7262.88 6693.435 7629.688
3.984 7268.686 6698.785 7635.501
4 7274.509 6704.132 7641.434
4.016 7280.349 6709.531 7647.309
4.032 7286.207 6714.962 7653.193
4.049 7292.082 6720.331 7659.202
4.065 7297.975 6725.71 7665.262
4.082 7303.885 6731.078 7671.317
4.098 7309.813 6736.505 7677.336
4.115 7315.76 6741.981 7683.397
4.132 7321.724 6747.53 7689.547
4.149 7327.707 6753.009 7695.534
4.167 7333.709 6758.459 7701.656
4.184 7339.729 6763.959 7707.836
4.202 7345.768 6769.582 7714.048
4.219 7351.826 6775.266 7720.152
4.237 7357.903 6780.824 7726.387
4.255 7364 6786.4 7732.523
4.274 7370.116 6791.996 7738.722
4.292 7376.252 6797.602 7744.954
4.31 7382.407 6803.222 7751.245
4.329 7388.583 6808.816 7757.643
4.348 7394.779 6814.612 7763.964
4.367 7400.995 6820.286 7770.424
4.386 7407.232 6825.998 7776.87
4.405 7413.49 6831.79 7783.244
4.425 7419.769 6837.429 7789.671
4.444 7426.068 6843.139 7796.072
4.464 7432.39 6848.984 7802.517
4.484 7438.732 6854.873 7809.034
4.505 7445.097 6860.765 7815.476
4.525 7451.483 6866.684 7821.966
4.545 7457.892 6872.503 7828.505
4.566 7464.323 6878.393 7835.088
4.587 7470.776 6884.31 7841.536
4.608 7477.252 6890.293 7848.297
4.63 7483.751 6896.227 7854.921
4.651 7490.274 6902.18 7861.546
4.673 7496.819 6908.222 7868.143
4.695 7503.389 6914.305 7874.92
4.717 7509.982 6920.296 7881.671
4.739 7516.599 6926.414 7888.407
4.762 7523.241 6932.463 7895.157
4.785 7529.907 6938.494 7901.971
4.808 7536.598 6944.565 7908.792
4.831 7543.315 6950.645 7915.758
4.854 7550.056 6956.811 7922.663
4.878 7556.823 6963.019 7929.644
4.902 7563.616 6969.184 7936.662
4.926 7570.434 6975.325 7943.685
4.95 7577.279 6981.605 7950.783
4.975 7584.151 6987.828 7957.947
5 7591.049 6994.096 7964.923
5.025 7597.975 7000.285 7972.055
5.051 7604.928 7006.588 7979.304
5.076 7611.908 7012.934 7986.46
5.102 7618.917 7019.352 7993.633
5.128 7625.953 7025.695 8000.831
5.155 7633.019 7032.108 8008.143
5.181 7640.113 7038.464 8015.6
5.208 7647.236 7044.931 8022.95
5.236 7654.388 7051.468 8030.388
5.263 7661.571 7057.993 8037.81
5.291 7668.783 7064.607 8045.216
5.319 7676.026 7071.168 8052.653
5.348 7683.299 7077.635 8060.194
5.376 7690.603 7084.251 8067.861
5.405 7697.939 7090.938 8075.497
5.435 7705.306 7097.52 8083.117
5.464 7712.706 7104.297 8090.668
5.495 7720.138 7110.973 8098.337
5.525 7727.602 7117.669 8106.144
5.556 7735.1 7124.457 8113.996
5.587 7742.631 7131.298 8121.772
5.618 7750.196 7138.066 8129.731
5.65 7757.795 7144.99 8137.682
5.682 7765.428 7151.822 8145.593
5.714 7773.097 7158.763 8153.565
5.747 7780.801 7165.775 8161.552
5.78 7788.541 7172.737 8169.73
5.814 7796.317 7179.795 8177.728
5.848 7804.13 7186.863 8185.961
5.882 7811.98 7193.87 8194.246
5.917 7819.867 7200.873 8202.442
5.952 7827.792 7208.089 8210.771
5.988 7835.756 7215.318 8219.1
6.024 7843.758 7222.507 8227.497
6.061 7851.8 7229.645 8236.059
6.098 7859.881 7236.982 8244.597
6.135 7868.003 7244.3 8253.238
6.173 7876.165 7251.602 8261.792
6.211 7884.369 7258.99 8270.456
6.25 7892.614 7266.413 8279.031
6.289 7900.902 7273.759 8287.762
6.329 7909.232 7281.287 8296.583
6.369 7917.606 7288.87 8305.367
6.41 7926.023 7296.523 8314.238
6.452 7934.485 7304.041 8323.187
6.494 7942.992 7311.62 8332.091
6.536 7951.545 7319.321 8341.154
6.579 7960.144 7327.017 8350.266
6.623 7968.789 7334.879 8359.396
6.667 7977.482 7342.67 8368.697
6.711 7986.223 7350.507 8378.104
6.757 7995.012 7358.357 8387.431
6.803 8003.851 7366.232 8396.89
6.849 8012.74 7374.344 8406.436
6.897 8021.679 7382.206 8415.856
6.944 8030.67 7390.335 8425.486
6.993 8039.712 7398.446 8435.127
7.042 8048.808 7406.477 8444.827
7.092 8057.956 7414.807 8454.577
7.143 8067.159 7422.996 8464.347
7.194 8076.417 7431.261 8474.39
7.246 8085.731 7439.603 8484.588
7.299 8095.101 7447.996 8494.612
7.353 8104.528 7456.287 8504.771
7.407 8114.014 7464.708 8515.217
7.463 8123.559 7473.22 8525.522
7.519 8133.163 7481.747 8535.934
7.576 8142.829 7490.347 8546.408
7.634 8152.556 7498.931 8557.206
7.692 8162.345 7507.522 8567.747
7.752 8172.198 7516.247 8578.291
7.812 8182.116 7524.996 8589.024
7.874 8192.099 7533.917 8599.822
7.937 8202.149 7542.773 8610.583
8 8212.266 7551.77 8621.577
8.065 8222.452 7560.768 8632.774
8.13 8232.707 7569.83 8643.768
8.197 8243.033 7578.957 8655.016
8.264 8253.431 7588.153 8666.29
8.333 8263.903 7597.475 8677.678
8.403 8274.448 7606.788 8689.326
8.475 8285.069 7616.292 8700.901
8.547 8295.767 7625.713 8712.808
8.621 8306.543 7635.233 8724.65
8.696 8317.398 7644.689 8736.706
8.772 8328.334 7654.44 8748.877
8.85 8339.352 7664.138 8761.106
8.929 8350.453 7674.134 8773.49
9.009 8361.64 7683.995 8785.897
9.091 8372.913 7693.792 8798.698
9.174 8384.273 7703.707 8811.37
9.259 8395.724 7713.679 8824.244
9.346 8407.266 7723.811 8837.339
9.434 8418.9 7734.056 8850.441
9.524 8430.629 7744.132 8863.734
9.615 8442.455 7754.348 8877.094
9.709 8454.379 7764.798 8890.701
9.804 8466.402 7775.118 8904.357
9.901 8478.528 7785.58 8918.116
10 8490.757 7796.244 8931.95
10.101 8503.093 7806.821 8946.109
10.204 8515.536 7817.66 8960.345
10.309 8528.089 7828.448 8974.643
10.417 8540.755 7839.481 8989.177
10.526 8553.536 7850.578 9003.894
10.638 8566.433 7861.643 9018.833
10.753 8579.45 7872.859 9034.149
10.87 8592.589 7884.134 9049.401
10.989 8605.853 7895.486 9064.725
11.111 8619.243 7906.979 9080.436
11.236 8632.764 7918.668 9096.13
11.364 8646.417 7930.501 9112.27
11.494 8660.206 7942.328 9128.452
11.628 8674.134 7954.122 9144.896
11.765 8688.203 7966.226 9161.837
11.905 8702.418 7978.533 9178.481
12.048 8716.782 7990.781 9195.854
12.195 8731.297 8003.196 9213.135
12.346 8745.968 8015.655 9230.796
12.5 8760.798 8028.298 9248.794
12.658 8775.792 8041.004 9267.045
12.821 8790.952 8053.914 9285.324
12.987 8806.285 8066.942 9303.935
13.158 8821.793 8080.191 9322.921
13.333 8837.481 8093.533 9341.753
13.514 8853.354 8107.185 9361.154
13.699 8869.417 8120.872 9380.784
13.889 8885.675 8134.737 9400.953
14.085 8902.133 8148.48 9421.15
14.286 8918.796 8162.558 9441.816
14.493 8935.671 8176.723 9462.771
14.706 8952.763 8191.017 9484.451
14.925 8970.079 8205.559 9506.272
15.152 8987.624 8220.222 9528.259
15.385 9005.407 8235.162 9550.834
15.625 9023.433 8250.111 9573.718
15.873 9041.71 8265.352 9597.265
16.129 9060.247 8280.762 9620.86
16.393 9079.051 8296.353 9645.19
16.667 9098.13 8312.164 9669.716
16.949 9117.494 8328.147 9694.774
17.241 9137.152 8344.332 9719.969
17.544 9157.114 8360.802 9746.066
17.857 9177.39 8377.464 9772.808
18.182 9197.991 8394.373 9799.59
18.519 9218.929 8411.276 9827.162
18.868 9240.215 8428.562 9855.488
19.231 9261.863 8446.159 9884.044
19.608 9283.887 8464.151 9913.617
20 9306.3 8482.535 9943.954
20.408 9329.117 8500.732 9974.726
20.833 9352.355 8519.791 10006.375
21.277 9376.031 8539.018 10038.627
21.739 9400.163 8558.448 10071.556
22.222 9424.77 8578.397 10105.112
22.727 9449.872 8598.594 10139.843
23.256 9475.493 8618.987 10175.447
23.81 9501.654 8640.019 10212.112
24.39 9528.382 8661.133 10249.911
25 9555.703 8682.8 10288.247
25.641 9583.646 8704.794 10328.023
26.316 9612.243 8727.377 10369.024
27.027 9641.526 8750.38 10411.283
27.778 9671.532 8773.669 10454.144
28.571 9702.3 8797.578 10498.938
29.412 9733.873 8822.226 10545.027
30.303 9766.297 8847.159 10592.654
31.25 9799.623 8872.908 10642.479
32.258 9833.904 8899.345 10692.938
33.333 9869.202 8926.296 10745.938
34.483 9905.583 8954.111 10800.753
35.714 9943.121 8982.381 10857.851
37.037 9981.895 9011.563 10917.209
38.462 10021.995 9041.98 10978.804
40 10063.523 9072.862 11042.368
41.667 10106.589 9104.817 11109.025
43.478 10151.319 9137.718 11179.137
45.455 10197.857 9172.116 11252.661
47.619 10246.362 9207.721 11330.612
50 10297.021 9244.682 11412.909
52.632 10350.044 9282.895 11499.761
55.556 10405.679 9322.938 11591.492
58.824 10464.21 9364.443 11688.819
62.5 10525.977 9407.943 11793.103
66.667 10591.379 9453.841 11905.547
71.429 10660.899 9502.282 12025.787
76.923 10735.122 9553.352 12155.463
83.333 10814.772 9607.497 12295.143
90.909 10900.754 9665.658 12450.062
100 10994.228 9727.501 12619.205
111.111 11096.707 9794.886 12809.638
125 11210.228 9868.089 13024.285
142.857 11337.62 9948.768 13270.019
166.667 11482.986 10039.128 13557.234
200 11652.613 10141.627 13902.544
250 11856.896 10261.015 14329.644
333.333 12114.997 10406.761 14893.748
500 12469.011 10594.88 15714.674
1000 13048.876 10878.493 17179.082
1111.111 13134.317 10918.083 17410.255
1250 13229.011 10960.611 17672.226
1428.571 13335.327 11007.456 17968.241
1666.667 13456.702 11059.77 18317.31
2000 13598.405 11119.096 18737.549
2500 13769.141 11188.014 19258.997
3333.333 13984.964 11272.397 19945.725
5000 14281.133 11382.301 20938.096
10000 14766.492 11547.775 22720.526
