"Pr" "Mp" "Q_2" "Q_9"
1.01 3046.431 2643.344 3347.698
1.011 3075.431 2677.172 3374.031
1.012 3102.429 2708.497 3398.526
1.013 3127.723 2738.065 3421.361
1.014 3151.547 2765.745 3442.898
1.015 3174.09 2792.051 3463.251
1.016 3195.505 2816.769 3482.611
1.017 3215.919 2840.477 3501.191
1.018 3235.436 2863.032 3519.022
1.019 3254.147 2884.592 3536.156
1.02 3272.128 2905.334 3552.647
1.021 3289.445 2925.379 3568.616
1.022 3306.155 2944.646 3583.978
1.024 3322.307 2963.432 3598.865
1.025 3337.945 2981.341 3613.099
1.026 3353.108 2998.603 3627.018
1.027 3367.83 3015.575 3640.56
1.028 3382.142 3031.949 3653.666
1.029 3396.071 3048.033 3666.551
1.03 3409.642 3063.596 3679.022
1.031 3422.877 3078.715 3691.286
1.032 3435.797 3093.357 3703.219
1.033 3448.42 3107.64 3714.893
1.034 3460.762 3121.766 3726.386
1.035 3472.839 3135.533 3737.547
1.036 3484.665 3149.042 3748.421
1.037 3496.254 3162.315 3759.07
1.038 3507.616 3175.214 3769.5
1.04 3518.764 3187.922 3779.877
1.041 3529.707 3200.367 3790.057
1.042 3540.455 3212.462 3799.97
1.043 3551.017 3224.428 3809.769
1.044 3561.401 3236.241 3819.368
1.045 3571.615 3247.638 3828.781
1.046 3581.665 3259.023 3838.145
1.047 3591.559 3270.193 3847.327
1.048 3601.303 3281.238 3856.357
1.049 3610.903 3292.042 3865.239
1.05 3620.365 3302.753 3874.042
1.052 3629.693 3313.201 3882.805
1.053 3638.893 3323.661 3891.344
1.054 3647.969 3333.995 3899.795
1.055 3656.926 3343.963 3908.044
1.056 3665.767 3353.924 3916.311
1.057 3674.498 3363.708 3924.433
1.058 3683.121 3373.414 3932.495
1.059 3691.641 3383.143 3940.44
1.06 3700.06 3392.723 3948.32
1.062 3708.382 3402.101 3956.093
1.063 3716.61 3411.318 3963.697
1.064 3724.746 3420.418 3971.264
1.065 3732.794 3429.448 3978.769
1.066 3740.757 3438.393 3986.14
1.067 3748.636 3447.229 3993.529
1.068 3756.434 3455.983 4000.793
1.07 3764.154 3464.576 4008.02
1.071 3771.797 3473.223 4015.208
1.072 3779.367 3481.73 4022.348
1.073 3786.864 3490.094 4029.305
1.074 3794.291 3498.286 4036.283
1.075 3801.649 3506.533 4043.213
1.076 3808.942 3514.734 4050.032
1.078 3816.169 3522.851 4056.872
1.079 3823.333 3530.748 4063.591
1.08 3830.436 3538.628 4070.282
1.081 3837.478 3546.442 4076.808
1.082 3844.462 3554.107 4083.35
1.083 3851.389 3561.823 4089.802
1.085 3858.26 3569.45 4096.23
1.086 3865.077 3577.053 4102.635
1.087 3871.841 3584.611 4108.957
1.088 3878.553 3592.079 4115.203
1.089 3885.214 3599.393 4121.449
1.091 3891.825 3606.751 4127.676
1.092 3898.388 3614.035 4133.792
1.093 3904.903 3621.239 4139.96
1.094 3911.373 3628.422 4146.047
1.095 3917.796 3635.512 4152.14
1.096 3924.176 3642.626 4158.153
1.098 3930.512 3649.595 4164.051
1.099 3936.805 3656.63 4169.986
1.1 3943.057 3663.586 4175.884
1.101 3949.268 3670.517 4181.776
1.103 3955.439 3677.305 4187.585
1.104 3961.571 3684.106 4193.324
1.105 3967.664 3690.755 4199.034
1.106 3973.72 3697.352 4204.74
1.107 3979.739 3703.929 4210.43
1.109 3985.722 3710.556 4216.06
1.11 3991.669 3717.151 4221.703
1.111 3997.581 3723.714 4227.254
1.112 4003.46 3730.234 4232.756
1.114 4009.305 3736.648 4238.338
1.115 4015.117 3743.067 4243.799
1.116 4020.896 3749.449 4249.306
1.117 4026.644 3755.727 4254.788
1.119 4032.361 3761.983 4260.225
1.12 4038.047 3768.148 4265.653
1.121 4043.703 3774.351 4271.061
1.122 4049.33 3780.494 4276.364
1.124 4054.928 3786.723 4281.663
1.125 4060.497 3792.866 4286.939
1.126 4066.038 3798.905 4292.144
1.127 4071.552 3804.927 4297.377
1.129 4077.039 3811.023 4302.566
1.13 4082.499 3816.992 4307.827
1.131 4087.933 3822.996 4312.953
1.133 4093.341 3828.9 4318.134
1.134 4098.724 3834.773 4323.232
1.135 4104.082 3840.63 4328.348
1.136 4109.415 3846.608 4333.412
1.138 4114.725 3852.431 4338.449
1.139 4120.011 3858.172 4343.513
1.14 4125.273 3863.923 4348.46
1.142 4130.513 3869.658 4353.423
1.143 4135.73 3875.362 4358.38
1.144 4140.924 3881.05 4363.367
1.145 4146.097 3886.794 4368.282
1.147 4151.248 3892.444 4373.143
1.148 4156.378 3897.986 4378.003
1.149 4161.487 3903.514 4382.862
1.151 4166.576 3909.074 4387.715
1.152 4171.644 3914.591 4392.55
1.153 4176.692 3920.118 4397.365
1.155 4181.721 3925.628 4402.207
1.156 4186.73 3931.079 4407.024
1.157 4191.72 3936.51 4411.813
1.159 4196.691 3941.937 4416.575
1.16 4201.644 3947.274 4421.292
1.161 4206.578 3952.659 4425.98
1.163 4211.494 3958.009 4430.731
1.164 4216.393 3963.278 4435.425
1.166 4221.274 3968.528 4440.043
1.167 4226.137 3973.897 4444.685
1.168 4230.984 3979.07 4449.316
1.17 4235.814 3984.363 4453.929
1.171 4240.627 3989.599 4458.501
1.172 4245.424 3994.751 4463.055
1.174 4250.205 3999.988 4467.594
1.175 4254.969 4005.142 4472.112
1.176 4259.719 4010.321 4476.641
1.178 4264.452 4015.399 4481.196
1.179 4269.171 4020.547 4485.667
1.181 4273.874 4025.622 4490.169
1.182 4278.563 4030.732 4494.629
1.183 4283.237 4035.836 4499.09
1.185 4287.896 4040.783 4503.55
1.186 4292.541 4045.888 4507.993
1.188 4297.173 4050.859 4512.394
1.189 4301.79 4055.869 4516.826
1.19 4306.393 4060.837 4521.248
1.192 4310.983 4065.785 4525.66
1.193 4315.56 4070.73 4530.045
1.195 4320.123 4075.653 4534.433
1.196 4324.674 4080.582 4538.791
1.198 4329.211 4085.444 4543.166
1.199 4333.736 4090.33 4547.444
1.2 4338.248 4095.213 4551.713
1.202 4342.748 4100.093 4556.08
1.203 4347.236 4104.946 4560.415
1.205 4351.711 4109.747 4564.761
1.206 4356.175 4114.548 4568.992
1.208 4360.627 4119.29 4573.254
1.209 4365.067 4124.029 4577.552
1.211 4369.496 4128.732 4581.773
1.212 4373.913 4133.497 4585.997
1.214 4378.32 4138.243 4590.266
1.215 4382.715 4143.011 4594.485
1.217 4387.099 4147.683 4598.687
1.218 4391.473 4152.386 4602.891
1.22 4395.835 4157.074 4607.047
1.221 4400.188 4161.706 4611.187
1.222 4404.53 4166.44 4615.342
1.224 4408.861 4171.104 4619.485
1.225 4413.183 4175.769 4623.642
1.227 4417.494 4180.446 4627.788
1.229 4421.796 4185.07 4631.907
1.23 4426.087 4189.635 4636.054
1.232 4430.369 4194.206 4640.159
1.233 4434.642 4198.795 4644.23
1.235 4438.905 4203.404 4648.279
1.236 4443.159 4207.989 4652.362
1.238 4447.403 4212.558 4656.478
1.239 4451.638 4217.006 4660.521
1.241 4455.865 4221.51 4664.562
1.242 4460.082 4226.021 4668.551
1.244 4464.291 4230.514 4672.654
1.245 4468.491 4234.986 4676.694
1.247 4472.682 4239.517 4680.769
1.248 4476.865 4244.008 4684.843
1.25 4481.039 4248.526 4688.884
1.252 4485.206 4252.884 4692.857
1.253 4489.363 4257.307 4696.846
1.255 4493.513 4261.78 4700.799
1.256 4497.655 4266.184 4704.798
1.258 4501.789 4270.587 4708.787
1.259 4505.915 4274.946 4712.713
1.261 4510.033 4279.353 4716.729
1.263 4514.144 4283.765 4720.702
1.264 4518.247 4288.182 4724.653
1.266 4522.343 4292.519 4728.569
1.267 4526.431 4296.894 4732.499
1.269 4530.512 4301.197 4736.436
1.271 4534.586 4305.521 4740.351
1.272 4538.652 4309.845 4744.271
1.274 4542.712 4314.15 4748.166
1.276 4546.764 4318.471 4752.052
1.277 4550.81 4322.719 4755.959
1.279 4554.849 4326.971 4759.852
1.28 4558.881 4331.29 4763.732
1.282 4562.906 4335.625 4767.599
1.284 4566.925 4339.842 4771.421
1.285 4570.938 4344.113 4775.247
1.287 4574.943 4348.366 4779.087
1.289 4578.943 4352.596 4782.957
1.29 4582.936 4356.819 4786.869
1.292 4586.923 4361.062 4790.707
1.294 4590.904 4365.228 4794.559
1.295 4594.879 4369.439 4798.386
1.297 4598.848 4373.62 4802.223
1.299 4602.811 4377.806 4806.078
1.3 4606.768 4381.995 4809.87
1.302 4610.719 4386.187 4813.65
1.304 4614.664 4390.388 4817.447
1.305 4618.604 4394.528 4821.254
1.307 4622.539 4398.683 4825.069
1.309 4626.467 4402.857 4828.861
1.311 4630.39 4407.004 4832.628
1.312 4634.308 4411.139 4836.352
1.314 4638.221 4415.292 4840.117
1.316 4642.128 4419.495 4843.878
1.318 4646.03 4423.593 4847.666
1.319 4649.926 4427.719 4851.446
1.321 4653.818 4431.839 4855.177
1.323 4657.705 4436.005 4858.948
1.325 4661.586 4440.144 4862.716
1.326 4665.463 4444.229 4866.441
1.328 4669.335 4448.259 4870.156
1.33 4673.202 4452.329 4873.928
1.332 4677.064 4456.453 4877.628
1.333 4680.922 4460.544 4881.356
1.335 4684.775 4464.618 4885.081
1.337 4688.623 4468.65 4888.8
1.339 4692.467 4472.695 4892.549
1.34 4696.306 4476.764 4896.304
1.342 4700.141 4480.848 4900.053
1.344 4703.972 4484.82 4903.772
1.346 4707.798 4488.878 4907.484
1.348 4711.62 4492.881 4911.193
1.35 4715.437 4496.914 4914.851
1.351 4719.251 4500.937 4918.597
1.353 4723.06 4504.942 4922.265
1.355 4726.866 4509.015 4925.938
1.357 4730.667 4513.071 4929.61
1.359 4734.465 4517.112 4933.297
1.361 4738.258 4521.063 4936.959
1.362 4742.048 4525.046 4940.642
1.364 4745.833 4528.99 4944.325
1.366 4749.615 4532.97 4947.964
1.368 4753.394 4536.927 4951.618
1.37 4757.168 4540.892 4955.26
1.372 4760.939 4544.932 4958.94
1.374 4764.706 4548.969 4962.591
1.376 4768.47 4552.992 4966.246
1.377 4772.231 4556.88 4969.951
1.379 4775.988 4560.86 4973.57
1.381 4779.741 4564.773 4977.275
1.383 4783.491 4568.789 4980.929
1.385 4787.238 4572.756 4984.606
1.387 4790.981 4576.68 4988.262
1.389 4794.722 4580.632 4991.935
1.391 4798.459 4584.568 4995.552
1.393 4802.193 4588.487 4999.167
1.395 4805.923 4592.411 5002.775
1.397 4809.651 4596.306 5006.396
1.399 4813.376 4600.251 5009.993
1.401 4817.098 4604.184 5013.562
1.403 4820.817 4608.124 5017.225
1.404 4824.532 4612.024 5020.872
1.406 4828.245 4615.908 5024.457
1.408 4831.956 4619.817 5028.071
1.41 4835.663 4623.724 5031.655
1.412 4839.368 4627.618 5035.224
1.414 4843.07 4631.488 5038.818
1.416 4846.769 4635.38 5042.409
1.418 4850.466 4639.264 5046.037
1.42 4854.16 4643.126 5049.626
1.422 4857.852 4647.051 5053.229
1.425 4861.541 4650.87 5056.771
1.427 4865.227 4654.727 5060.387
1.429 4868.912 4658.562 5063.956
1.431 4872.593 4662.401 5067.544
1.433 4876.273 4666.255 5071.121
1.435 4879.95 4670.073 5074.672
1.437 4883.625 4673.947 5078.24
1.439 4887.297 4677.793 5081.799
1.441 4890.968 4681.628 5085.329
1.443 4894.636 4685.479 5088.87
1.445 4898.302 4689.301 5092.407
1.447 4901.966 4693.135 5095.979
1.449 4905.628 4696.97 5099.549
1.451 4909.287 4700.817 5103.082
1.453 4912.945 4704.642 5106.66
1.456 4916.601 4708.443 5110.214
1.458 4920.255 4712.259 5113.789
1.46 4923.907 4716.093 5117.366
1.462 4927.557 4719.961 5120.946
1.464 4931.205 4723.805 5124.482
1.466 4934.852 4727.595 5127.998
1.468 4938.496 4731.429 5131.543
1.471 4942.139 4735.211 5135.096
1.473 4945.78 4739.05 5138.603
1.475 4949.42 4742.853 5142.164
1.477 4953.058 4746.69 5145.711
1.479 4956.694 4750.477 5149.281
1.481 4960.329 4754.275 5152.825
1.484 4963.962 4758.093 5156.317
1.486 4967.594 4761.87 5159.92
1.488 4971.224 4765.636 5163.447
1.49 4974.853 4769.398 5166.955
1.493 4978.48 4773.201 5170.48
1.495 4982.106 4776.984 5173.974
1.497 4985.731 4780.787 5177.512
1.499 4989.354 4784.551 5181.004
1.502 4992.976 4788.322 5184.501
1.504 4996.597 4792.058 5188.082
1.506 5000.216 4795.833 5191.62
1.508 5003.835 4799.596 5195.158
1.511 5007.452 4803.407 5198.707
1.513 5011.068 4807.151 5202.265
1.515 5014.683 4810.899 5205.789
1.517 5018.296 4814.631 5209.361
1.52 5021.909 4818.387 5212.913
1.522 5025.521 4822.092 5216.424
1.524 5029.131 4825.833 5219.972
1.527 5032.741 4829.544 5223.556
1.529 5036.35 4833.306 5227.085
1.531 5039.958 4837.024 5230.596
1.534 5043.565 4840.729 5234.148
1.536 5047.171 4844.449 5237.642
1.538 5050.776 4848.182 5241.177
1.541 5054.381 4851.912 5244.689
1.543 5057.985 4855.582 5248.184
1.546 5061.588 4859.287 5251.755
1.548 5065.19 4863.07 5255.273
1.55 5068.792 4866.738 5258.789
1.553 5072.393 4870.406 5262.313
1.555 5075.993 4874.113 5265.837
1.558 5079.593 4877.841 5269.367
1.56 5083.192 4881.516 5272.857
1.563 5086.791 4885.296 5276.381
1.565 5090.389 4888.997 5279.945
1.567 5093.986 4892.768 5283.486
1.57 5097.584 4896.502 5287.048
1.572 5101.18 4900.238 5290.536
1.575 5104.777 4903.934 5294.088
1.577 5108.373 4907.593 5297.583
1.58 5111.968 4911.26 5301.084
1.582 5115.563 4914.982 5304.591
1.585 5119.158 4918.664 5308.115
1.587 5122.753 4922.386 5311.634
1.59 5126.348 4926.07 5315.156
1.592 5129.942 4929.769 5318.708
1.595 5133.536 4933.469 5322.206
1.597 5137.13 4937.193 5325.68
1.6 5140.723 4940.879 5329.18
1.603 5144.317 4944.568 5332.666
1.605 5147.91 4948.257 5336.202
1.608 5151.504 4951.909 5339.676
1.61 5155.097 4955.579 5343.194
1.613 5158.691 4959.248 5346.678
1.616 5162.284 4962.901 5350.223
1.618 5165.877 4966.603 5353.728
1.621 5169.471 4970.284 5357.265
1.623 5173.064 4973.978 5360.809
1.626 5176.658 4977.653 5364.377
1.629 5180.252 4981.323 5367.896
1.631 5183.846 4985.06 5371.405
1.634 5187.44 4988.737 5374.911
1.637 5191.035 4992.45 5378.478
1.639 5194.629 4996.202 5382.019
1.642 5198.224 4999.87 5385.578
1.645 5201.819 5003.55 5389.105
1.647 5205.415 5007.251 5392.63
1.65 5209.011 5010.929 5396.17
1.653 5212.607 5014.604 5399.719
1.656 5216.204 5018.303 5403.264
1.658 5219.801 5021.935 5406.769
1.661 5223.398 5025.582 5410.276
1.664 5226.996 5029.292 5413.819
1.667 5230.595 5032.994 5417.354
1.669 5234.193 5036.734 5420.833
1.672 5237.793 5040.404 5424.352
1.675 5241.393 5044.144 5427.89
1.678 5244.994 5047.834 5431.385
1.681 5248.595 5051.564 5434.943
1.684 5252.197 5055.252 5438.514
1.686 5255.799 5058.932 5442.066
1.689 5259.403 5062.603 5445.598
1.692 5263.007 5066.298 5449.13
1.695 5266.611 5070.018 5452.665
1.698 5270.217 5073.662 5456.258
1.701 5273.823 5077.357 5459.783
1.704 5277.43 5081.064 5463.309
1.706 5281.038 5084.733 5466.85
1.709 5284.647 5088.497 5470.411
1.712 5288.256 5092.17 5473.91
1.715 5291.867 5095.887 5477.464
1.718 5295.478 5099.572 5481.017
1.721 5299.091 5103.23 5484.53
1.724 5302.704 5106.896 5488.124
1.727 5306.319 5110.614 5491.71
1.73 5309.934 5114.312 5495.283
1.733 5313.551 5118.018 5498.791
1.736 5317.168 5121.687 5502.361
1.739 5320.787 5125.396 5505.967
1.742 5324.407 5129.072 5509.563
1.745 5328.028 5132.755 5513.151
1.748 5331.65 5136.487 5516.72
1.751 5335.273 5140.157 5520.258
1.754 5338.898 5143.865 5523.88
1.757 5342.523 5147.556 5527.446
1.761 5346.15 5151.206 5530.987
1.764 5349.779 5154.927 5534.518
1.767 5353.409 5158.584 5538.053
1.77 5357.04 5162.278 5541.634
1.773 5360.672 5165.966 5545.213
1.776 5364.306 5169.684 5548.818
1.779 5367.941 5173.351 5552.429
1.783 5371.578 5177.094 5556.003
1.786 5375.216 5180.817 5559.582
1.789 5378.855 5184.493 5563.173
1.792 5382.496 5188.232 5566.805
1.795 5386.139 5191.965 5570.466
1.799 5389.783 5195.685 5574.065
1.802 5393.429 5199.393 5577.671
1.805 5397.076 5203.059 5581.245
1.808 5400.726 5206.783 5584.86
1.812 5404.376 5210.453 5588.525
1.815 5408.029 5214.124 5592.171
1.818 5411.683 5217.821 5595.762
1.821 5415.339 5221.559 5599.417
1.825 5418.996 5225.258 5603.053
1.828 5422.655 5229.001 5606.668
1.832 5426.317 5232.762 5610.333
1.835 5429.98 5236.501 5613.968
1.838 5433.644 5240.21 5617.624
1.842 5437.311 5243.883 5621.253
1.845 5440.98 5247.637 5624.839
1.848 5444.65 5251.403 5628.463
1.852 5448.323 5255.134 5632.062
1.855 5451.997 5258.833 5635.684
1.859 5455.674 5262.526 5639.316
1.862 5459.352 5266.301 5642.878
1.866 5463.033 5270.009 5646.486
1.869 5466.716 5273.73 5650.167
1.873 5470.4 5277.497 5653.827
1.876 5474.087 5281.23 5657.458
1.88 5477.776 5284.972 5661.159
1.883 5481.468 5288.688 5664.785
1.887 5485.161 5292.465 5668.444
1.89 5488.857 5296.28 5672.131
1.894 5492.554 5299.983 5675.79
1.898 5496.255 5303.73 5679.441
1.901 5499.957 5307.503 5683.051
1.905 5503.662 5311.297 5686.707
1.908 5507.369 5315.031 5690.411
1.912 5511.079 5318.805 5694.136
1.916 5514.79 5322.517 5697.805
1.919 5518.505 5326.26 5701.48
1.923 5522.222 5330.03 5705.11
1.927 5525.941 5333.82 5708.771
1.931 5529.663 5337.545 5712.46
1.934 5533.387 5341.294 5716.18
1.938 5537.114 5345.09 5719.908
1.942 5540.843 5348.878 5723.589
1.946 5544.575 5352.66 5727.256
1.949 5548.31 5356.415 5730.943
1.953 5552.047 5360.196 5734.655
1.957 5555.787 5363.93 5738.415
1.961 5559.53 5367.717 5742.139
1.965 5563.276 5371.533 5745.814
1.969 5567.024 5375.295 5749.559
1.972 5570.775 5379.102 5753.261
1.976 5574.529 5382.871 5756.982
1.98 5578.285 5386.672 5760.785
1.984 5582.045 5390.483 5764.463
1.988 5585.807 5394.276 5768.224
1.992 5589.573 5398.074 5771.953
1.996 5593.341 5401.899 5775.69
2 5597.112 5405.698 5779.443
2.004 5600.887 5409.546 5783.195
2.008 5604.664 5413.372 5786.909
2.012 5608.444 5417.193 5790.706
2.016 5612.228 5421.007 5794.479
2.02 5616.014 5424.809 5798.203
2.024 5619.804 5428.597 5801.978
2.028 5623.597 5432.458 5805.709
2.033 5627.393 5436.308 5809.514
2.037 5631.192 5440.144 5813.276
2.041 5634.995 5444.008 5817.045
2.045 5638.8 5447.846 5820.803
2.049 5642.609 5451.653 5824.547
2.053 5646.422 5455.508 5828.343
2.058 5650.238 5459.371 5832.098
2.062 5654.057 5463.179 5835.87
2.066 5657.879 5467.006 5839.648
2.07 5661.705 5470.854 5843.447
2.075 5665.535 5474.673 5847.235
2.079 5669.368 5478.559 5851.047
2.083 5673.204 5482.426 5854.867
2.088 5677.044 5486.252 5858.714
2.092 5680.888 5490.106 5862.524
2.096 5684.735 5493.941 5866.372
2.101 5688.586 5497.789 5870.194
2.105 5692.441 5501.697 5874.039
2.11 5696.299 5505.583 5877.875
2.114 5700.161 5509.449 5881.71
2.119 5704.027 5513.357 5885.541
2.123 5707.896 5517.218 5889.394
2.128 5711.77 5521.127 5893.248
2.132 5715.647 5524.996 5897.1
2.137 5719.528 5528.908 5900.945
2.141 5723.413 5532.779 5904.814
2.146 5727.302 5536.71 5908.658
2.151 5731.195 5540.657 5912.568
2.155 5735.091 5544.573 5916.49
2.16 5738.992 5548.473 5920.411
2.165 5742.897 5552.392 5924.314
2.169 5746.806 5556.291 5928.207
2.174 5750.719 5560.214 5932.123
2.179 5754.637 5564.176 5936.046
2.183 5758.558 5568.139 5939.934
2.188 5762.484 5572.095 5943.867
2.193 5766.414 5575.999 5947.765
2.198 5770.348 5579.95 5951.67
2.203 5774.287 5583.871 5955.615
2.208 5778.229 5587.872 5959.574
2.212 5782.177 5591.86 5963.51
2.217 5786.128 5595.778 5967.419
2.222 5790.084 5599.755 5971.405
2.227 5794.045 5603.716 5975.37
2.232 5798.01 5607.698 5979.384
2.237 5801.98 5611.674 5983.36
2.242 5805.954 5615.694 5987.318
2.247 5809.932 5619.653 5991.296
2.252 5813.916 5623.615 5995.319
2.257 5817.904 5627.615 5999.302
2.262 5821.896 5631.627 6003.248
2.268 5825.894 5635.637 6007.196
2.273 5829.896 5639.661 6011.166
2.278 5833.903 5643.689 6015.153
2.283 5837.915 5647.706 6019.142
2.288 5841.932 5651.679 6023.119
2.294 5845.953 5655.702 6027.106
2.299 5849.98 5659.765 6031.164
2.304 5854.011 5663.745 6035.181
2.309 5858.048 5667.753 6039.211
2.315 5862.089 5671.787 6043.251
2.32 5866.136 5675.855 6047.293
2.326 5870.188 5679.901 6051.322
2.331 5874.244 5683.893 6055.357
2.336 5878.306 5687.931 6059.327
2.342 5882.374 5691.96 6063.355
2.347 5886.446 5696.025 6067.412
2.353 5890.524 5700.052 6071.503
2.358 5894.607 5704.11 6075.605
2.364 5898.696 5708.16 6079.712
2.37 5902.79 5712.305 6083.798
2.375 5906.889 5716.37 6087.876
2.381 5910.994 5720.417 6092.025
2.387 5915.104 5724.502 6096.154
2.392 5919.22 5728.608 6100.277
2.398 5923.342 5732.771 6104.437
2.404 5927.469 5736.841 6108.598
2.41 5931.601 5740.98 6112.747
2.415 5935.74 5745.103 6116.893
2.421 5939.884 5749.229 6121.034
2.427 5944.034 5753.371 6125.184
2.433 5948.19 5757.508 6129.32
2.439 5952.352 5761.671 6133.493
2.445 5956.519 5765.82 6137.672
2.451 5960.693 5769.932 6141.836
2.457 5964.872 5774.107 6146.02
2.463 5969.058 5778.248 6150.243
2.469 5973.249 5782.393 6154.48
2.475 5977.447 5786.502 6158.672
2.481 5981.651 5790.63 6162.858
2.488 5985.861 5794.813 6167.119
2.494 5990.077 5798.988 6171.363
2.5 5994.3 5803.191 6175.622
2.506 5998.529 5807.374 6179.924
2.513 6002.764 5811.534 6184.132
2.519 6007.006 5815.769 6188.403
2.525 6011.254 5820.002 6192.715
2.532 6015.508 5824.226 6196.957
2.538 6019.769 5828.445 6201.256
2.545 6024.037 5832.624 6205.553
2.551 6028.311 5836.878 6209.863
2.558 6032.592 5841.136 6214.181
2.564 6036.88 5845.397 6218.522
2.571 6041.174 5849.657 6222.849
2.577 6045.475 5853.93 6227.155
2.584 6049.783 5858.225 6231.501
2.591 6054.098 5862.464 6235.893
2.597 6058.42 5866.772 6240.203
2.604 6062.749 5870.975 6244.572
2.611 6067.085 5875.253 6248.941
2.618 6071.428 5879.569 6253.339
2.625 6075.778 5883.837 6257.752
2.632 6080.135 5888.123 6262.114
2.639 6084.5 5892.469 6266.482
2.646 6088.871 5896.81 6270.882
2.653 6093.25 5901.138 6275.293
2.66 6097.637 5905.475 6279.73
2.667 6102.031 5909.825 6284.146
2.674 6106.432 5914.192 6288.545
2.681 6110.841 5918.553 6292.947
2.688 6115.257 5922.917 6297.417
2.695 6119.681 5927.338 6301.824
2.703 6124.113 5931.756 6306.298
2.71 6128.552 5936.166 6310.817
2.717 6133 5940.518 6315.336
2.725 6137.455 5944.883 6319.795
2.732 6141.917 5949.279 6324.302
2.74 6146.388 5953.693 6328.802
2.747 6150.867 5958.083 6333.296
2.755 6155.354 5962.485 6337.826
2.762 6159.849 5966.912 6342.381
2.77 6164.352 5971.394 6346.924
2.778 6168.863 5975.891 6351.479
2.786 6173.383 5980.351 6356.055
2.793 6177.911 5984.775 6360.677
2.801 6182.447 5989.18 6365.275
2.809 6186.992 5993.7 6369.856
2.817 6191.545 5998.191 6374.466
2.825 6196.107 6002.671 6379.051
2.833 6200.677 6007.221 6383.684
2.841 6205.256 6011.708 6388.326
2.849 6209.843 6016.234 6392.932
2.857 6214.44 6020.763 6397.534
2.865 6219.045 6025.24 6402.145
2.874 6223.66 6029.762 6406.827
2.882 6228.283 6034.266 6411.506
2.89 6232.915 6038.783 6416.16
2.899 6237.556 6043.402 6420.869
2.907 6242.207 6047.948 6425.551
2.915 6246.866 6052.502 6430.268
2.924 6251.535 6057.077 6435.002
2.933 6256.213 6061.659 6439.77
2.941 6260.901 6066.299 6444.52
2.95 6265.598 6070.894 6449.253
2.959 6270.305 6075.468 6454.039
2.967 6275.021 6080.078 6458.805
2.976 6279.747 6084.725 6463.532
2.985 6284.483 6089.314 6468.378
2.994 6289.228 6093.935 6473.209
3.003 6293.984 6098.564 6478.018
3.012 6298.749 6103.175 6482.918
3.021 6303.524 6107.844 6487.743
3.03 6308.309 6112.557 6492.593
3.04 6313.105 6117.283 6497.447
3.049 6317.911 6121.927 6502.316
3.058 6322.727 6126.634 6507.192
3.067 6327.553 6131.362 6512.159
3.077 6332.39 6136.086 6517.095
3.086 6337.237 6140.735 6522.047
3.096 6342.095 6145.471 6526.986
3.106 6346.963 6150.238 6531.919
3.115 6351.843 6154.961 6536.92
3.125 6356.733 6159.711 6541.911
3.135 6361.634 6164.462 6546.931
3.145 6366.546 6169.214 6551.91
3.155 6371.469 6173.949 6556.911
3.165 6376.403 6178.722 6561.871
3.175 6381.348 6183.522 6566.899
3.185 6386.305 6188.359 6571.952
3.195 6391.273 6193.165 6576.998
3.205 6396.252 6197.993 6582.043
3.215 6401.243 6202.812 6587.13
3.226 6406.245 6207.69 6592.258
3.236 6411.26 6212.579 6597.387
3.247 6416.286 6217.46 6602.533
3.257 6421.323 6222.314 6607.691
3.268 6426.373 6227.141 6612.852
3.279 6431.435 6232.095 6618.047
3.289 6436.509 6236.962 6623.264
3.3 6441.595 6241.98 6628.492
3.311 6446.694 6246.857 6633.667
3.322 6451.805 6251.803 6638.87
3.333 6456.928 6256.754 6644.074
3.344 6462.064 6261.649 6649.383
3.356 6467.212 6266.682 6654.623
3.367 6472.374 6271.626 6659.902
3.378 6477.548 6276.657 6665.182
3.39 6482.735 6281.72 6670.39
3.401 6487.935 6286.739 6675.727
3.413 6493.149 6291.804 6681.08
3.425 6498.375 6296.83 6686.435
3.436 6503.615 6301.897 6691.807
3.448 6508.869 6306.982 6697.177
3.46 6514.136 6312.079 6702.59
3.472 6519.416 6317.172 6707.977
3.484 6524.711 6322.239 6713.356
3.497 6530.019 6327.363 6718.768
3.509 6535.341 6332.5 6724.239
3.521 6540.677 6337.684 6729.769
3.534 6546.028 6342.83 6735.295
3.546 6551.393 6348.001 6740.791
3.559 6556.772 6353.177 6746.341
3.571 6562.165 6358.424 6751.873
3.584 6567.574 6363.656 6757.429
3.597 6572.997 6368.829 6763.041
3.61 6578.434 6374.097 6768.598
3.623 6583.887 6379.33 6774.14
3.636 6589.355 6384.613 6779.815
3.65 6594.838 6389.894 6785.519
3.663 6600.337 6395.219 6791.149
3.676 6605.85 6400.496 6796.79
3.69 6611.38 6405.745 6802.491
3.704 6616.925 6411.078 6808.154
3.717 6622.486 6416.35 6813.884
3.731 6628.063 6421.755 6819.601
3.745 6633.656 6427.103 6825.359
3.759 6639.265 6432.467 6831.13
3.774 6644.89 6437.848 6836.986
3.788 6650.532 6443.294 6842.852
3.802 6656.19 6448.756 6848.713
3.817 6661.866 6454.184 6854.558
3.831 6667.558 6459.623 6860.448
3.846 6673.267 6465.057 6866.342
3.861 6678.993 6470.498 6872.248
3.876 6684.736 6475.976 6878.163
3.891 6690.497 6481.521 6884.091
3.906 6696.276 6487.062 6890.108
3.922 6702.072 6492.603 6896.099
3.937 6707.886 6498.148 6902.191
3.953 6713.718 6503.757 6908.193
3.968 6719.568 6509.283 6914.192
3.984 6725.436 6514.911 6920.297
4 6731.323 6520.533 6926.339
4.016 6737.229 6526.173 6932.453
4.032 6743.153 6531.862 6938.514
4.049 6749.096 6537.529 6944.667
4.065 6755.058 6543.301 6950.852
4.082 6761.04 6548.963 6957.055
4.098 6767.041 6554.68 6963.295
4.115 6773.061 6560.424 6969.542
4.132 6779.102 6566.192 6975.851
4.149 6785.162 6571.959 6982.215
4.167 6791.242 6577.77 6988.508
4.184 6797.343 6583.566 6994.813
4.202 6803.464 6589.368 7001.14
4.219 6809.606 6595.246 7007.528
4.237 6815.768 6601.223 7013.913
4.255 6821.952 6607.099 7020.358
4.274 6828.156 6613.041 7026.845
4.292 6834.383 6618.914 7033.451
4.31 6840.63 6624.842 7040.024
4.329 6846.9 6630.809 7046.581
4.348 6853.191 6636.778 7053.083
4.367 6859.505 6642.789 7059.719
4.386 6865.84 6648.805 7066.245
4.405 6872.199 6654.865 7072.898
4.425 6878.58 6660.891 7079.514
4.444 6884.984 6666.913 7086.153
4.464 6891.412 6673.047 7092.858
4.484 6897.862 6679.159 7099.532
4.505 6904.337 6685.359 7106.324
4.525 6910.835 6691.503 7113.099
4.545 6917.357 6697.64 7119.871
4.566 6923.904 6703.804 7126.784
4.587 6930.475 6710.032 7133.723
4.608 6937.071 6716.295 7140.582
4.63 6943.692 6722.561 7147.462
4.651 6950.338 6728.828 7154.439
4.673 6957.009 6735.11 7161.37
4.695 6963.706 6741.445 7168.355
4.717 6970.429 6747.763 7175.393
4.739 6977.179 6754.098 7182.424
4.762 6983.955 6760.449 7189.545
4.785 6990.757 6766.831 7196.675
4.808 6997.587 6773.218 7203.911
4.831 7004.444 6779.645 7211.107
4.854 7011.328 6786.161 7218.291
4.878 7018.24 6792.563 7225.528
4.902 7025.181 6799.029 7232.807
4.926 7032.149 6805.561 7240.118
4.95 7039.146 6812.103 7247.463
4.975 7046.173 6818.611 7254.899
5 7053.228 6825.205 7262.282
5.025 7060.313 6831.833 7269.761
5.051 7067.428 6838.479 7277.161
5.076 7074.573 6845.194 7284.687
5.102 7081.748 6851.88 7292.215
5.128 7088.954 6858.635 7299.781
5.155 7096.192 6865.464 7307.388
5.181 7103.46 6872.203 7315.011
5.208 7110.761 6879.107 7322.783
5.236 7118.093 6885.945 7330.597
5.263 7125.458 6892.838 7338.366
5.291 7132.856 6899.698 7346.222
5.319 7140.287 6906.645 7354.113
5.348 7147.751 6913.637 7361.978
5.376 7155.25 6920.677 7369.965
5.405 7162.782 6927.697 7377.909
5.435 7170.349 6934.716 7385.969
5.464 7177.951 6941.703 7394.131
5.495 7185.589 6948.822 7402.333
5.525 7193.262 6956.045 7410.43
5.556 7200.971 6963.219 7418.624
5.587 7208.717 6970.445 7426.833
5.618 7216.5 6977.659 7435.11
5.65 7224.321 6984.927 7443.502
5.682 7232.179 6992.252 7451.938
5.714 7240.076 6999.549 7460.301
5.747 7248.011 7006.886 7468.735
5.78 7255.985 7014.276 7477.205
5.814 7263.999 7021.639 7485.752
5.848 7272.054 7029.103 7494.406
5.882 7280.148 7036.528 7503.042
5.917 7288.284 7044.028 7511.871
5.952 7296.462 7051.594 7520.58
5.988 7304.681 7059.12 7529.395
6.024 7312.943 7066.73 7538.228
6.061 7321.248 7074.409 7547.128
6.098 7329.597 7082.092 7556.055
6.135 7337.99 7089.77 7565.087
6.173 7346.427 7097.548 7574.055
6.211 7354.91 7105.372 7583.15
6.25 7363.438 7113.22 7592.308
6.289 7372.013 7121.117 7601.506
6.329 7380.635 7129.014 7610.657
6.369 7389.305 7136.956 7619.881
6.41 7398.022 7144.951 7629.192
6.452 7406.789 7153.039 7638.604
6.494 7415.605 7161.083 7648.075
6.536 7424.471 7169.268 7657.601
6.579 7433.388 7177.474 7667.177
6.623 7442.356 7185.698 7676.946
6.667 7451.376 7193.97 7686.599
6.711 7460.449 7202.283 7696.4
6.757 7469.576 7210.515 7706.287
6.803 7478.757 7218.874 7716.325
6.849 7487.993 7227.304 7726.253
6.897 7497.284 7235.821 7736.251
6.944 7506.632 7244.404 7746.355
6.993 7516.038 7252.91 7756.48
7.042 7525.501 7261.518 7766.705
7.092 7535.024 7270.14 7777.028
7.143 7544.606 7278.871 7787.401
7.194 7554.249 7287.648 7797.967
7.246 7563.953 7296.479 7808.493
7.299 7573.72 7305.363 7819.193
7.353 7583.55 7314.365 7829.81
7.407 7593.444 7323.332 7840.641
7.463 7603.403 7332.444 7851.522
7.519 7613.429 7341.553 7862.48
7.576 7623.522 7350.758 7873.536
7.634 7633.683 7359.897 7884.434
7.692 7643.913 7369.111 7895.608
7.752 7654.213 7378.436 7906.799
7.812 7664.585 7387.808 7918.172
7.874 7675.029 7397.182 7929.597
7.937 7685.547 7406.691 7941.227
8 7696.14 7416.189 7952.707
8.065 7706.809 7425.766 7964.455
8.13 7717.555 7435.379 7976.271
8.197 7728.379 7445.054 7988.076
8.264 7739.283 7454.817 8000.202
8.333 7750.269 7464.708 8012.21
8.403 7761.336 7474.596 8024.552
8.475 7772.488 7484.54 8036.722
8.547 7783.725 7494.63 8049.067
8.621 7795.048 7504.746 8061.603
8.696 7806.46 7515.06 8074.058
8.772 7817.961 7525.431 8086.639
8.85 7829.554 7535.774 8099.388
8.929 7841.239 7546.198 8112.322
9.009 7853.02 7556.789 8125.343
9.091 7864.896 7567.438 8138.533
9.174 7876.87 7578.061 8151.828
9.259 7888.944 7588.712 8165.31
9.346 7901.12 7599.517 8178.865
9.434 7913.399 7610.522 8192.508
9.524 7925.784 7621.465 8206.279
9.615 7938.276 7632.568 8220.214
9.709 7950.878 7643.748 8234.331
9.804 7963.592 7654.909 8248.481
9.901 7976.419 7666.17 8262.732
10 7989.362 7677.675 8277.196
10.101 8002.424 7689.201 8291.86
10.204 8015.607 7700.74 8306.691
10.309 8028.912 7712.467 8321.649
10.417 8042.344 7724.243 8336.778
10.526 8055.904 7736.295 8351.941
10.638 8069.595 7748.325 8367.247
10.753 8083.42 7760.443 8382.871
10.87 8097.381 7772.608 8398.522
10.989 8111.483 7784.933 8414.637
11.111 8125.727 7797.414 8430.745
11.236 8140.116 7809.985 8446.921
11.364 8154.656 7822.711 8463.306
11.494 8169.347 7835.5 8479.856
11.628 8184.195 7848.518 8496.493
11.765 8199.202 7861.591 8513.545
11.905 8214.372 7874.721 8530.833
12.048 8229.71 7888.061 8548.122
12.195 8245.219 7901.581 8565.637
12.346 8260.904 7915.248 8583.427
12.5 8276.768 7929.029 8601.512
12.658 8292.816 7942.85 8619.972
12.821 8309.053 7956.891 8638.524
12.987 8325.484 7971.056 8657.343
13.158 8342.113 7985.431 8676.485
13.333 8358.946 7999.89 8695.731
13.514 8375.989 8014.421 8715.383
13.699 8393.246 8029.171 8735.028
13.889 8410.724 8044.253 8755.162
14.085 8428.429 8059.432 8775.364
14.286 8446.367 8074.894 8795.788
14.493 8464.545 8090.422 8816.689
14.706 8482.97 8106.172 8837.794
14.925 8501.648 8122.071 8859.237
15.152 8520.588 8138.23 8881.115
15.385 8539.798 8154.712 8903.373
15.625 8559.285 8171.38 8925.865
15.873 8579.058 8188.277 8948.844
16.129 8599.126 8205.29 8972.118
16.393 8619.5 8222.477 8995.811
16.667 8640.188 8239.963 9019.969
16.949 8661.201 8257.679 9044.384
17.241 8682.55 8275.688 9069.086
17.544 8704.247 8294.064 9094.604
17.857 8726.303 8312.631 9120.551
18.182 8748.733 8331.521 9146.93
18.519 8771.548 8350.608 9173.566
18.868 8794.763 8369.88 9200.601
19.231 8818.394 8389.499 9228.405
19.608 8842.456 8409.56 9256.734
20 8866.967 8429.965 9285.478
20.408 8891.943 8450.735 9314.784
20.833 8917.404 8471.758 9344.918
21.277 8943.37 8493.133 9375.838
21.739 8969.862 8514.955 9407.451
22.222 8996.904 8537.224 9439.66
22.727 9024.519 8559.79 9472.374
23.256 9052.733 8582.959 9505.912
23.81 9081.575 8606.637 9540.333
24.39 9111.075 8630.814 9575.543
25 9141.263 8655.495 9611.623
25.641 9172.174 8680.617 9648.888
26.316 9203.847 8706.201 9687.149
27.027 9236.319 8732.504 9726.128
27.778 9269.636 8759.413 9766.441
28.571 9303.843 8787.012 9807.735
29.412 9338.991 8815.251 9849.748
30.303 9375.136 8844.081 9893.623
31.25 9412.339 8873.78 9938.776
32.258 9450.664 8904.555 9985.472
33.333 9490.186 8936.032 10033.961
34.483 9530.983 8968.56 10084.196
35.714 9573.144 9001.883 10135.998
37.037 9616.766 9036.397 10189.594
38.462 9661.959 9072.023 10245.531
40 9708.843 9109.063 10303.761
41.667 9757.555 9146.983 10364.02
43.478 9808.247 9186.361 10427.058
45.455 9861.093 9227.295 10493.215
47.619 9916.29 9269.706 10562.525
50 9974.064 9314.311 10634.711
52.632 10034.675 9360.738 10711.868
55.556 10098.426 9409.366 10792.641
58.824 10165.67 9460.496 10878.04
62.5 10236.823 9514.344 10968.488
66.667 10312.382 9571.289 11064.827
71.429 10392.945 9631.931 11167.864
76.923 10479.244 9696.371 11279.792
83.333 10572.181 9765.409 11400.418
90.909 10672.894 9839.403 11532.402
100 10782.841 9919.406 11677.315
111.111 10903.939 10006.97 11838.78
125 11038.775 10103.778 12017.758
142.857 11190.962 10212.227 12222.683
166.667 11365.771 10335.223 12460.311
200 11571.338 10477.353 12743.315
250 11821.215 10647.619 13092.249
333.333 12140.64 10860.696 13545.18
500 12585.774 11148.967 14192.232
1000 13333.42 11613.567 15319.742
