"Pr" "Mp" "Q_2" "Q_9"
1.01 3094.342 2614.185 3376.987
1.011 3126.574 2651.476 3406.339
1.012 3156.567 2686.002 3433.817
1.013 3184.655 2718.634 3459.382
1.014 3211.1 2749.292 3483.427
1.015 3236.112 2777.918 3506.246
1.016 3259.864 2805.482 3528.087
1.017 3282.496 2831.809 3548.81
1.018 3304.128 2856.57 3568.711
1.019 3324.859 2880.102 3587.856
1.02 3344.775 2902.862 3606.356
1.021 3363.95 2924.822 3624.156
1.022 3382.446 2945.842 3641.272
1.024 3400.321 2965.964 3657.782
1.025 3417.622 2985.865 3673.905
1.026 3434.393 3004.853 3689.693
1.027 3450.672 3023.47 3704.861
1.028 3466.493 3041.474 3719.619
1.029 3481.888 3059.13 3733.943
1.03 3496.883 3076.092 3748.034
1.031 3511.504 3092.632 3761.619
1.032 3525.773 3108.643 3774.837
1.033 3539.711 3124.505 3787.848
1.034 3553.336 3139.775 3800.458
1.035 3566.666 3154.611 3812.928
1.036 3579.716 3169.268 3825.203
1.037 3592.501 3183.631 3837.254
1.038 3605.035 3197.5 3849.059
1.04 3617.329 3211.286 3860.716
1.041 3629.395 3224.839 3872.047
1.042 3641.244 3238.043 3883.289
1.043 3652.885 3250.856 3894.238
1.044 3664.329 3263.518 3905.117
1.045 3675.582 3276.128 3915.713
1.046 3686.654 3288.503 3926.21
1.047 3697.552 3300.753 3936.546
1.048 3708.282 3312.546 3946.817
1.049 3718.852 3324.183 3956.807
1.05 3729.268 3335.778 3966.645
1.052 3739.535 3347.114 3976.448
1.053 3749.66 3358.22 3986.11
1.054 3759.647 3369.217 3995.571
1.055 3769.501 3379.946 4005.027
1.056 3779.227 3390.774 4014.318
1.057 3788.829 3401.422 4023.446
1.058 3798.312 3412.031 4032.527
1.059 3807.679 3422.402 4041.514
1.06 3816.934 3432.657 4050.357
1.062 3826.082 3442.748 4059.028
1.063 3835.124 3452.682 4067.762
1.064 3844.065 3462.423 4076.278
1.065 3852.908 3472.054 4084.871
1.066 3861.655 3481.582 4093.207
1.067 3870.309 3490.992 4101.448
1.068 3878.874 3500.29 4109.725
1.07 3887.351 3509.467 4117.833
1.071 3895.743 3518.63 4125.997
1.072 3904.053 3527.696 4133.912
1.073 3912.282 3536.626 4141.881
1.074 3920.433 3545.494 4149.74
1.075 3928.509 3554.294 4157.523
1.076 3936.51 3563.043 4165.26
1.078 3944.439 3571.587 4172.801
1.079 3952.298 3580.123 4180.401
1.08 3960.088 3588.731 4187.957
1.081 3967.812 3597.165 4195.523
1.082 3975.47 3605.41 4203.08
1.083 3983.065 3613.681 4210.38
1.085 3990.598 3621.94 4217.659
1.086 3998.07 3630.027 4224.858
1.087 4005.483 3638.135 4232.007
1.088 4012.839 3646.002 4239.025
1.089 4020.138 3653.854 4246.097
1.091 4027.381 3661.706 4253.132
1.092 4034.571 3669.435 4260.177
1.093 4041.708 3677.151 4267.1
1.094 4048.794 3684.783 4273.915
1.095 4055.829 3692.3 4280.871
1.096 4062.814 3699.902 4287.58
1.098 4069.752 3707.312 4294.379
1.099 4076.642 3714.757 4300.963
1.1 4083.485 3722.071 4307.644
1.101 4090.283 3729.271 4314.27
1.103 4097.037 3736.49 4320.917
1.104 4103.747 3743.684 4327.38
1.105 4110.415 3750.821 4333.776
1.106 4117.04 3757.973 4340.264
1.107 4123.624 3765.083 4346.654
1.109 4130.169 3772.153 4352.959
1.11 4136.673 3779.225 4359.242
1.111 4143.139 3786.079 4365.518
1.112 4149.567 3793.01 4371.771
1.114 4155.958 3799.799 4378.015
1.115 4162.312 3806.675 4384.197
1.116 4168.63 3813.422 4390.295
1.117 4174.913 3820.082 4396.493
1.119 4181.161 3826.781 4402.651
1.12 4187.375 3833.404 4408.773
1.121 4193.556 3839.984 4414.885
1.122 4199.704 3846.572 4420.974
1.124 4205.819 3853.145 4426.981
1.125 4211.903 3859.599 4432.889
1.126 4217.956 3866.011 4438.897
1.127 4223.978 3872.384 4444.831
1.129 4229.97 3878.761 4450.718
1.13 4235.932 3885.046 4456.579
1.131 4241.865 3891.395 4462.36
1.133 4247.77 3897.596 4468.202
1.134 4253.646 3903.854 4474.001
1.135 4259.495 3910.059 4479.697
1.136 4265.316 3916.138 4485.393
1.138 4271.111 3922.25 4491.149
1.139 4276.879 3928.281 4496.803
1.14 4282.621 3934.355 4502.501
1.142 4288.338 3940.392 4508.149
1.143 4294.029 3946.352 4513.815
1.144 4299.696 3952.33 4519.498
1.145 4305.338 3958.337 4525.082
1.147 4310.956 3964.32 4530.796
1.148 4316.551 3970.184 4536.289
1.149 4322.122 3976.127 4541.799
1.151 4327.67 3981.904 4547.342
1.152 4333.196 3987.682 4552.86
1.153 4338.699 3993.42 4558.372
1.155 4344.181 3999.191 4563.784
1.156 4349.64 4004.877 4569.204
1.157 4355.079 4010.594 4574.535
1.159 4360.496 4016.325 4579.848
1.16 4365.893 4021.879 4585.234
1.161 4371.27 4027.563 4590.527
1.163 4376.626 4033.133 4595.812
1.164 4381.962 4038.786 4601.072
1.166 4387.279 4044.212 4606.362
1.167 4392.577 4049.82 4611.559
1.168 4397.855 4055.362 4616.825
1.17 4403.115 4060.929 4621.983
1.171 4408.356 4066.476 4627.202
1.172 4413.579 4071.897 4632.503
1.174 4418.785 4077.327 4637.726
1.175 4423.972 4082.755 4642.828
1.176 4429.142 4088.123 4647.961
1.178 4434.294 4093.55 4653.022
1.179 4439.43 4098.946 4658.142
1.181 4444.549 4104.318 4663.211
1.182 4449.651 4109.662 4668.244
1.183 4454.737 4114.993 4673.263
1.185 4459.806 4120.341 4678.345
1.186 4464.86 4125.615 4683.309
1.188 4469.898 4130.859 4688.335
1.189 4474.92 4136.128 4693.305
1.19 4479.927 4141.322 4698.334
1.192 4484.919 4146.545 4703.343
1.193 4489.896 4151.701 4708.373
1.195 4494.858 4156.906 4713.367
1.196 4499.806 4162.073 4718.345
1.198 4504.739 4167.123 4723.283
1.199 4509.659 4172.235 4728.206
1.2 4514.564 4177.339 4733.056
1.202 4519.455 4182.39 4737.864
1.203 4524.333 4187.413 4742.765
1.205 4529.197 4192.483 4747.631
1.206 4534.047 4197.41 4752.44
1.208 4538.885 4202.365 4757.277
1.209 4543.709 4207.441 4762.042
1.211 4548.521 4212.431 4766.855
1.212 4553.32 4217.404 4771.641
1.214 4558.107 4222.358 4776.525
1.215 4562.881 4227.179 4781.32
1.217 4567.643 4232.08 4786.098
1.218 4572.392 4236.961 4790.918
1.22 4577.13 4241.8 4795.666
1.221 4581.856 4246.779 4800.421
1.222 4586.571 4251.704 4805.155
1.224 4591.273 4256.656 4809.871
1.225 4595.965 4261.454 4814.599
1.227 4600.645 4266.346 4819.272
1.229 4605.314 4271.185 4823.927
1.23 4609.972 4275.912 4828.603
1.232 4614.62 4280.713 4833.258
1.233 4619.256 4285.471 4837.856
1.235 4623.882 4290.305 4842.536
1.236 4628.497 4294.992 4847.178
1.238 4633.103 4299.86 4851.729
1.239 4637.697 4304.58 4856.349
1.241 4642.282 4309.238 4861.006
1.242 4646.857 4313.954 4865.651
1.244 4651.422 4318.719 4870.258
1.245 4655.977 4323.38 4874.815
1.247 4660.522 4328.081 4879.354
1.248 4665.058 4332.742 4883.902
1.25 4669.584 4337.383 4888.465
1.252 4674.101 4342.033 4892.95
1.253 4678.609 4346.69 4897.547
1.255 4683.108 4351.297 4902.109
1.256 4687.598 4355.895 4906.643
1.258 4692.078 4360.493 4911.216
1.259 4696.55 4365.088 4915.716
1.261 4701.014 4369.799 4920.273
1.263 4705.468 4374.383 4924.793
1.264 4709.914 4378.9 4929.3
1.266 4714.352 4383.447 4933.74
1.267 4718.781 4387.874 4938.185
1.269 4723.202 4392.48 4942.629
1.271 4727.615 4397.011 4947.055
1.272 4732.02 4401.562 4951.452
1.274 4736.417 4406.122 4955.869
1.276 4740.806 4410.527 4960.283
1.277 4745.188 4415.084 4964.77
1.279 4749.561 4419.648 4969.284
1.28 4753.927 4424.103 4973.62
1.282 4758.286 4428.636 4978.004
1.284 4762.637 4433.015 4982.348
1.285 4766.981 4437.431 4986.817
1.287 4771.317 4441.833 4991.155
1.289 4775.646 4446.196 4995.594
1.29 4779.968 4450.563 4999.975
1.292 4784.283 4454.982 5004.372
1.294 4788.591 4459.251 5008.759
1.295 4792.893 4463.652 5013.174
1.297 4797.187 4468.102 5017.473
1.299 4801.475 4472.45 5021.855
1.3 4805.756 4476.76 5026.134
1.302 4810.03 4481.119 5030.498
1.304 4814.298 4485.52 5034.873
1.305 4818.56 4489.929 5039.205
1.307 4822.815 4494.28 5043.453
1.309 4827.064 4498.618 5047.791
1.311 4831.307 4502.957 5052.116
1.312 4835.543 4507.215 5056.448
1.314 4839.774 4511.498 5060.769
1.316 4843.998 4515.8 5064.97
1.318 4848.217 4520.082 5069.114
1.319 4852.429 4524.226 5073.388
1.321 4856.636 4528.482 5077.693
1.323 4860.837 4532.79 5081.935
1.325 4865.033 4537.122 5086.175
1.326 4869.222 4541.41 5090.527
1.328 4873.407 4545.788 5094.802
1.33 4877.585 4550.085 5099.012
1.332 4881.759 4554.399 5103.273
1.333 4885.927 4558.651 5107.448
1.335 4890.089 4562.853 5111.564
1.337 4894.247 4567.119 5115.791
1.339 4898.399 4571.383 5120
1.34 4902.546 4575.622 5124.225
1.342 4906.688 4579.802 5128.433
1.344 4910.825 4583.921 5132.638
1.346 4914.957 4588.14 5136.754
1.348 4919.084 4592.378 5140.872
1.35 4923.207 4596.552 5145.059
1.351 4927.324 4600.654 5149.238
1.353 4931.437 4604.886 5153.474
1.355 4935.545 4609.057 5157.737
1.357 4939.649 4613.151 5161.919
1.359 4943.748 4617.243 5165.983
1.361 4947.843 4621.433 5170.134
1.362 4951.933 4625.572 5174.305
1.364 4956.018 4629.726 5178.415
1.366 4960.1 4633.944 5182.568
1.368 4964.177 4638.012 5186.708
1.37 4968.249 4642.108 5190.873
1.372 4972.318 4646.139 5195.023
1.374 4976.382 4650.252 5199.15
1.376 4980.443 4654.38 5203.29
1.377 4984.499 4658.424 5207.424
1.379 4988.551 4662.546 5211.539
1.381 4992.599 4666.637 5215.694
1.383 4996.644 4670.729 5219.842
1.385 5000.684 4674.759 5223.893
1.387 5004.721 4678.841 5227.994
1.389 5008.754 4682.905 5232.135
1.391 5012.784 4686.916 5236.2
1.393 5016.809 4691.024 5240.36
1.395 5020.831 4695.108 5244.469
1.397 5024.85 4699.167 5248.511
1.399 5028.865 4703.222 5252.634
1.401 5032.876 4707.283 5256.791
1.403 5036.884 4711.237 5260.93
1.404 5040.889 4715.323 5264.992
1.406 5044.89 4719.324 5269.092
1.408 5048.888 4723.344 5273.17
1.41 5052.883 4727.365 5277.221
1.412 5056.874 4731.457 5281.303
1.414 5060.862 4735.464 5285.325
1.416 5064.848 4739.541 5289.419
1.418 5068.83 4743.52 5293.509
1.42 5072.809 4747.511 5297.594
1.422 5076.785 4751.512 5301.669
1.425 5080.758 4755.452 5305.777
1.427 5084.728 4759.479 5309.836
1.429 5088.695 4763.512 5313.86
1.431 5092.66 4767.522 5317.941
1.433 5096.621 4771.494 5322.065
1.435 5100.58 4775.49 5326.138
1.437 5104.536 4779.403 5330.114
1.439 5108.49 4783.353 5334.224
1.441 5112.441 4787.27 5338.312
1.443 5116.389 4791.222 5342.297
1.445 5120.335 4795.143 5346.294
1.447 5124.278 4799.08 5350.368
1.449 5128.218 4803.017 5354.381
1.451 5132.156 4806.899 5358.387
1.453 5136.092 4810.84 5362.391
1.456 5140.025 4814.788 5366.365
1.458 5143.957 4818.712 5370.371
1.46 5147.885 4822.615 5374.381
1.462 5151.812 4826.542 5378.376
1.464 5155.736 4830.51 5382.316
1.466 5159.658 4834.447 5386.406
1.468 5163.578 4838.333 5390.443
1.471 5167.495 4842.273 5394.486
1.473 5171.411 4846.195 5398.413
1.475 5175.325 4850.024 5402.419
1.477 5179.236 4853.93 5406.376
1.479 5183.146 4857.889 5410.334
1.481 5187.054 4861.825 5414.388
1.484 5190.959 4865.837 5418.356
1.486 5194.863 4869.725 5422.357
1.488 5198.765 4873.712 5426.367
1.49 5202.665 4877.586 5430.418
1.493 5206.564 4881.498 5434.505
1.495 5210.46 4885.393 5438.521
1.497 5214.355 4889.34 5442.538
1.499 5218.249 4893.185 5446.509
1.502 5222.14 4897.058 5450.43
1.504 5226.03 4900.962 5454.434
1.506 5229.919 4904.824 5458.393
1.508 5233.806 4908.639 5462.465
1.511 5237.691 4912.509 5466.479
1.513 5241.575 4916.439 5470.464
1.515 5245.457 4920.292 5474.425
1.517 5249.338 4924.218 5478.465
1.52 5253.218 4928.056 5482.373
1.522 5257.096 4931.94 5486.309
1.524 5260.973 4935.819 5490.328
1.527 5264.849 4939.648 5494.255
1.529 5268.724 4943.49 5498.3
1.531 5272.597 4947.313 5502.196
1.534 5276.469 4951.154 5506.155
1.536 5280.34 4955.071 5510.061
1.538 5284.209 4958.845 5514.08
1.541 5288.078 4962.662 5518.037
1.543 5291.946 4966.486 5521.984
1.546 5295.812 4970.268 5525.98
1.548 5299.678 4974.07 5530.081
1.55 5303.542 4977.854 5534.051
1.553 5307.406 4981.765 5538.075
1.555 5311.268 4985.695 5541.971
1.558 5315.13 4989.596 5546.016
1.56 5318.991 4993.444 5550.019
1.563 5322.851 4997.284 5554.068
1.565 5326.71 5001.073 5557.976
1.567 5330.569 5004.847 5561.977
1.57 5334.426 5008.677 5565.96
1.572 5338.283 5012.528 5569.922
1.575 5342.14 5016.334 5573.907
1.577 5345.995 5020.172 5577.892
1.58 5349.85 5024.004 5581.884
1.582 5353.705 5027.739 5585.837
1.585 5357.558 5031.604 5589.85
1.587 5361.412 5035.417 5593.819
1.59 5365.265 5039.231 5597.795
1.592 5369.117 5042.965 5601.802
1.595 5372.969 5046.777 5605.767
1.597 5376.82 5050.638 5609.73
1.6 5380.671 5054.438 5613.688
1.603 5384.522 5058.272 5617.689
1.605 5388.372 5062.06 5621.653
1.608 5392.222 5065.889 5625.64
1.61 5396.072 5069.795 5629.6
1.613 5399.921 5073.617 5633.525
1.616 5403.77 5077.463 5637.606
1.618 5407.619 5081.314 5641.527
1.621 5411.468 5085.152 5645.454
1.623 5415.317 5088.961 5649.411
1.626 5419.165 5092.786 5653.358
1.629 5423.014 5096.521 5657.329
1.631 5426.862 5100.339 5661.275
1.634 5430.71 5104.173 5665.197
1.637 5434.558 5108 5669.144
1.639 5438.407 5111.811 5673.163
1.642 5442.255 5115.606 5677.22
1.645 5446.103 5119.426 5681.213
1.647 5449.952 5123.224 5685.226
1.65 5453.8 5127.076 5689.217
1.653 5457.649 5130.855 5693.167
1.656 5461.498 5134.666 5697.138
1.658 5465.347 5138.455 5701.145
1.661 5469.196 5142.233 5705.065
1.664 5473.046 5146.041 5709.059
1.667 5476.896 5149.854 5713.01
1.669 5480.746 5153.646 5717.013
1.672 5484.596 5157.483 5721.011
1.675 5488.447 5161.283 5724.947
1.678 5492.298 5165.068 5729.003
1.681 5496.15 5168.85 5733.017
1.684 5500.002 5172.675 5736.991
1.686 5503.854 5176.446 5741.008
1.689 5507.707 5180.285 5744.95
1.692 5511.561 5184.029 5748.941
1.695 5515.415 5187.803 5752.918
1.698 5519.27 5191.544 5756.916
1.701 5523.125 5195.353 5760.865
1.704 5526.981 5199.108 5764.835
1.706 5530.837 5202.973 5768.777
1.709 5534.694 5206.698 5772.75
1.712 5538.552 5210.508 5776.718
1.715 5542.41 5214.3 5780.757
1.718 5546.27 5218.114 5784.751
1.721 5550.13 5221.88 5788.755
1.724 5553.99 5225.616 5792.738
1.727 5557.852 5229.44 5796.688
1.73 5561.715 5233.211 5800.735
1.733 5565.578 5236.987 5804.758
1.736 5569.442 5240.844 5808.834
1.739 5573.307 5244.758 5812.83
1.742 5577.174 5248.57 5816.827
1.745 5581.041 5252.295 5820.869
1.748 5584.909 5256.121 5824.897
1.751 5588.778 5259.868 5828.938
1.754 5592.648 5263.625 5832.974
1.757 5596.519 5267.355 5836.973
1.761 5600.392 5271.173 5840.932
1.764 5604.265 5274.981 5844.97
1.767 5608.14 5278.764 5848.957
1.77 5612.016 5282.553 5853.084
1.773 5615.893 5286.341 5857.144
1.776 5619.771 5290.216 5861.152
1.779 5623.651 5293.986 5865.25
1.783 5627.531 5297.805 5869.268
1.786 5631.413 5301.532 5873.271
1.789 5635.297 5305.325 5877.293
1.792 5639.182 5309.159 5881.359
1.795 5643.068 5312.939 5885.465
1.799 5646.955 5316.734 5889.593
1.802 5650.845 5320.566 5893.656
1.805 5654.735 5324.397 5897.699
1.808 5658.627 5328.182 5901.706
1.812 5662.52 5331.971 5905.813
1.815 5666.415 5335.785 5909.904
1.818 5670.312 5339.611 5913.894
1.821 5674.21 5343.408 5918.065
1.825 5678.11 5347.214 5922.135
1.828 5682.012 5351.04 5926.169
1.832 5685.915 5354.883 5930.188
1.835 5689.819 5358.633 5934.269
1.838 5693.726 5362.418 5938.331
1.842 5697.634 5366.221 5942.441
1.845 5701.544 5370.067 5946.514
1.848 5705.456 5373.971 5950.555
1.852 5709.37 5377.771 5954.698
1.855 5713.285 5381.598 5958.808
1.859 5717.202 5385.447 5962.946
1.862 5721.122 5389.282 5967.031
1.866 5725.043 5393.1 5971.15
1.869 5728.966 5397.023 5975.258
1.873 5732.891 5400.891 5979.346
1.876 5736.818 5404.772 5983.425
1.88 5740.747 5408.606 5987.455
1.883 5744.679 5412.402 5991.56
1.887 5748.612 5416.201 5995.755
1.89 5752.547 5420.095 5999.833
1.894 5756.485 5423.915 6003.959
1.898 5760.424 5427.744 6008.029
1.901 5764.366 5431.595 6012.131
1.905 5768.31 5435.421 6016.276
1.908 5772.257 5439.244 6020.336
1.912 5776.205 5443.054 6024.496
1.916 5780.156 5446.959 6028.568
1.919 5784.109 5450.783 6032.767
1.923 5788.065 5454.686 6036.839
1.927 5792.023 5458.584 6041.028
1.931 5795.983 5462.458 6045.227
1.934 5799.946 5466.318 6049.378
1.938 5803.911 5470.243 6053.46
1.942 5807.878 5474.183 6057.53
1.946 5811.849 5478.031 6061.717
1.949 5815.821 5481.91 6065.87
1.953 5819.796 5485.734 6069.987
1.957 5823.774 5489.638 6074.181
1.961 5827.755 5493.465 6078.403
1.965 5831.738 5497.382 6082.545
1.969 5835.723 5501.229 6086.719
1.972 5839.712 5505.094 6090.886
1.976 5843.703 5508.967 6095.068
1.98 5847.697 5512.837 6099.228
1.984 5851.694 5516.746 6103.362
1.988 5855.693 5520.699 6107.583
1.992 5859.695 5524.606 6111.773
1.996 5863.7 5528.497 6116.05
2 5867.708 5532.465 6120.245
2.004 5871.719 5536.395 6124.426
2.008 5875.733 5540.307 6128.642
2.012 5879.75 5544.176 6132.883
2.016 5883.77 5548.075 6137.061
2.02 5887.793 5551.988 6141.26
2.024 5891.819 5555.88 6145.4
2.028 5895.848 5559.803 6149.647
2.033 5899.88 5563.713 6153.8
2.037 5903.915 5567.616 6158.034
2.041 5907.954 5571.551 6162.275
2.045 5911.995 5575.52 6166.52
2.049 5916.04 5579.398 6170.751
2.053 5920.088 5583.359 6174.906
2.058 5924.14 5587.206 6179.183
2.062 5928.194 5591.187 6183.413
2.066 5932.253 5595.103 6187.588
2.07 5936.314 5599.104 6191.779
2.075 5940.379 5603.034 6196.059
2.079 5944.447 5607.031 6200.327
2.083 5948.519 5610.896 6204.602
2.088 5952.594 5614.911 6208.868
2.092 5956.673 5618.809 6213.111
2.096 5960.755 5622.716 6217.351
2.101 5964.841 5626.706 6221.71
2.105 5968.93 5630.698 6226
2.11 5973.023 5634.693 6230.298
2.114 5977.12 5638.764 6234.492
2.119 5981.22 5642.759 6238.692
2.123 5985.324 5646.744 6243.023
2.128 5989.432 5650.723 6247.325
2.132 5993.544 5654.719 6251.553
2.137 5997.66 5658.679 6255.781
2.141 6001.779 5662.596 6260.051
2.146 6005.902 5666.594 6264.293
2.151 6010.029 5670.55 6268.571
2.155 6014.161 5674.589 6272.911
2.16 6018.296 5678.623 6277.325
2.165 6022.435 5682.654 6281.747
2.169 6026.578 5686.694 6286.081
2.174 6030.725 5690.674 6290.438
2.179 6034.876 5694.736 6294.766
2.183 6039.032 5698.7 6299.138
2.188 6043.191 5702.695 6303.551
2.193 6047.355 5706.697 6307.881
2.198 6051.523 5710.822 6312.288
2.203 6055.695 5714.874 6316.646
2.208 6059.872 5718.874 6320.995
2.212 6064.053 5722.975 6325.326
2.217 6068.238 5727.009 6329.689
2.222 6072.428 5731.065 6334.088
2.227 6076.622 5735.082 6338.462
2.232 6080.82 5739.175 6342.862
2.237 6085.023 5743.224 6347.246
2.242 6089.231 5747.238 6351.59
2.247 6093.443 5751.308 6356.023
2.252 6097.66 5755.419 6360.343
2.257 6101.881 5759.57 6364.729
2.262 6106.107 5763.67 6369.166
2.268 6110.338 5767.753 6373.589
2.273 6114.573 5771.865 6378.094
2.278 6118.813 5775.931 6382.6
2.283 6123.058 5780.018 6387.08
2.288 6127.308 5784.153 6391.511
2.294 6131.563 5788.331 6395.965
2.299 6135.822 5792.508 6400.498
2.304 6140.087 5796.704 6404.943
2.309 6144.356 5800.826 6409.535
2.315 6148.631 5804.988 6413.99
2.32 6152.911 5809.171 6418.515
2.326 6157.195 5813.264 6423.067
2.331 6161.485 5817.412 6427.496
2.336 6165.78 5821.56 6432.029
2.342 6170.08 5825.688 6436.523
2.347 6174.386 5829.839 6441.093
2.353 6178.696 5833.981 6445.663
2.358 6183.012 5838.112 6450.185
2.364 6187.334 5842.328 6454.76
2.37 6191.66 5846.502 6459.293
2.375 6195.992 5850.638 6463.811
2.381 6200.33 5854.775 6468.415
2.387 6204.673 5858.918 6472.951
2.392 6209.022 5863.133 6477.454
2.398 6213.376 5867.386 6482.109
2.404 6217.736 5871.634 6486.659
2.41 6222.101 5875.834 6491.183
2.415 6226.472 5880.13 6495.801
2.421 6230.849 5884.347 6500.378
2.427 6235.232 5888.592 6504.951
2.433 6239.62 5892.859 6509.586
2.439 6244.015 5897.133 6514.216
2.445 6248.415 5901.452 6518.926
2.451 6252.821 5905.7 6523.607
2.457 6257.233 5909.994 6528.228
2.463 6261.651 5914.239 6532.843
2.469 6266.076 5918.441 6537.565
2.475 6270.506 5922.717 6542.258
2.481 6274.942 5927.03 6547.012
2.488 6279.385 5931.387 6551.777
2.494 6283.834 5935.701 6556.488
2.5 6288.289 5939.965 6561.204
2.506 6292.751 5944.23 6565.93
2.513 6297.218 5948.481 6570.692
2.519 6301.693 5952.761 6575.51
2.525 6306.173 5957.085 6580.244
2.532 6310.66 5961.405 6584.938
2.538 6315.154 5965.722 6589.628
2.545 6319.654 5970.066 6594.402
2.551 6324.161 5974.473 6599.196
2.558 6328.675 5978.811 6604.058
2.564 6333.195 5983.17 6608.853
2.571 6337.722 5987.551 6613.61
2.577 6342.256 5991.952 6618.386
2.584 6346.797 5996.297 6623.259
2.591 6351.345 6000.683 6628.038
2.597 6355.899 6005.032 6632.807
2.604 6360.461 6009.457 6637.655
2.611 6365.029 6013.871 6642.462
2.618 6369.605 6018.3 6647.305
2.625 6374.188 6022.653 6652.135
2.632 6378.778 6027.081 6657.012
2.639 6383.375 6031.495 6661.936
2.646 6387.98 6035.864 6666.803
2.653 6392.592 6040.377 6671.715
2.66 6397.211 6044.889 6676.495
2.667 6401.838 6049.296 6681.296
2.674 6406.472 6053.802 6686.165
2.681 6411.114 6058.278 6691.064
2.688 6415.763 6062.705 6695.901
2.695 6420.42 6067.187 6700.791
2.703 6425.085 6071.661 6705.754
2.71 6429.757 6076.05 6710.648
2.717 6434.437 6080.537 6715.581
2.725 6439.125 6085.152 6720.539
2.732 6443.821 6089.662 6725.574
2.74 6448.525 6094.239 6730.526
2.747 6453.237 6098.821 6735.414
2.755 6457.957 6103.365 6740.323
2.762 6462.685 6107.875 6745.26
2.77 6467.422 6112.475 6750.337
2.778 6472.166 6116.987 6755.309
2.786 6476.919 6121.578 6760.356
2.793 6481.68 6126.166 6765.398
2.801 6486.45 6130.689 6770.487
2.809 6491.228 6135.323 6775.463
2.817 6496.014 6139.91 6780.524
2.825 6500.81 6144.479 6785.597
2.833 6505.613 6149.065 6790.691
2.841 6510.426 6153.66 6795.737
2.849 6515.247 6158.22 6800.88
2.857 6520.077 6162.858 6806.017
2.865 6524.916 6167.474 6811.152
2.874 6529.764 6172.125 6816.221
2.882 6534.621 6176.747 6821.359
2.89 6539.487 6181.344 6826.479
2.899 6544.362 6186.115 6831.658
2.907 6549.246 6190.754 6836.734
2.915 6554.14 6195.466 6841.868
2.924 6559.043 6200.169 6847.096
2.933 6563.955 6204.895 6852.37
2.941 6568.877 6209.588 6857.591
2.95 6573.808 6214.301 6862.812
2.959 6578.748 6219.063 6868.076
2.967 6583.699 6223.788 6873.446
2.976 6588.659 6228.594 6878.786
2.985 6593.629 6233.321 6884.035
2.994 6598.609 6238.129 6889.329
3.003 6603.598 6242.954 6894.582
3.012 6608.598 6247.751 6899.94
3.021 6613.608 6252.541 6905.287
3.03 6618.627 6257.488 6910.585
3.04 6623.657 6262.303 6915.892
3.049 6628.698 6267.066 6921.189
3.058 6633.748 6271.894 6926.591
3.067 6638.809 6276.685 6932.056
3.077 6643.881 6281.577 6937.391
3.086 6648.963 6286.484 6942.734
3.096 6654.056 6291.356 6948.189
3.106 6659.159 6296.271 6953.498
3.115 6664.273 6301.116 6958.996
3.125 6669.398 6305.965 6964.419
3.135 6674.535 6310.791 6969.909
3.145 6679.682 6315.715 6975.378
3.155 6684.84 6320.763 6980.932
3.165 6690.009 6325.742 6986.439
3.175 6695.19 6330.707 6991.921
3.185 6700.382 6335.678 6997.437
3.195 6705.585 6340.654 7003.077
3.205 6710.8 6345.6 7008.592
3.215 6716.026 6350.555 7014.176
3.226 6721.264 6355.434 7019.775
3.236 6726.514 6360.439 7025.434
3.247 6731.776 6365.511 7031.007
3.257 6737.05 6370.516 7036.68
3.268 6742.335 6375.558 7042.282
3.279 6747.633 6380.591 7047.935
3.289 6752.943 6385.691 7053.568
3.3 6758.265 6390.762 7059.171
3.311 6763.6 6395.943 7064.849
3.322 6768.947 6401.136 7070.486
3.333 6774.306 6406.279 7076.17
3.344 6779.679 6411.359 7081.984
3.356 6785.064 6416.386 7087.649
3.367 6790.462 6421.487 7093.574
3.378 6795.872 6426.639 7099.408
3.39 6801.296 6431.731 7105.248
3.401 6806.733 6436.969 7111.159
3.413 6812.183 6442.221 7116.89
3.425 6817.647 6447.478 7122.694
3.436 6823.123 6452.74 7128.531
3.448 6828.614 6458.02 7134.333
3.46 6834.118 6463.199 7140.23
3.472 6839.635 6468.405 7146.057
3.484 6845.167 6473.586 7151.852
3.497 6850.712 6478.909 7157.837
3.509 6856.272 6484.183 7163.861
3.521 6861.846 6489.476 7169.864
3.534 6867.433 6494.732 7175.858
3.546 6873.036 6500.078 7182.02
3.559 6878.652 6505.425 7188.035
3.571 6884.284 6510.745 7194.068
3.584 6889.93 6515.997 7200.206
3.597 6895.591 6521.475 7206.23
3.61 6901.266 6526.912 7212.362
3.623 6906.957 6532.26 7218.587
3.636 6912.663 6537.717 7224.681
3.65 6918.384 6543.069 7230.703
3.663 6924.121 6548.507 7236.832
3.676 6929.873 6553.981 7242.91
3.69 6935.641 6559.43 7249.077
3.704 6941.425 6564.894 7255.288
3.717 6947.224 6570.376 7261.511
3.731 6953.04 6575.83 7267.895
3.745 6958.871 6581.33 7274.069
3.759 6964.719 6586.93 7280.407
3.774 6970.583 6592.389 7286.647
3.788 6976.464 6597.921 7292.884
3.802 6982.362 6603.577 7299.123
3.817 6988.276 6609.133 7305.469
3.831 6994.207 6614.713 7311.813
3.846 7000.155 6620.368 7318.247
3.861 7006.121 6626.026 7324.685
3.876 7012.104 6631.709 7331.132
3.891 7018.104 6637.372 7337.735
3.906 7024.122 6642.956 7344.217
3.922 7030.158 6648.611 7350.714
3.937 7036.212 6654.402 7357.23
3.953 7042.283 6660.08 7363.795
3.968 7048.373 6665.795 7370.431
3.984 7054.482 6671.532 7377.006
4 7060.609 6677.344 7383.549
4.016 7066.755 6683.231 7390.093
4.032 7072.919 6689.159 7396.744
4.049 7079.103 6695.063 7403.435
4.065 7085.305 6700.913 7410.083
4.082 7091.527 6706.734 7416.717
4.098 7097.769 6712.558 7423.483
4.115 7104.03 6718.424 7430.124
4.132 7110.311 6724.324 7436.968
4.149 7116.612 6730.265 7443.729
4.167 7122.933 6736.268 7450.542
4.184 7129.275 6742.33 7457.324
4.202 7135.637 6748.317 7464.276
4.219 7142.02 6754.221 7471.094
4.237 7148.424 6760.23 7478.005
4.255 7154.848 6766.303 7484.887
4.274 7161.294 6772.513 7491.825
4.292 7167.762 6778.623 7498.841
4.31 7174.251 6784.703 7505.809
4.329 7180.762 6790.835 7512.759
4.348 7187.295 6796.93 7519.819
4.367 7193.85 6803.06 7526.945
4.386 7200.428 6809.255 7534.157
4.405 7207.028 6815.479 7541.38
4.425 7213.651 6821.689 7548.493
4.444 7220.298 6827.904 7555.556
4.464 7226.967 6834.21 7562.82
4.484 7233.66 6840.527 7570.213
4.505 7240.377 6846.8 7577.498
4.525 7247.117 6853.132 7584.84
4.545 7253.882 6859.444 7592.078
4.566 7260.671 6865.875 7599.499
4.587 7267.484 6872.245 7606.91
4.608 7274.323 6878.67 7614.4
4.63 7281.186 6885.044 7621.846
4.651 7288.075 6891.466 7629.239
4.673 7294.989 6897.872 7636.82
4.695 7301.929 6904.429 7644.404
4.717 7308.896 6910.985 7651.98
4.739 7315.888 6917.44 7659.586
4.762 7322.907 6923.974 7667.178
4.785 7329.952 6930.556 7674.951
4.808 7337.025 6937.241 7682.529
4.831 7344.125 6943.988 7690.268
4.854 7351.253 6950.796 7698.054
4.878 7358.408 6957.451 7705.784
4.902 7365.592 6964.156 7713.606
4.926 7372.804 6970.973 7721.524
4.95 7380.045 6977.765 7729.451
4.975 7387.314 6984.648 7737.203
5 7394.613 6991.435 7745.268
5.025 7401.942 6998.261 7753.43
5.051 7409.3 7005.095 7761.468
5.076 7416.689 7012.01 7769.458
5.102 7424.108 7018.85 7777.764
5.128 7431.558 7025.799 7785.973
5.155 7439.039 7032.749 7794.033
5.181 7446.551 7039.715 7802.086
5.208 7454.096 7046.869 7810.385
5.236 7461.672 7053.835 7818.774
5.263 7469.281 7060.994 7827.079
5.291 7476.922 7068.181 7835.444
5.319 7484.597 7075.229 7843.741
5.348 7492.305 7082.462 7852.141
5.376 7500.048 7089.625 7860.675
5.405 7507.824 7096.856 7869.118
5.435 7515.635 7104.019 7877.7
5.464 7523.481 7111.376 7886.283
5.495 7531.363 7118.73 7894.931
5.525 7539.28 7126.09 7903.699
5.556 7547.233 7133.544 7912.29
5.587 7555.223 7140.98 7920.945
5.618 7563.25 7148.452 7929.733
5.65 7571.314 7155.848 7938.833
5.682 7579.416 7163.383 7947.716
5.714 7587.557 7170.945 7956.818
5.747 7595.736 7178.629 7965.717
5.78 7603.954 7186.282 7974.616
5.814 7612.212 7193.942 7983.753
5.848 7620.51 7201.623 7992.803
5.882 7628.848 7209.41 8001.924
5.917 7637.227 7216.99 8011.326
5.952 7645.648 7224.708 8020.422
5.988 7654.111 7232.585 8029.857
6.024 7662.616 7240.453 8039.312
6.061 7671.165 7248.423 8048.894
6.098 7679.757 7256.364 8058.39
6.135 7688.393 7264.427 8067.838
6.173 7697.073 7272.512 8077.471
6.211 7705.799 7280.46 8087.109
6.25 7714.57 7288.579 8096.94
6.289 7723.388 7296.739 8106.721
6.329 7732.253 7304.969 8116.497
6.369 7741.165 7313.164 8126.236
6.41 7750.125 7321.401 8136.221
6.452 7759.133 7329.72 8146.111
6.494 7768.191 7337.919 8156.19
6.536 7777.299 7346.194 8166.161
6.579 7786.458 7354.574 8176.366
6.623 7795.667 7362.87 8186.675
6.667 7804.929 7371.378 8197.026
6.711 7814.243 7379.902 8207.306
6.757 7823.611 7388.52 8217.588
6.803 7833.033 7397.207 8228.158
6.849 7842.509 7405.873 8238.616
6.897 7852.041 7414.575 8249.277
6.944 7861.629 7423.35 8259.975
6.993 7871.274 7432.18 8270.812
7.042 7880.977 7440.999 8281.507
7.092 7890.739 7449.902 8292.549
7.143 7900.56 7458.925 8303.554
7.194 7910.442 7468.072 8314.68
7.246 7920.384 7477.13 8325.828
7.299 7930.389 7486.187 8336.993
7.353 7940.457 7495.433 8348.272
7.407 7950.588 7504.665 8359.695
7.463 7960.785 7513.869 8371.062
7.519 7971.047 7523.305 8382.462
7.576 7981.376 7532.777 8394.176
7.634 7991.773 7542.236 8405.686
7.692 8002.238 7551.787 8417.537
7.752 8012.773 7561.349 8429.436
7.812 8023.38 7570.945 8441.331
7.874 8034.058 7580.619 8453.344
7.937 8044.809 7590.388 8465.593
8 8055.635 7600.258 8477.866
8.065 8066.536 7610.064 8490.047
8.13 8077.513 7620.065 8502.441
8.197 8088.569 7630.276 8514.68
8.264 8099.704 7640.371 8527.126
8.333 8110.919 7650.493 8539.786
8.403 8122.216 7660.628 8552.625
8.475 8133.596 7670.993 8565.615
8.547 8145.061 7681.343 8578.643
8.621 8156.611 7691.833 8591.722
8.696 8168.249 7702.334 8604.898
8.772 8179.976 7712.858 8618.346
8.85 8191.793 7723.541 8631.589
8.929 8203.702 7734.367 8645.234
9.009 8215.705 7745.109 8658.826
9.091 8227.804 7756.133 8672.747
9.174 8239.999 7767 8686.613
9.259 8252.293 7778.228 8700.662
9.346 8264.688 7789.34 8714.61
9.434 8277.185 7800.532 8728.546
9.524 8289.786 7811.806 8742.888
9.615 8302.494 7823.255 8757.609
9.709 8315.31 7834.951 8772.227
9.804 8328.237 7846.597 8786.981
9.901 8341.276 7858.323 8801.992
10 8354.43 7870.2 8817.115
10.101 8367.701 7882.066 8832.303
10.204 8381.091 7894.078 8847.848
10.309 8394.603 7906.214 8863.44
10.417 8408.239 7918.444 8879.195
10.526 8422.001 7930.849 8895.344
10.638 8435.894 7943.232 8911.502
10.753 8449.918 7955.78 8927.707
10.87 8464.077 7968.328 8944.193
10.989 8478.374 7981.182 8960.841
11.111 8492.811 7994.083 8977.56
11.236 8507.393 8007.109 8994.662
11.364 8522.121 8020.192 9011.743
11.494 8537 8033.282 9028.921
11.628 8552.032 8046.633 9046.37
11.765 8567.222 8060.141 9064.116
11.905 8582.573 8073.886 9081.997
12.048 8598.088 8087.774 9100.257
12.195 8613.771 8101.659 9118.318
12.346 8629.627 8115.586 9136.855
12.5 8645.66 8129.582 9155.678
12.658 8661.874 8144.101 9174.699
12.821 8678.274 8158.434 9193.947
12.987 8694.864 8173.067 9213.185
13.158 8711.649 8187.718 9232.976
13.333 8728.635 8202.822 9253.035
13.514 8745.825 8218.067 9273.124
13.699 8763.227 8233.305 9293.788
13.889 8780.845 8248.555 9314.749
14.085 8798.686 8264.179 9336.104
14.286 8816.756 8280.028 9357.506
14.493 8835.06 8296.047 9379.246
14.706 8853.607 8312.276 9401.222
14.925 8872.402 8328.57 9423.571
15.152 8891.453 8345.14 9446.003
15.385 8910.768 8362.116 9469.042
15.625 8930.355 8379.186 9492.347
15.873 8950.222 8396.381 9515.846
16.129 8970.378 8413.762 9540.051
16.393 8990.831 8431.844 9564.67
16.667 9011.593 8449.836 9589.792
16.949 9032.671 8468.144 9615.119
17.241 9054.078 8486.685 9640.754
17.544 9075.825 8505.67 9666.691
17.857 9097.923 8524.969 9693.254
18.182 9120.384 8544.095 9720.395
18.519 9143.221 8563.756 9748.315
18.868 9166.449 8583.654 9776.237
19.231 9190.081 8603.948 9804.759
19.608 9214.133 8624.55 9833.966
20 9238.621 8645.234 9863.549
20.408 9263.563 8666.433 9894.079
20.833 9288.976 8687.831 9925.301
21.277 9314.88 8710.036 9956.934
21.739 9341.295 8732.3 9989.5
22.222 9368.244 8754.83 10022.495
22.727 9395.75 8778.037 10056.464
23.256 9423.837 8801.782 10091.365
23.81 9452.532 8826.098 10127.062
24.39 9481.864 8850.55 10163.376
25 9511.864 8875.272 10201.005
25.641 9542.563 8901.081 10239.706
26.316 9573.999 8927.028 10279.566
27.027 9606.208 8954.057 10319.813
27.778 9639.233 8981.581 10361.078
28.571 9673.118 9009.476 10403.662
29.412 9707.911 9038.6 10447.514
30.303 9743.665 9068.133 10492.507
31.25 9780.438 9098.37 10538.912
32.258 9818.292 9129.508 10586.767
33.333 9857.297 9161.558 10637.013
34.483 9897.529 9194.75 10688.487
35.714 9939.071 9228.554 10742.547
37.037 9982.016 9263.226 10798.017
38.462 10026.468 9299.491 10856.064
40 10072.54 9336.755 10915.306
41.667 10120.361 9375.453 10976.969
43.478 10170.077 9415.783 11041.921
45.455 10221.852 9457.137 11109.933
47.619 10275.87 9500.553 11181.199
50 10332.346 9545.024 11256.344
52.632 10391.524 9591.636 11335.32
55.556 10453.688 9640.797 11418.639
58.824 10519.171 9692.585 11506.838
62.5 10588.362 9746.765 11600.125
66.667 10661.728 9803.328 11698.829
71.429 10739.829 9863.609 11805.556
76.923 10823.345 9927.921 11920.543
83.333 10913.12 9996.684 12044.306
90.909 11010.211 10070.492 12180.203
100 11115.975 10149.755 12328.779
111.111 11232.185 10236.509 12493.835
125 11361.234 10332.545 12678.048
142.857 11506.452 10439.081 12889.756
166.667 11672.685 10558.887 13132.665
200 11867.382 10697.867 13422.143
250 12102.905 10862.883 13775.976
333.333 12402.153 11068.652 14239.842
500 12815.739 11345.035 14900.035
1000 13501.385 11783.117 16039.957
1111.111 13603.308 11846.058 16214.77
1250 13716.547 11915.444 16411.43
1428.571 13844.034 11992.878 16634.619
1666.667 13990.041 12080.6 16896.906
2000 14161.131 12181.747 17205.235
2500 14368.196 12302.437 17582.272
3333.333 14631.412 12453.356 18076.775
5000 14995.373 12656.223 18771.16
10000 15599.045 12976.904 19982.952
