"Pr" "Mp" "Q_2" "Q_9"
1.01 3452.633 2659.49 3924.754
1.011 3482.318 2700.324 3949.65
1.012 3509.951 2738.364 3973.099
1.013 3535.839 2773.62 3995.303
1.014 3560.221 2806.957 4016.116
1.015 3583.291 2838.361 4036.044
1.016 3605.204 2867.928 4054.76
1.017 3626.091 2895.941 4073.028
1.018 3646.061 2922.872 4090.335
1.019 3665.204 2948.603 4106.984
1.02 3683.6 2973.088 4122.872
1.021 3701.315 2996.834 4138.339
1.022 3718.409 3019.585 4153.378
1.024 3734.931 3041.345 4168.08
1.025 3750.927 3062.547 4182.207
1.026 3766.437 3083.111 4195.823
1.027 3781.494 3103.032 4209.079
1.028 3796.132 3122.314 4222.086
1.029 3810.377 3141.2 4234.803
1.03 3824.256 3159.535 4247.224
1.031 3837.791 3177.18 4259.411
1.032 3851.003 3194.547 4271.264
1.033 3863.91 3211.536 4282.964
1.034 3876.531 3228.081 4294.199
1.035 3888.88 3244.197 4305.354
1.036 3900.972 3259.965 4316.334
1.037 3912.82 3275.198 4327.083
1.038 3924.437 3290.387 4337.706
1.04 3935.835 3305.139 4348.071
1.041 3947.022 3319.508 4358.338
1.042 3958.01 3333.605 4368.322
1.043 3968.807 3347.531 4378.303
1.044 3979.422 3360.926 4387.915
1.045 3989.863 3374.327 4397.36
1.046 4000.137 3387.451 4406.709
1.047 4010.25 3400.413 4415.912
1.048 4020.21 3413.471 4425.152
1.049 4030.022 3426.268 4434.243
1.05 4039.693 3438.612 4443.185
1.052 4049.227 3450.896 4451.913
1.053 4058.629 3462.902 4460.639
1.054 4067.905 3474.665 4469.396
1.055 4077.059 3486.368 4477.958
1.056 4086.095 3497.897 4486.364
1.057 4095.017 3509.144 4494.574
1.058 4103.83 3520.246 4502.705
1.059 4112.536 3531.129 4510.815
1.06 4121.139 3541.954 4518.918
1.062 4129.643 3552.542 4526.907
1.063 4138.05 3563.036 4534.761
1.064 4146.364 3573.558 4542.523
1.065 4154.587 3583.799 4550.268
1.066 4162.723 3594.079 4557.907
1.067 4170.773 3604.094 4565.509
1.068 4178.741 3613.988 4572.974
1.07 4186.628 3623.67 4580.394
1.071 4194.437 3633.377 4587.725
1.072 4202.17 3643.062 4594.974
1.073 4209.83 3652.559 4602.163
1.074 4217.417 3662.004 4609.249
1.075 4224.935 3671.425 4616.284
1.076 4232.384 3680.542 4623.325
1.078 4239.767 3689.518 4630.318
1.079 4247.085 3698.654 4637.165
1.08 4254.341 3707.61 4644.023
1.081 4261.535 3716.556 4650.872
1.082 4268.669 3725.584 4657.603
1.083 4275.744 3734.186 4664.378
1.085 4282.763 3742.907 4671.067
1.086 4289.725 3751.605 4677.68
1.087 4296.634 3760.098 4684.349
1.088 4303.489 3768.681 4690.932
1.089 4310.292 3777.144 4697.392
1.091 4317.044 3785.338 4703.836
1.092 4323.747 3793.487 4710.269
1.093 4330.402 3801.632 4716.612
1.094 4337.008 3809.727 4722.842
1.095 4343.569 3817.773 4729.309
1.096 4350.084 3825.658 4735.636
1.098 4356.554 3833.48 4741.926
1.099 4362.981 3841.254 4748.12
1.1 4369.365 3848.99 4754.242
1.101 4375.708 3856.76 4760.393
1.103 4382.009 3864.37 4766.451
1.104 4388.271 3872.029 4772.513
1.105 4394.493 3879.538 4778.641
1.106 4400.677 3887.049 4784.705
1.107 4406.823 3894.579 4790.58
1.109 4412.931 3902.101 4796.446
1.11 4419.004 3909.44 4802.308
1.111 4425.041 3916.728 4808.086
1.112 4431.043 3924.05 4813.904
1.114 4437.01 3931.232 4819.658
1.115 4442.944 3938.408 4825.473
1.116 4448.845 3945.408 4831.271
1.117 4454.713 3952.407 4836.965
1.119 4460.55 3959.464 4842.687
1.12 4466.355 3966.44 4848.306
1.121 4472.13 3973.351 4853.894
1.122 4477.874 3980.398 4859.502
1.124 4483.589 3987.247 4864.982
1.125 4489.274 3994.002 4870.473
1.126 4494.931 4000.766 4876.019
1.127 4500.559 4007.487 4881.535
1.129 4506.16 4014.239 4887.038
1.13 4511.734 4020.949 4892.478
1.131 4517.281 4027.554 4897.934
1.133 4522.801 4034.055 4903.28
1.134 4528.296 4040.729 4908.701
1.135 4533.765 4047.158 4914.043
1.136 4539.209 4053.688 4919.418
1.138 4544.629 4060.075 4924.741
1.139 4550.024 4066.581 4929.969
1.14 4555.395 4072.985 4935.251
1.142 4560.743 4079.258 4940.565
1.143 4566.068 4085.61 4945.758
1.144 4571.37 4091.918 4950.97
1.145 4576.649 4098.12 4956.154
1.147 4581.907 4104.263 4961.326
1.148 4587.142 4110.59 4966.449
1.149 4592.357 4116.755 4971.49
1.151 4597.55 4122.833 4976.668
1.152 4602.722 4128.96 4981.736
1.153 4607.874 4135.084 4986.826
1.155 4613.006 4141.23 4991.819
1.156 4618.117 4147.196 4996.842
1.157 4623.21 4153.195 5001.898
1.159 4628.283 4159.038 5006.878
1.16 4633.337 4164.887 5011.822
1.161 4638.372 4170.798 5016.815
1.163 4643.389 4176.715 5021.86
1.164 4648.387 4182.578 5026.765
1.166 4653.368 4188.37 5031.761
1.167 4658.331 4194.278 5036.696
1.168 4663.276 4200.175 5041.569
1.17 4668.204 4206.018 5046.409
1.171 4673.115 4211.674 5051.329
1.172 4678.01 4217.277 5056.129
1.174 4682.888 4222.952 5060.967
1.175 4687.75 4228.678 5065.823
1.176 4692.595 4234.381 5070.687
1.178 4697.425 4239.992 5075.58
1.179 4702.239 4245.646 5080.376
1.181 4707.038 4251.218 5085.147
1.182 4711.822 4256.823 5089.93
1.183 4716.59 4262.361 5094.634
1.185 4721.344 4267.831 5099.295
1.186 4726.083 4273.278 5104.045
1.188 4730.808 4278.814 5108.787
1.189 4735.518 4284.16 5113.472
1.19 4740.214 4289.561 5118.088
1.192 4744.897 4294.941 5122.738
1.193 4749.566 4300.361 5127.411
1.195 4754.221 4305.689 5132.117
1.196 4758.863 4310.995 5136.768
1.198 4763.492 4316.245 5141.336
1.199 4768.107 4321.536 5146.032
1.2 4772.71 4326.894 5150.657
1.202 4777.3 4332.223 5155.237
1.203 4781.878 4337.533 5159.779
1.205 4786.443 4342.766 5164.298
1.206 4790.997 4347.963 5168.879
1.208 4795.538 4353.313 5173.455
1.209 4800.067 4358.523 5178.059
1.211 4804.584 4363.783 5182.603
1.212 4809.09 4368.812 5187.154
1.214 4813.584 4373.863 5191.718
1.215 4818.067 4378.966 5196.246
1.217 4822.539 4384.185 5200.707
1.218 4826.999 4389.239 5205.098
1.22 4831.449 4394.354 5209.63
1.221 4835.888 4399.488 5214.056
1.222 4840.316 4404.572 5218.544
1.224 4844.734 4409.618 5222.9
1.225 4849.142 4414.665 5227.322
1.227 4853.539 4419.663 5231.735
1.229 4857.926 4424.731 5236.143
1.23 4862.302 4429.691 5240.553
1.232 4866.669 4434.636 5245.012
1.233 4871.027 4439.571 5249.364
1.235 4875.374 4444.387 5253.818
1.236 4879.712 4449.282 5258.303
1.238 4884.04 4454.162 5262.655
1.239 4888.359 4459.034 5266.973
1.241 4892.669 4463.942 5271.345
1.242 4896.97 4468.846 5275.747
1.244 4901.262 4473.718 5280.09
1.245 4905.544 4478.584 5284.41
1.247 4909.818 4483.483 5288.788
1.248 4914.083 4488.296 5293.108
1.25 4918.34 4493.204 5297.469
1.252 4922.588 4498.067 5301.819
1.253 4926.828 4502.789 5306.135
1.255 4931.059 4507.649 5310.421
1.256 4935.282 4512.347 5314.744
1.258 4939.497 4516.991 5318.995
1.259 4943.704 4521.736 5323.289
1.261 4947.903 4526.371 5327.567
1.263 4952.095 4531.157 5331.831
1.264 4956.278 4535.937 5336.076
1.266 4960.454 4540.543 5340.272
1.267 4964.622 4545.188 5344.47
1.269 4968.783 4549.861 5348.667
1.271 4972.936 4554.498 5352.908
1.272 4977.082 4559.078 5357.084
1.274 4981.221 4563.697 5361.346
1.276 4985.352 4568.18 5365.566
1.277 4989.477 4572.811 5369.779
1.279 4993.594 4577.424 5373.93
1.28 4997.705 4581.878 5378.096
1.282 5001.809 4586.379 5382.393
1.284 5005.906 4590.867 5386.593
1.285 5009.996 4595.386 5390.761
1.287 5014.08 4599.905 5394.883
1.289 5018.157 4604.329 5399.075
1.29 5022.227 4608.817 5403.23
1.292 5026.292 4613.455 5407.358
1.294 5030.35 4617.919 5411.429
1.295 5034.402 4622.438 5415.598
1.297 5038.447 4626.965 5419.777
1.299 5042.487 4631.409 5423.848
1.3 5046.52 4635.762 5427.953
1.302 5050.548 4640.203 5432.061
1.304 5054.569 4644.632 5436.28
1.305 5058.585 4649.043 5440.322
1.307 5062.595 4653.461 5444.433
1.309 5066.6 4657.889 5448.595
1.311 5070.599 4662.282 5452.672
1.312 5074.592 4666.814 5456.748
1.314 5078.579 4671.173 5460.881
1.316 5082.562 4675.592 5464.962
1.318 5086.539 4679.887 5469.099
1.319 5090.51 4684.284 5473.207
1.321 5094.477 4688.629 5477.175
1.323 5098.438 4692.97 5481.221
1.325 5102.394 4697.281 5485.22
1.326 5106.345 4701.66 5489.28
1.328 5110.291 4705.912 5493.397
1.33 5114.232 4710.139 5497.422
1.332 5118.168 4714.259 5501.474
1.333 5122.099 4718.585 5505.562
1.335 5126.026 4722.826 5509.471
1.337 5129.948 4727.125 5513.485
1.339 5133.865 4731.461 5517.429
1.34 5137.778 4735.738 5521.45
1.342 5141.686 4739.949 5525.491
1.344 5145.589 4744.238 5529.532
1.346 5149.488 4748.413 5533.636
1.348 5153.383 4752.748 5537.627
1.35 5157.273 4757.021 5541.616
1.351 5161.159 4761.252 5545.555
1.353 5165.041 4765.453 5549.586
1.355 5168.919 4769.734 5553.582
1.357 5172.792 4773.959 5557.601
1.359 5176.662 4778.13 5561.519
1.361 5180.527 4782.311 5565.445
1.362 5184.388 4786.438 5569.462
1.364 5188.246 4790.658 5573.362
1.366 5192.099 4794.827 5577.303
1.368 5195.949 4798.952 5581.252
1.37 5199.795 4803.071 5585.222
1.372 5203.637 4807.196 5589.251
1.374 5207.476 4811.386 5593.302
1.376 5211.311 4815.531 5597.293
1.377 5215.142 4819.639 5601.23
1.379 5218.969 4823.759 5605.18
1.381 5222.794 4827.91 5609.113
1.383 5226.614 4832.02 5613.053
1.385 5230.432 4836.084 5616.974
1.387 5234.246 4840.19 5620.896
1.389 5238.056 4844.335 5624.872
1.391 5241.863 4848.443 5628.838
1.393 5245.667 4852.448 5632.792
1.395 5249.468 4856.582 5636.731
1.397 5253.266 4860.577 5640.693
1.399 5257.061 4864.699 5644.63
1.401 5260.852 4868.736 5648.621
1.403 5264.64 4872.763 5652.592
1.404 5268.426 4876.806 5656.486
1.406 5272.208 4880.842 5660.342
1.408 5275.988 4884.823 5664.253
1.41 5279.765 4888.884 5668.205
1.412 5283.539 4892.946 5672.153
1.414 5287.31 4896.863 5676.097
1.416 5291.078 4900.861 5680.017
1.418 5294.844 4904.836 5683.935
1.42 5298.607 4908.824 5687.787
1.422 5302.367 4912.893 5691.653
1.425 5306.125 4916.853 5695.474
1.427 5309.88 4920.851 5699.383
1.429 5313.633 4924.781 5703.262
1.431 5317.383 4928.754 5707.168
1.433 5321.13 4932.685 5711.022
1.435 5324.876 4936.667 5714.941
1.437 5328.619 4940.601 5718.814
1.439 5332.359 4944.516 5722.652
1.441 5336.098 4948.491 5726.542
1.443 5339.834 4952.312 5730.385
1.445 5343.568 4956.35 5734.321
1.447 5347.299 4960.321 5738.129
1.449 5351.029 4964.336 5741.973
1.451 5354.756 4968.28 5745.804
1.453 5358.481 4972.207 5749.683
1.456 5362.205 4976.082 5753.542
1.458 5365.926 4979.98 5757.408
1.46 5369.645 4983.915 5761.278
1.462 5373.363 4987.865 5765.22
1.464 5377.078 4991.761 5769.051
1.466 5380.792 4995.715 5772.913
1.468 5384.503 4999.661 5776.803
1.471 5388.213 5003.552 5780.634
1.473 5391.921 5007.408 5784.495
1.475 5395.628 5011.218 5788.351
1.477 5399.332 5015.041 5792.13
1.479 5403.035 5018.939 5795.96
1.481 5406.737 5022.941 5799.777
1.484 5410.437 5026.825 5803.629
1.486 5414.135 5030.803 5807.518
1.488 5417.831 5034.754 5811.397
1.49 5421.526 5038.563 5815.239
1.493 5425.22 5042.526 5819.15
1.495 5428.912 5046.299 5823.067
1.497 5432.603 5050.216 5826.882
1.499 5436.293 5054.124 5830.711
1.502 5439.981 5057.942 5834.56
1.504 5443.667 5061.805 5838.361
1.506 5447.353 5065.663 5842.222
1.508 5451.037 5069.501 5846.107
1.511 5454.72 5073.287 5849.932
1.513 5458.401 5077.094 5853.815
1.515 5462.082 5080.859 5857.614
1.517 5465.761 5084.79 5861.46
1.52 5469.44 5088.555 5865.242
1.522 5473.117 5092.312 5869.112
1.524 5476.793 5096.128 5872.996
1.527 5480.468 5099.901 5876.943
1.529 5484.142 5103.707 5880.785
1.531 5487.816 5107.484 5884.722
1.534 5491.488 5111.225 5888.649
1.536 5495.159 5114.994 5892.571
1.538 5498.83 5118.744 5896.455
1.541 5502.499 5122.676 5900.341
1.543 5506.168 5126.442 5904.214
1.546 5509.836 5130.165 5908.087
1.548 5513.503 5134.039 5911.963
1.55 5517.17 5137.786 5915.853
1.553 5520.836 5141.544 5919.707
1.555 5524.501 5145.376 5923.481
1.558 5528.166 5149.143 5927.366
1.56 5531.829 5152.811 5931.182
1.563 5535.493 5156.559 5935.074
1.565 5539.155 5160.253 5938.874
1.567 5542.818 5164.071 5942.717
1.57 5546.479 5167.858 5946.592
1.572 5550.141 5171.576 5950.47
1.575 5553.801 5175.316 5954.366
1.577 5557.462 5179.079 5958.179
1.58 5561.122 5182.802 5962.04
1.582 5564.781 5186.495 5965.908
1.585 5568.44 5190.25 5969.756
1.587 5572.099 5194.068 5973.586
1.59 5575.758 5197.824 5977.38
1.592 5579.416 5201.625 5981.242
1.595 5583.074 5205.469 5985.045
1.597 5586.732 5209.198 5988.885
1.6 5590.39 5212.931 5992.755
1.603 5594.048 5216.66 5996.565
1.605 5597.705 5220.473 6000.332
1.608 5601.362 5224.221 6004.24
1.61 5605.02 5227.876 6008.098
1.613 5608.677 5231.558 6011.911
1.616 5612.334 5235.409 6015.739
1.618 5615.991 5239.28 6019.568
1.621 5619.648 5243.069 6023.435
1.623 5623.306 5246.892 6027.222
1.626 5626.963 5250.594 6031.057
1.629 5630.62 5254.347 6034.857
1.631 5634.278 5258.069 6038.671
1.634 5637.936 5261.784 6042.555
1.637 5641.594 5265.504 6046.397
1.639 5645.252 5269.257 6050.201
1.642 5648.91 5273.016 6054.07
1.645 5652.569 5276.877 6057.984
1.647 5656.228 5280.69 6061.819
1.65 5659.887 5284.439 6065.622
1.653 5663.547 5288.18 6069.392
1.656 5667.206 5291.991 6073.258
1.658 5670.867 5295.715 6077.134
1.661 5674.527 5299.435 6081.088
1.664 5678.189 5303.227 6084.975
1.667 5681.85 5306.967 6088.871
1.669 5685.512 5310.676 6092.787
1.672 5689.175 5314.483 6096.631
1.675 5692.838 5318.266 6100.52
1.678 5696.502 5321.958 6104.338
1.681 5700.166 5325.656 6108.196
1.684 5703.831 5329.406 6112.071
1.686 5707.497 5333.148 6115.928
1.689 5711.163 5336.792 6119.785
1.692 5714.83 5340.523 6123.659
1.695 5718.497 5344.208 6127.492
1.698 5722.166 5347.997 6131.3
1.701 5725.835 5351.706 6135.206
1.704 5729.505 5355.441 6139.125
1.706 5733.175 5359.263 6143.017
1.709 5736.847 5362.93 6146.854
1.712 5740.519 5366.622 6150.745
1.715 5744.193 5370.272 6154.628
1.718 5747.867 5373.986 6158.475
1.721 5751.542 5377.733 6162.336
1.724 5755.218 5381.426 6166.167
1.727 5758.895 5385.19 6169.987
1.73 5762.573 5388.829 6173.794
1.733 5766.252 5392.721 6177.699
1.736 5769.933 5396.57 6181.548
1.739 5773.614 5400.314 6185.365
1.742 5777.296 5404.093 6189.241
1.745 5780.98 5407.862 6193.187
1.748 5784.665 5411.57 6197.096
1.751 5788.35 5415.241 6201.007
1.754 5792.037 5418.937 6204.824
1.757 5795.726 5422.642 6208.648
1.761 5799.415 5426.389 6212.532
1.764 5803.106 5430.076 6216.441
1.767 5806.798 5433.758 6220.329
1.77 5810.492 5437.487 6224.208
1.773 5814.187 5441.171 6228.067
1.776 5817.883 5444.889 6231.956
1.779 5821.58 5448.614 6235.833
1.783 5825.279 5452.329 6239.743
1.786 5828.98 5456.119 6243.637
1.789 5832.682 5459.834 6247.517
1.792 5836.385 5463.55 6251.362
1.795 5840.09 5467.318 6255.287
1.799 5843.797 5471.035 6259.164
1.802 5847.505 5474.748 6263.02
1.805 5851.215 5478.502 6266.931
1.808 5854.926 5482.279 6270.823
1.812 5858.639 5486.002 6274.788
1.815 5862.354 5489.761 6278.697
1.818 5866.07 5493.565 6282.594
1.821 5869.788 5497.272 6286.486
1.825 5873.508 5500.91 6290.392
1.828 5877.229 5504.593 6294.293
1.832 5880.953 5508.28 6298.207
1.835 5884.678 5512.028 6302.114
1.838 5888.405 5515.739 6305.981
1.842 5892.134 5519.513 6309.995
1.845 5895.865 5523.215 6313.958
1.848 5899.598 5527.014 6317.796
1.852 5903.332 5530.774 6321.76
1.855 5907.069 5534.459 6325.735
1.859 5910.808 5538.257 6329.754
1.862 5914.548 5541.973 6333.73
1.866 5918.291 5545.713 6337.713
1.869 5922.036 5549.453 6341.681
1.873 5925.783 5553.188 6345.658
1.876 5929.532 5557.062 6349.575
1.88 5933.283 5560.876 6353.501
1.883 5937.036 5564.619 6357.44
1.887 5940.792 5568.418 6361.42
1.89 5944.55 5572.184 6365.316
1.894 5948.31 5576.011 6369.349
1.898 5952.072 5579.849 6373.387
1.901 5955.837 5583.651 6377.266
1.905 5959.604 5587.492 6381.31
1.908 5963.373 5591.305 6385.291
1.912 5967.145 5595.168 6389.242
1.916 5970.919 5598.922 6393.119
1.919 5974.695 5602.735 6397.166
1.923 5978.474 5606.531 6401.131
1.927 5982.256 5610.37 6405.129
1.931 5986.039 5614.108 6409.142
1.934 5989.826 5617.924 6413.109
1.938 5993.615 5621.709 6417.111
1.942 5997.407 5625.575 6421.112
1.946 6001.201 5629.346 6425.073
1.949 6004.998 5633.138 6429.063
1.953 6008.797 5637.011 6433.056
1.957 6012.599 5640.919 6437.051
1.961 6016.404 5644.85 6441.1
1.965 6020.212 5648.643 6445.144
1.969 6024.022 5652.496 6449.175
1.972 6027.836 5656.287 6453.259
1.976 6031.652 5660.225 6457.295
1.98 6035.471 5664.149 6461.385
1.984 6039.292 5668.003 6465.481
1.988 6043.117 5671.841 6469.567
1.992 6046.945 5675.67 6473.678
1.996 6050.775 5679.512 6477.669
2 6054.609 5683.346 6481.713
2.004 6058.445 5687.216 6485.774
2.008 6062.285 5690.989 6489.825
2.012 6066.127 5694.819 6493.838
2.016 6069.973 5698.682 6497.918
2.02 6073.822 5702.573 6501.92
2.024 6077.674 5706.383 6505.984
2.028 6081.529 5710.243 6510.029
2.033 6085.388 5714.072 6514.1
2.037 6089.249 5717.936 6518.207
2.041 6093.114 5721.7 6522.35
2.045 6096.982 5725.547 6526.485
2.049 6100.854 5729.402 6530.61
2.053 6104.728 5733.207 6534.745
2.058 6108.607 5737.113 6538.968
2.062 6112.488 5740.996 6543.049
2.066 6116.373 5744.779 6547.182
2.07 6120.262 5748.571 6551.311
2.075 6124.153 5752.446 6555.378
2.079 6128.049 5756.368 6559.474
2.083 6131.948 5760.263 6563.651
2.088 6135.85 5764.249 6567.781
2.092 6139.757 5768.06 6571.978
2.096 6143.666 5771.943 6576.117
2.101 6147.58 5775.826 6580.238
2.105 6151.497 5779.709 6584.5
2.11 6155.418 5783.659 6588.641
2.114 6159.342 5787.552 6592.738
2.119 6163.271 5791.465 6596.828
2.123 6167.203 5795.411 6601.027
2.128 6171.139 5799.29 6605.179
2.132 6175.079 5803.204 6609.373
2.137 6179.022 5807.138 6613.553
2.141 6182.97 5811.045 6617.709
2.146 6186.922 5814.954 6621.902
2.151 6190.877 5818.841 6626.153
2.155 6194.837 5822.774 6630.313
2.16 6198.801 5826.69 6634.46
2.165 6202.768 5830.606 6638.702
2.169 6206.74 5834.538 6642.937
2.174 6210.716 5838.471 6647.142
2.179 6214.697 5842.475 6651.313
2.183 6218.681 5846.398 6655.529
2.188 6222.67 5850.308 6659.687
2.193 6226.662 5854.243 6663.898
2.198 6230.66 5858.205 6668.186
2.203 6234.661 5862.147 6672.459
2.208 6238.667 5866.076 6676.745
2.212 6242.677 5870.077 6680.979
2.217 6246.692 5874.035 6685.287
2.222 6250.711 5877.997 6689.59
2.227 6254.735 5882.004 6693.761
2.232 6258.763 5886.017 6698.074
2.237 6262.796 5889.993 6702.27
2.242 6266.833 5893.909 6706.586
2.247 6270.875 5897.933 6710.906
2.252 6274.922 5901.879 6715.287
2.257 6278.973 5905.897 6719.569
2.262 6283.029 5909.894 6723.812
2.268 6287.09 5914.013 6728.082
2.273 6291.155 5918.12 6732.414
2.278 6295.226 5922.173 6736.815
2.283 6299.301 5926.237 6741.165
2.288 6303.381 5930.343 6745.536
2.294 6307.466 5934.389 6749.853
2.299 6311.556 5938.377 6754.232
2.304 6315.651 5942.517 6758.652
2.309 6319.751 5946.51 6763.05
2.315 6323.857 5950.441 6767.396
2.32 6327.967 5954.486 6771.756
2.326 6332.082 5958.593 6776.18
2.331 6336.203 5962.7 6780.531
2.336 6340.329 5966.775 6784.894
2.342 6344.46 5970.881 6789.323
2.347 6348.596 5975.01 6793.75
2.353 6352.738 5979.067 6798.182
2.358 6356.885 5983.15 6802.553
2.364 6361.037 5987.24 6806.931
2.37 6365.195 5991.32 6811.357
2.375 6369.358 5995.431 6815.737
2.381 6373.527 5999.58 6820.175
2.387 6377.702 6003.839 6824.579
2.392 6381.882 6007.961 6828.952
2.398 6386.067 6012.089 6833.367
2.404 6390.259 6016.275 6837.825
2.41 6394.456 6020.481 6842.242
2.415 6398.658 6024.717 6846.69
2.421 6402.867 6028.771 6851.118
2.427 6407.081 6032.948 6855.635
2.433 6411.301 6037.092 6860.096
2.439 6415.527 6041.321 6864.543
2.445 6419.76 6045.518 6869.125
2.451 6423.998 6049.71 6873.58
2.457 6428.242 6053.844 6878.057
2.463 6432.492 6058.043 6882.612
2.469 6436.748 6062.224 6887.096
2.475 6441.01 6066.451 6891.653
2.481 6445.279 6070.704 6896.206
2.488 6449.554 6074.946 6900.766
2.494 6453.835 6079.166 6905.324
2.5 6458.122 6083.404 6909.9
2.506 6462.416 6087.63 6914.529
2.513 6466.716 6091.854 6919.036
2.519 6471.023 6096.046 6923.602
2.525 6475.336 6100.257 6928.189
2.532 6479.655 6104.501 6932.718
2.538 6483.982 6108.761 6937.308
2.545 6488.314 6113.114 6941.984
2.551 6492.654 6117.413 6946.524
2.558 6497 6121.723 6951.19
2.564 6501.353 6125.966 6955.802
2.571 6505.713 6130.262 6960.457
2.577 6510.079 6134.572 6964.997
2.584 6514.453 6138.925 6969.632
2.591 6518.833 6143.238 6974.23
2.597 6523.221 6147.552 6978.926
2.604 6527.615 6151.912 6983.585
2.611 6532.017 6156.314 6988.267
2.618 6536.426 6160.636 6992.992
2.625 6540.841 6164.966 6997.747
2.632 6545.264 6169.366 7002.436
2.639 6549.695 6173.716 7007.155
2.646 6554.133 6178.041 7011.816
2.653 6558.578 6182.48 7016.52
2.66 6563.03 6186.96 7021.229
2.667 6567.49 6191.345 7026.029
2.674 6571.957 6195.707 7030.764
2.681 6576.433 6200.165 7035.514
2.688 6580.915 6204.581 7040.321
2.695 6585.406 6208.939 7045.112
2.703 6589.904 6213.406 7049.865
2.71 6594.409 6217.781 7054.686
2.717 6598.923 6222.269 7059.518
2.725 6603.445 6226.777 7064.383
2.732 6607.974 6231.259 7069.211
2.74 6612.512 6235.69 7074.043
2.747 6617.057 6240.159 7078.854
2.755 6621.611 6244.554 7083.685
2.762 6626.173 6249.031 7088.539
2.77 6630.743 6253.622 7093.334
2.778 6635.321 6258.135 7098.212
2.786 6639.908 6262.659 7103.194
2.793 6644.503 6267.209 7108.065
2.801 6649.106 6271.73 7112.878
2.809 6653.718 6276.257 7117.718
2.817 6658.339 6280.77 7122.644
2.825 6662.968 6285.331 7127.486
2.833 6667.605 6289.953 7132.483
2.841 6672.252 6294.563 7137.439
2.849 6676.907 6299.221 7142.351
2.857 6681.571 6303.864 7147.326
2.865 6686.244 6308.491 7152.319
2.874 6690.926 6313.11 7157.299
2.882 6695.617 6317.729 7162.269
2.89 6700.317 6322.32 7167.332
2.899 6705.027 6326.975 7172.368
2.907 6709.745 6331.581 7177.387
2.915 6714.473 6336.238 7182.399
2.924 6719.21 6340.992 7187.304
2.933 6723.957 6345.713 7192.386
2.941 6728.713 6350.395 7197.398
2.95 6733.478 6354.985 7202.47
2.959 6738.253 6359.7 7207.527
2.967 6743.038 6364.407 7212.72
2.976 6747.833 6369.186 7217.754
2.985 6752.637 6373.958 7222.84
2.994 6757.452 6378.715 7227.983
3.003 6762.276 6383.455 7233.13
3.012 6767.11 6388.122 7238.242
3.021 6771.954 6392.923 7243.335
3.03 6776.809 6397.748 7248.381
3.04 6781.673 6402.527 7253.537
3.049 6786.548 6407.389 7258.682
3.058 6791.434 6412.197 7263.797
3.067 6796.33 6416.995 7268.969
3.077 6801.236 6421.868 7274.189
3.086 6806.153 6426.71 7279.402
3.096 6811.08 6431.522 7284.711
3.106 6816.019 6436.369 7289.991
3.115 6820.968 6441.197 7295.218
3.125 6825.928 6446.065 7300.532
3.135 6830.899 6451.015 7305.807
3.145 6835.881 6455.925 7311.06
3.155 6840.874 6460.797 7316.432
3.165 6845.878 6465.68 7321.801
3.175 6850.894 6470.625 7327.19
3.185 6855.921 6475.609 7332.433
3.195 6860.96 6480.456 7337.704
3.205 6866.01 6485.401 7343.009
3.215 6871.071 6490.417 7348.416
3.226 6876.145 6495.379 7353.748
3.236 6881.23 6500.381 7359.23
3.247 6886.327 6505.374 7364.672
3.257 6891.436 6510.25 7370.109
3.268 6896.557 6515.297 7375.58
3.279 6901.69 6520.347 7381.134
3.289 6906.835 6525.461 7386.655
3.3 6911.993 6530.518 7392.157
3.311 6917.163 6535.581 7397.62
3.322 6922.345 6540.732 7403.162
3.333 6927.54 6545.848 7408.695
3.344 6932.748 6551.029 7414.273
3.356 6937.969 6556.226 7419.884
3.367 6943.202 6561.352 7425.414
3.378 6948.449 6566.485 7431.038
3.39 6953.708 6571.696 7436.662
3.401 6958.981 6576.935 7442.214
3.413 6964.267 6582.248 7447.884
3.425 6969.566 6587.454 7453.569
3.436 6974.878 6592.655 7459.26
3.448 6980.205 6597.914 7464.962
3.46 6985.544 6603.198 7470.65
3.472 6990.898 6608.463 7476.299
3.484 6996.266 6613.66 7482.003
3.497 7001.647 6618.925 7487.801
3.509 7007.043 6624.184 7493.484
3.521 7012.452 6629.449 7499.321
3.534 7017.876 6634.808 7505.072
3.546 7023.315 6640.116 7510.773
3.559 7028.768 6645.371 7516.569
3.571 7034.235 6650.679 7522.336
3.584 7039.717 6656.06 7528.171
3.597 7045.214 6661.542 7534.069
3.61 7050.727 6666.963 7539.99
3.623 7056.254 6672.433 7545.814
3.636 7061.796 6677.939 7551.732
3.65 7067.354 6683.372 7557.656
3.663 7072.927 6688.958 7563.582
3.676 7078.516 6694.496 7569.565
3.69 7084.12 6700.039 7575.533
3.704 7089.74 6705.477 7581.48
3.717 7095.376 6710.987 7587.463
3.731 7101.028 6716.456 7593.533
3.745 7106.697 6722.04 7599.555
3.759 7112.381 6727.553 7605.585
3.774 7118.082 6733.126 7611.581
3.788 7123.8 6738.809 7617.709
3.802 7129.535 6744.461 7623.848
3.817 7135.286 6750.06 7629.966
3.831 7141.054 6755.802 7636.045
3.846 7146.839 6761.434 7642.191
3.861 7152.642 6767.12 7648.396
3.876 7158.462 6772.733 7654.704
3.891 7164.3 6778.424 7660.933
3.906 7170.155 6784.156 7667.181
3.922 7176.028 6789.852 7673.391
3.937 7181.919 6795.639 7679.734
3.953 7187.829 6801.367 7686.08
3.968 7193.756 6807.175 7692.385
3.984 7199.702 6812.928 7698.765
4 7205.667 6818.76 7705.15
4.016 7211.65 6824.615 7711.513
4.032 7217.652 6830.558 7717.994
4.049 7223.674 6836.554 7724.425
4.065 7229.714 6842.409 7730.841
4.082 7235.774 6848.29 7737.282
4.098 7241.854 6854.287 7743.721
4.115 7247.953 6860.309 7750.224
4.132 7254.073 6866.32 7756.641
4.149 7260.212 6872.265 7763.179
4.167 7266.371 6878.287 7769.736
4.184 7272.551 6884.339 7776.367
4.202 7278.752 6890.36 7782.882
4.219 7284.973 6896.437 7789.58
4.237 7291.216 6902.556 7796.2
4.255 7297.479 6908.633 7802.904
4.274 7303.764 6914.757 7809.746
4.292 7310.07 6920.952 7816.432
4.31 7316.399 6927.147 7823.115
4.329 7322.749 6933.368 7829.919
4.348 7329.121 6939.645 7836.713
4.367 7335.515 6945.985 7843.553
4.386 7341.932 6952.323 7850.39
4.405 7348.372 6958.658 7857.231
4.425 7354.835 6965.086 7864.062
4.444 7361.32 6971.385 7871.051
4.464 7367.83 6977.77 7877.886
4.484 7374.362 6984.202 7884.84
4.505 7380.919 6990.597 7891.866
4.525 7387.5 6997.039 7898.907
4.545 7394.104 7003.442 7906.04
4.566 7400.734 7009.973 7913.168
4.587 7407.388 7016.419 7920.226
4.608 7414.067 7022.882 7927.418
4.63 7420.771 7029.431 7934.63
4.651 7427.5 7036.041 7941.916
4.673 7434.255 7042.632 7949.181
4.695 7441.036 7049.358 7956.571
4.717 7447.844 7055.939 7963.847
4.739 7454.677 7062.724 7971.267
4.762 7461.537 7069.359 7978.599
4.785 7468.425 7076.041 7986.022
4.808 7475.339 7082.878 7993.489
4.831 7482.281 7089.638 8000.894
4.854 7489.25 7096.371 8008.415
4.878 7496.248 7103.152 8015.896
4.902 7503.274 7109.945 8023.428
4.926 7510.328 7116.858 8031.004
4.95 7517.411 7123.734 8038.675
4.975 7524.524 7130.599 8046.289
5 7531.666 7137.545 8053.93
5.025 7538.837 7144.506 8061.614
5.051 7546.039 7151.523 8069.413
5.076 7553.271 7158.51 8077.253
5.102 7560.534 7165.594 8085.233
5.128 7567.827 7172.762 8092.993
5.155 7575.152 7179.879 8100.943
5.181 7582.509 7187.068 8108.796
5.208 7589.898 7194.207 8116.772
5.236 7597.319 7201.412 8124.901
5.263 7604.772 7208.851 8133.024
5.291 7612.259 7216.076 8141.205
5.319 7619.779 7223.475 8149.318
5.348 7627.333 7230.814 8157.478
5.376 7634.921 7238.16 8165.689
5.405 7642.543 7245.644 8173.811
5.435 7650.2 7253.11 8182.17
5.464 7657.893 7260.639 8190.344
5.495 7665.621 7268.203 8198.837
5.525 7673.385 7275.635 8207.26
5.556 7681.185 7283.245 8215.852
5.587 7689.022 7290.791 8224.364
5.618 7696.897 7298.456 8233.072
5.65 7704.809 7306.23 8241.669
5.682 7712.76 7313.953 8250.354
5.714 7720.749 7321.714 8259.095
5.747 7728.776 7329.545 8267.766
5.78 7736.844 7337.334 8276.516
5.814 7744.951 7345.188 8285.339
5.848 7753.099 7353.016 8294.244
5.882 7761.287 7361.049 8303.217
5.917 7769.517 7368.955 8312.087
5.952 7777.789 7377.02 8321.154
5.988 7786.103 7385.122 8330.309
6.024 7794.459 7393.289 8339.509
6.061 7802.86 7401.536 8348.855
6.098 7811.304 7409.716 8358.136
6.135 7819.792 7417.912 8367.54
6.173 7828.326 7426.191 8376.894
6.211 7836.905 7434.404 8386.405
6.25 7845.53 7442.765 8395.974
6.289 7854.202 7451.073 8405.641
6.329 7862.921 7459.544 8415.37
6.369 7871.688 7467.974 8425.001
6.41 7880.504 7476.44 8434.659
6.452 7889.368 7485.154 8444.448
6.494 7898.283 7493.826 8454.327
6.536 7907.248 7502.498 8464.135
6.579 7916.264 7511.202 8474.241
6.623 7925.331 7520.041 8484.373
6.667 7934.451 7528.866 8494.566
6.711 7943.625 7537.82 8504.818
6.757 7952.852 7546.751 8515.184
6.803 7962.133 7555.74 8525.277
6.849 7971.471 7564.65 8535.79
6.897 7980.864 7573.84 8546.342
6.944 7990.314 7583.03 8556.96
6.993 7999.821 7592.364 8567.645
7.042 8009.387 7601.48 8578.119
7.092 8019.013 7610.648 8588.966
7.143 8028.698 7620.041 8599.754
7.194 8038.445 7629.492 8610.732
7.246 8048.253 7638.897 8621.643
7.299 8058.125 7648.517 8632.633
7.353 8068.06 7658.159 8643.67
7.407 8078.059 7667.885 8654.99
7.463 8088.124 7677.552 8666.22
7.519 8098.256 7687.244 8677.694
7.576 8108.455 7697.089 8689.095
7.634 8118.723 7706.907 8700.664
7.692 8129.06 7716.81 8712.527
7.752 8139.469 7726.892 8724.211
7.812 8149.949 7737.041 8736.188
7.874 8160.501 7747.052 8748.264
7.937 8171.128 7757.304 8760.216
8 8181.831 7767.761 8772.276
8.065 8192.609 7778.216 8784.437
8.13 8203.466 7788.6 8796.694
8.197 8214.401 7799.035 8809.181
8.264 8225.416 7809.465 8821.555
8.333 8236.513 7820.038 8834.253
8.403 8247.693 7830.559 8847.185
8.475 8258.957 7841.354 8859.97
8.547 8270.307 7852.142 8872.894
8.621 8281.744 7863.052 8886.116
8.696 8293.27 7874.041 8899.401
8.772 8304.886 7884.93 8913.004
8.85 8316.594 7896.093 8926.472
8.929 8328.395 7907.25 8940.152
9.009 8340.291 7918.591 8954.006
9.091 8352.284 7929.944 8967.848
9.174 8364.376 7941.406 8981.544
9.259 8376.568 7952.879 8995.763
9.346 8388.862 7964.379 9009.965
9.434 8401.26 7976.179 9024.47
9.524 8413.764 7988.13 9039.151
9.615 8426.376 7999.973 9053.895
9.709 8439.099 8011.909 9068.504
9.804 8451.933 8024.06 9083.815
9.901 8464.882 8036.177 9098.954
10 8477.948 8048.598 9114.475
10.101 8491.133 8060.868 9130.061
10.204 8504.439 8073.462 9145.628
10.309 8517.869 8086.145 9161.612
10.417 8531.425 8098.844 9177.681
10.526 8545.11 8111.624 9193.904
10.638 8558.928 8124.53 9210.54
10.753 8572.879 8137.614 9227.32
10.87 8586.968 8150.809 9244.355
10.989 8601.197 8164.08 9261.566
11.111 8615.57 8177.682 9278.498
11.236 8630.089 8191.323 9295.745
11.364 8644.759 8205.095 9313.409
11.494 8659.581 8218.979 9331.399
11.628 8674.56 8232.925 9349.864
11.765 8689.699 8246.99 9367.906
11.905 8705.003 8261.128 9386.435
12.048 8720.475 8275.554 9405.232
12.195 8736.118 8290.234 9424.104
12.346 8751.938 8304.868 9443.372
12.5 8767.938 8319.628 9462.756
12.658 8784.123 8334.699 9482.793
12.821 8800.498 8349.761 9502.96
12.987 8817.068 8365.023 9523.274
13.158 8833.836 8380.52 9544.049
13.333 8850.81 8396.163 9565.164
13.514 8867.993 8411.98 9586.483
13.699 8885.393 8427.925 9607.764
13.889 8903.013 8443.899 9629.449
14.085 8920.862 8460.134 9652.177
14.286 8938.945 8476.424 9675.336
14.493 8957.268 8493.006 9697.911
14.706 8975.839 8509.906 9721.055
14.925 8994.665 8527.064 9744.855
15.152 9013.754 8544.37 9769.033
15.385 9033.113 8561.987 9793.457
15.625 9052.75 8579.725 9818.504
15.873 9072.675 8597.768 9843.897
16.129 9092.896 8616.03 9869.54
16.393 9113.423 8634.696 9895.892
16.667 9134.265 8653.232 9922.792
16.949 9155.434 8672.042 9950.252
17.241 9176.94 8691.108 9977.88
17.544 9198.795 8710.503 10006.181
17.857 9221.011 8730.271 10034.969
18.182 9243.6 8750.265 10064.077
18.519 9266.577 8770.627 10093.963
18.868 9289.955 8790.934 10124.897
19.231 9313.749 8812.026 10156.447
19.608 9337.976 8833.234 10188.461
20 9362.653 8854.934 10221.428
20.408 9387.796 8876.802 10255.153
20.833 9413.426 8899.208 10289.8
21.277 9439.562 8922.046 10324.453
21.739 9466.225 8945 10360.373
22.222 9493.439 8968.57 10397.01
22.727 9521.228 8992.581 10434.174
23.256 9549.618 9017.059 10472.794
23.81 9578.637 9041.919 10512.022
24.39 9608.314 9067.25 10552.737
25 9638.681 9093.43 10594.374
25.641 9669.774 9119.928 10637.544
26.316 9701.628 9147.122 10681.974
27.027 9734.284 9174.794 10727.75
27.778 9767.785 9202.975 10774.285
28.571 9802.178 9231.638 10823.166
29.412 9837.514 9261.17 10873.256
30.303 9873.847 9291.359 10924.768
31.25 9911.239 9322.458 10978.879
32.258 9949.756 9353.624 11033.924
33.333 9989.47 9386.116 11091.574
34.483 10030.46 9419.638 11151.566
35.714 10072.815 9454.309 11213.523
37.037 10116.633 9489.831 11277.862
38.462 10162.021 9526.443 11344.599
40 10209.101 9564.291 11414.828
41.667 10258.009 9603.313 11488.353
43.478 10308.898 9643.648 11564.894
45.455 10361.94 9685.412 11646.018
47.619 10417.333 9728.696 11731.111
50 10475.301 9773.931 11821.254
52.632 10536.105 9820.808 11915.975
55.556 10600.046 9870.057 12017.186
58.824 10667.476 9921.516 12123.971
62.5 10738.81 9975.47 12238.668
66.667 10814.544 10032.017 12361.238
71.429 10895.274 10091.841 12493.336
76.923 10981.728 10155.041 12635.707
83.333 11074.805 10222.727 12791.083
90.909 11175.638 10295.943 12961.746
100 11285.68 10374.041 13149.295
111.111 11406.837 10458.544 13358.686
125 11541.682 10550.859 13596.964
142.857 11693.809 10653.442 13871.973
166.667 11868.455 10768.156 14194.91
200 12073.701 10899.797 14582.367
250 12323.002 11056.261 15066.342
333.333 12641.388 11248.287 15706.222
500 13084.503 11503.373 16641.773
1000 13827.248 11895.609 18337.005
1111.111 13938.554 11951.993 18603.913
1250 14062.494 12013.148 18904.82
1428.571 14202.383 12080.659 19251.137
1666.667 14363.057 12157.503 19659.285
2000 14551.971 12246.082 20143.723
2500 14781.541 12350.317 20757.355
3333.333 15074.868 12479.83 21574.288
5000 15483.299 12652.535 22761.78
10000 16168.235 12920.662 24925.812
