"Pr" "Mp" "Q_2" "Q_9"
1.01 3057.291 2583.334 3382.699
1.011 3090.84 2623.772 3414.274
1.012 3122.065 2661.296 3443.492
1.013 3151.312 2696.551 3470.975
1.014 3178.854 2729.344 3496.881
1.015 3204.908 2760.59 3521.464
1.016 3229.654 2790.107 3544.785
1.017 3253.238 2818.246 3567.109
1.018 3275.783 2844.834 3588.279
1.019 3297.393 2870.399 3608.735
1.02 3318.156 2894.909 3628.417
1.021 3338.148 2918.337 3647.347
1.022 3357.437 2941.05 3665.875
1.024 3376.079 2962.884 3683.627
1.025 3394.126 2983.893 3700.974
1.026 3411.622 3004.426 3717.7
1.027 3428.606 3024.087 3734.082
1.028 3445.116 3043.494 3749.886
1.029 3461.181 3061.981 3765.321
1.03 3476.832 3080.075 3780.366
1.031 3492.093 3097.785 3794.954
1.032 3506.989 3114.919 3809.203
1.033 3521.54 3131.512 3823.088
1.034 3535.767 3148.038 3836.841
1.035 3549.687 3164.203 3850.285
1.036 3563.316 3179.848 3863.564
1.037 3576.669 3195.122 3876.586
1.038 3589.761 3210.18 3889.19
1.04 3602.604 3225.08 3901.707
1.041 3615.209 3239.385 3913.936
1.042 3627.589 3253.446 3925.923
1.043 3639.754 3267.341 3937.749
1.044 3651.712 3280.917 3949.326
1.045 3663.473 3294.407 3960.75
1.046 3675.044 3307.556 3972.02
1.047 3686.435 3320.591 3983.115
1.048 3697.652 3333.308 3994.075
1.049 3708.703 3345.893 4004.933
1.05 3719.592 3358.284 4015.616
1.052 3730.328 3370.385 4026.068
1.053 3740.915 3382.266 4036.463
1.054 3751.358 3394.015 4046.713
1.055 3761.664 3405.798 4056.798
1.056 3771.836 3417.117 4066.85
1.057 3781.88 3428.323 4076.72
1.058 3791.799 3439.571 4086.505
1.059 3801.598 3450.499 4096.024
1.06 3811.281 3461.438 4105.49
1.062 3820.852 3472.205 4114.869
1.063 3830.313 3482.722 4124.214
1.064 3839.669 3493.108 4133.371
1.065 3848.922 3503.432 4142.542
1.066 3858.077 3513.504 4151.548
1.067 3867.134 3523.513 4160.529
1.068 3876.098 3533.372 4169.453
1.07 3884.972 3543.193 4178.209
1.071 3893.757 3552.996 4186.863
1.072 3902.456 3562.599 4195.448
1.073 3911.071 3572.118 4204.039
1.074 3919.606 3581.458 4212.473
1.075 3928.061 3590.872 4220.913
1.076 3936.439 3600.165 4229.307
1.078 3944.742 3609.402 4237.574
1.079 3952.973 3618.467 4245.789
1.08 3961.132 3627.544 4253.834
1.081 3969.221 3636.332 4261.914
1.082 3977.243 3645.178 4269.859
1.083 3985.198 3653.82 4277.797
1.085 3993.089 3662.552 4285.557
1.086 4000.917 3671.087 4293.267
1.087 4008.684 3679.624 4300.93
1.088 4016.39 3688.134 4308.553
1.089 4024.038 3696.624 4316.195
1.091 4031.628 3704.92 4323.716
1.092 4039.162 3713.184 4331.21
1.093 4046.641 3721.269 4338.75
1.094 4054.067 3729.298 4346.127
1.095 4061.44 3737.253 4353.464
1.096 4068.762 3745.352 4360.81
1.098 4076.033 3753.245 4368.089
1.099 4083.255 3761.116 4375.342
1.1 4090.429 3768.851 4382.571
1.101 4097.556 3776.632 4389.613
1.103 4104.636 3784.391 4396.698
1.104 4111.671 3792.088 4403.736
1.105 4118.662 3799.633 4410.738
1.106 4125.609 3807.156 4417.68
1.107 4132.514 3814.651 4424.563
1.109 4139.376 3822.237 4431.398
1.11 4146.197 3829.692 4438.165
1.111 4152.979 3837.034 4444.965
1.112 4159.72 3844.364 4451.744
1.114 4166.423 3851.59 4458.447
1.115 4173.088 3858.904 4465.059
1.116 4179.715 3866.043 4471.722
1.117 4186.306 3873.163 4478.433
1.119 4192.86 3880.168 4485.015
1.12 4199.379 3887.196 4491.665
1.121 4205.864 3894.211 4498.263
1.122 4212.314 3901.181 4504.681
1.124 4218.731 3908.131 4511.189
1.125 4225.114 3915.144 4517.636
1.126 4231.466 3921.96 4523.949
1.127 4237.785 3928.773 4530.219
1.129 4244.073 3935.429 4536.547
1.13 4250.331 3942.191 4543.033
1.131 4256.558 3948.831 4549.47
1.133 4262.755 3955.522 4555.602
1.134 4268.923 3962.206 4561.897
1.135 4275.062 3968.762 4568.132
1.136 4281.173 3975.234 4574.267
1.138 4287.256 3981.641 4580.454
1.139 4293.311 3988.222 4586.648
1.14 4299.339 3994.703 4592.827
1.142 4305.341 4001.135 4598.915
1.143 4311.317 4007.457 4604.971
1.144 4317.267 4013.79 4610.959
1.145 4323.191 4020.089 4616.975
1.147 4329.091 4026.382 4622.951
1.148 4334.966 4032.613 4628.938
1.149 4340.816 4038.798 4634.887
1.151 4346.643 4045.01 4640.877
1.152 4352.447 4051.142 4646.808
1.153 4358.227 4057.259 4652.752
1.155 4363.984 4063.393 4658.541
1.156 4369.719 4069.499 4664.383
1.157 4375.432 4075.469 4670.161
1.159 4381.123 4081.485 4675.937
1.16 4386.792 4087.455 4681.72
1.161 4392.44 4093.381 4687.425
1.163 4398.067 4099.282 4693.19
1.164 4403.674 4105.155 4698.871
1.166 4409.26 4111.015 4704.549
1.167 4414.827 4116.868 4710.186
1.168 4420.373 4122.698 4715.831
1.17 4425.9 4128.533 4721.477
1.171 4431.408 4134.291 4727.067
1.172 4436.897 4140.141 4732.729
1.174 4442.367 4145.888 4738.3
1.175 4447.819 4151.543 4743.855
1.176 4453.252 4157.278 4749.405
1.178 4458.668 4162.983 4754.93
1.179 4464.066 4168.65 4760.41
1.181 4469.446 4174.268 4765.882
1.182 4474.81 4179.91 4771.37
1.183 4480.156 4185.565 4776.817
1.185 4485.485 4191.103 4782.198
1.186 4490.798 4196.563 4787.646
1.188 4496.095 4202.181 4793.014
1.189 4501.375 4207.581 4798.377
1.19 4506.64 4213.052 4803.686
1.192 4511.889 4218.451 4808.983
1.193 4517.122 4223.84 4814.303
1.195 4522.34 4229.335 4819.582
1.196 4527.543 4234.797 4824.838
1.198 4532.731 4240.237 4830.12
1.199 4537.904 4245.561 4835.384
1.2 4543.063 4250.953 4840.658
1.202 4548.207 4256.359 4845.924
1.203 4553.337 4261.661 4851.189
1.205 4558.453 4266.988 4856.499
1.206 4563.555 4272.337 4861.69
1.208 4568.644 4277.628 4866.923
1.209 4573.719 4282.834 4872.128
1.211 4578.781 4288.082 4877.221
1.212 4583.83 4293.409 4882.322
1.214 4588.865 4298.677 4887.493
1.215 4593.888 4303.902 4892.72
1.217 4598.898 4309.087 4897.857
1.218 4603.895 4314.273 4902.965
1.22 4608.881 4319.459 4908.015
1.221 4613.853 4324.581 4913.06
1.222 4618.814 4329.711 4918.121
1.224 4623.763 4334.838 4923.176
1.225 4628.7 4339.92 4928.289
1.227 4633.626 4344.932 4933.372
1.229 4638.539 4349.956 4938.375
1.23 4643.442 4354.962 4943.485
1.232 4648.333 4359.95 4948.486
1.233 4653.213 4364.994 4953.544
1.235 4658.082 4370.029 4958.5
1.236 4662.941 4375.065 4963.469
1.238 4667.788 4380.106 4968.419
1.239 4672.625 4385.076 4973.418
1.241 4677.451 4390.106 4978.426
1.242 4682.267 4394.983 4983.354
1.244 4687.073 4399.893 4988.293
1.245 4691.869 4404.87 4993.226
1.247 4696.655 4409.814 4998.163
1.248 4701.431 4414.773 5003.117
1.25 4706.197 4419.621 5008.015
1.252 4710.953 4424.525 5012.955
1.253 4715.7 4429.427 5017.871
1.255 4720.437 4434.286 5022.756
1.256 4725.165 4439.097 5027.604
1.258 4729.884 4443.936 5032.43
1.259 4734.594 4448.695 5037.266
1.261 4739.294 4453.518 5042.116
1.263 4743.986 4458.239 5046.9
1.264 4748.669 4463.062 5051.728
1.266 4753.343 4467.902 5056.534
1.267 4758.009 4472.699 5061.322
1.269 4762.666 4477.432 5066.102
1.271 4767.315 4482.186 5070.859
1.272 4771.955 4486.913 5075.67
1.274 4776.587 4491.737 5080.43
1.276 4781.211 4496.448 5085.245
1.277 4785.827 4501.113 5090.005
1.279 4790.435 4505.821 5094.784
1.28 4795.035 4510.504 5099.564
1.282 4799.627 4515.202 5104.315
1.284 4804.212 4519.827 5109.035
1.285 4808.789 4524.515 5113.752
1.287 4813.359 4529.2 5118.521
1.289 4817.921 4533.811 5123.274
1.29 4822.476 4538.437 5128.033
1.292 4827.023 4543.021 5132.747
1.294 4831.563 4547.594 5137.434
1.295 4836.097 4552.214 5142.086
1.297 4840.623 4556.814 5146.76
1.299 4845.142 4561.4 5151.498
1.3 4849.655 4565.965 5156.159
1.302 4854.16 4570.503 5160.884
1.304 4858.659 4575.059 5165.542
1.305 4863.151 4579.571 5170.233
1.307 4867.637 4584.193 5174.817
1.309 4872.116 4588.757 5179.435
1.311 4876.589 4593.353 5184.039
1.312 4881.056 4597.83 5188.686
1.314 4885.516 4602.281 5193.285
1.316 4889.97 4606.707 5197.886
1.318 4894.418 4611.311 5202.435
1.319 4898.86 4615.801 5206.97
1.321 4903.296 4620.18 5211.536
1.323 4907.726 4624.636 5216.163
1.325 4912.15 4629.034 5220.817
1.326 4916.568 4633.464 5225.365
1.328 4920.981 4637.965 5229.922
1.33 4925.388 4642.373 5234.486
1.332 4929.79 4646.8 5239.071
1.333 4934.185 4651.172 5243.579
1.335 4938.576 4655.598 5248.113
1.337 4942.961 4660.033 5252.682
1.339 4947.341 4664.475 5257.169
1.34 4951.715 4668.829 5261.679
1.342 4956.085 4673.153 5266.257
1.344 4960.449 4677.583 5270.719
1.346 4964.808 4681.987 5275.174
1.348 4969.162 4686.384 5279.664
1.35 4973.511 4690.76 5284.162
1.351 4977.855 4695.088 5288.646
1.353 4982.194 4699.49 5293.127
1.355 4986.529 4703.92 5297.569
1.357 4990.859 4708.265 5302.039
1.359 4995.184 4712.631 5306.567
1.361 4999.504 4716.907 5311.05
1.362 5003.82 4721.198 5315.488
1.364 5008.132 4725.535 5319.911
1.366 5012.439 4729.809 5324.36
1.368 5016.741 4734.085 5328.831
1.37 5021.039 4738.412 5333.303
1.372 5025.333 4742.665 5337.787
1.374 5029.623 4746.952 5342.204
1.376 5033.909 4751.221 5346.662
1.377 5038.19 4755.52 5351.103
1.379 5042.467 4759.801 5355.591
1.381 5046.741 4764.051 5360.022
1.383 5051.01 4768.314 5364.44
1.385 5055.275 4772.6 5368.899
1.387 5059.537 4776.856 5373.253
1.389 5063.794 4781.125 5377.695
1.391 5068.048 4785.368 5382.091
1.393 5072.298 4789.598 5386.495
1.395 5076.545 4793.794 5390.909
1.397 5080.788 4798.025 5395.275
1.399 5085.027 4802.269 5399.753
1.401 5089.262 4806.543 5404.101
1.403 5093.495 4810.785 5408.496
1.404 5097.723 4814.973 5412.908
1.406 5101.949 4819.15 5417.283
1.408 5106.171 4823.323 5421.69
1.41 5110.389 4827.514 5426.072
1.412 5114.605 4831.661 5430.444
1.414 5118.817 4835.869 5434.877
1.416 5123.026 4840.069 5439.245
1.418 5127.232 4844.25 5443.56
1.42 5131.434 4848.426 5447.919
1.422 5135.634 4852.625 5452.24
1.425 5139.831 4856.799 5456.588
1.427 5144.025 4860.963 5460.958
1.429 5148.215 4865.139 5465.303
1.431 5152.403 4869.26 5469.776
1.433 5156.588 4873.411 5474.112
1.435 5160.771 4877.478 5478.404
1.437 5164.95 4881.64 5482.805
1.439 5169.127 4885.775 5487.141
1.441 5173.301 4889.938 5491.505
1.443 5177.473 4894.128 5495.845
1.445 5181.642 4898.269 5500.192
1.447 5185.808 4902.364 5504.52
1.449 5189.972 4906.47 5508.834
1.451 5194.134 4910.532 5513.19
1.453 5198.293 4914.653 5517.492
1.456 5202.45 4918.759 5521.791
1.458 5206.604 4922.858 5526.111
1.46 5210.756 4926.932 5530.421
1.462 5214.906 4931.041 5534.692
1.464 5219.053 4935.068 5538.951
1.466 5223.198 4939.121 5543.23
1.468 5227.342 4943.218 5547.562
1.471 5231.483 4947.296 5551.898
1.473 5235.622 4951.369 5556.174
1.475 5239.759 4955.477 5560.451
1.477 5243.893 4959.593 5564.748
1.479 5248.026 4963.679 5569.022
1.481 5252.157 4967.75 5573.315
1.484 5256.286 4971.789 5577.604
1.486 5260.414 4975.872 5581.891
1.488 5264.539 4979.894 5586.159
1.49 5268.663 4983.954 5590.49
1.493 5272.785 4987.977 5594.819
1.495 5276.905 4992.015 5599.093
1.497 5281.023 4996.027 5603.344
1.499 5285.14 5000.098 5607.606
1.502 5289.255 5004.203 5611.864
1.504 5293.369 5008.245 5616.134
1.506 5297.481 5012.33 5620.35
1.508 5301.592 5016.431 5624.624
1.511 5305.701 5020.528 5628.925
1.513 5309.808 5024.566 5633.182
1.515 5313.915 5028.56 5637.461
1.517 5318.02 5032.594 5641.696
1.52 5322.123 5036.677 5645.963
1.522 5326.225 5040.732 5650.224
1.524 5330.326 5044.741 5654.48
1.527 5334.426 5048.773 5658.72
1.529 5338.525 5052.828 5663.004
1.531 5342.622 5056.869 5667.288
1.534 5346.718 5060.871 5671.563
1.536 5350.813 5064.885 5675.806
1.538 5354.907 5068.947 5680.034
1.541 5359 5073.003 5684.31
1.543 5363.092 5076.932 5688.585
1.546 5367.183 5081.019 5692.837
1.548 5371.273 5085.076 5697.056
1.55 5375.362 5089.1 5701.349
1.553 5379.451 5093.178 5705.619
1.555 5383.538 5097.127 5709.838
1.558 5387.625 5101.175 5714.102
1.56 5391.71 5105.235 5718.301
1.563 5395.795 5109.335 5722.505
1.565 5399.88 5113.354 5726.777
1.567 5403.963 5117.385 5731.004
1.57 5408.046 5121.419 5735.206
1.572 5412.128 5125.392 5739.436
1.575 5416.21 5129.338 5743.66
1.577 5420.291 5133.33 5747.899
1.58 5424.372 5137.273 5752.176
1.582 5428.452 5141.267 5756.493
1.585 5432.531 5145.205 5760.695
1.587 5436.611 5149.228 5764.909
1.59 5440.689 5153.208 5769.201
1.592 5444.768 5157.158 5773.464
1.595 5448.846 5161.112 5777.792
1.597 5452.923 5165.035 5782.025
1.6 5457 5168.958 5786.248
1.603 5461.077 5172.95 5790.48
1.605 5465.154 5176.906 5794.757
1.608 5469.231 5180.896 5799.039
1.61 5473.307 5184.936 5803.29
1.613 5477.383 5188.865 5807.599
1.616 5481.46 5192.865 5811.784
1.618 5485.536 5196.886 5816.06
1.621 5489.611 5200.865 5820.346
1.623 5493.687 5204.88 5824.616
1.626 5497.763 5208.877 5828.84
1.629 5501.839 5212.882 5833.055
1.631 5505.915 5216.786 5837.29
1.634 5509.991 5220.723 5841.59
1.637 5514.067 5224.755 5845.901
1.639 5518.144 5228.75 5850.157
1.642 5522.22 5232.626 5854.384
1.645 5526.297 5236.552 5858.631
1.647 5530.373 5240.537 5862.862
1.65 5534.451 5244.539 5867.153
1.653 5538.528 5248.459 5871.436
1.656 5542.606 5252.381 5875.716
1.658 5546.684 5256.354 5879.985
1.661 5550.762 5260.323 5884.231
1.664 5554.841 5264.309 5888.559
1.667 5558.92 5268.281 5892.837
1.669 5562.999 5272.235 5897.1
1.672 5567.079 5276.152 5901.322
1.675 5571.16 5280.13 5905.579
1.678 5575.241 5284.134 5909.81
1.681 5579.323 5288.091 5914.089
1.684 5583.405 5292.045 5918.405
1.686 5587.488 5296.1 5922.689
1.689 5591.571 5300.077 5926.927
1.692 5595.655 5304.025 5931.182
1.695 5599.74 5307.97 5935.427
1.698 5603.826 5311.929 5939.693
1.701 5607.912 5315.894 5943.936
1.704 5611.999 5319.893 5948.183
1.706 5616.087 5323.813 5952.465
1.709 5620.176 5327.808 5956.731
1.712 5624.265 5331.745 5960.984
1.715 5628.356 5335.73 5965.255
1.718 5632.447 5339.679 5969.573
1.721 5636.54 5343.605 5973.836
1.724 5640.633 5347.585 5978.148
1.727 5644.727 5351.573 5982.413
1.73 5648.822 5355.579 5986.77
1.733 5652.919 5359.494 5991.024
1.736 5657.016 5363.404 5995.259
1.739 5661.115 5367.34 5999.611
1.742 5665.214 5371.296 6003.864
1.745 5669.315 5375.294 6008.069
1.748 5673.417 5379.268 6012.38
1.751 5677.521 5383.249 6016.647
1.754 5681.625 5387.311 6020.983
1.757 5685.731 5391.308 6025.256
1.761 5689.838 5395.245 6029.556
1.764 5693.946 5399.169 6033.83
1.767 5698.056 5403.095 6038.114
1.77 5702.167 5407.101 6042.397
1.773 5706.279 5411.049 6046.718
1.776 5710.393 5415.034 6050.969
1.779 5714.509 5419.033 6055.25
1.783 5718.626 5422.95 6059.58
1.786 5722.744 5426.861 6063.936
1.789 5726.864 5430.818 6068.255
1.792 5730.985 5434.778 6072.527
1.795 5735.109 5438.656 6076.913
1.799 5739.233 5442.577 6081.108
1.802 5743.36 5446.555 6085.457
1.805 5747.488 5450.49 6089.775
1.808 5751.617 5454.438 6093.96
1.812 5755.749 5458.442 6098.225
1.815 5759.882 5462.448 6102.518
1.818 5764.017 5466.423 6106.861
1.821 5768.154 5470.41 6111.301
1.825 5772.293 5474.4 6115.559
1.828 5776.433 5478.381 6119.881
1.832 5780.576 5482.339 6124.178
1.835 5784.72 5486.29 6128.461
1.838 5788.866 5490.292 6132.827
1.842 5793.015 5494.319 6137.125
1.845 5797.165 5498.335 6141.463
1.848 5801.317 5502.341 6145.734
1.852 5805.472 5506.286 6150.127
1.855 5809.628 5510.25 6154.513
1.859 5813.787 5514.22 6158.868
1.862 5817.948 5518.193 6163.15
1.866 5822.111 5522.202 6167.477
1.869 5826.276 5526.205 6171.905
1.873 5830.443 5530.284 6176.307
1.876 5834.613 5534.239 6180.72
1.88 5838.785 5538.237 6185.089
1.883 5842.959 5542.229 6189.439
1.887 5847.135 5546.239 6193.764
1.89 5851.314 5550.223 6198.15
1.894 5855.496 5554.273 6202.519
1.898 5859.679 5558.273 6206.961
1.901 5863.866 5562.222 6211.352
1.905 5868.054 5566.238 6215.778
1.908 5872.245 5570.231 6220.159
1.912 5876.439 5574.273 6224.591
1.916 5880.635 5578.309 6228.973
1.919 5884.834 5582.348 6233.389
1.923 5889.036 5586.359 6237.749
1.927 5893.24 5590.394 6242.072
1.931 5897.447 5594.357 6246.49
1.934 5901.656 5598.422 6250.934
1.938 5905.868 5602.448 6255.395
1.942 5910.084 5606.457 6259.785
1.946 5914.301 5610.537 6264.181
1.949 5918.522 5614.56 6268.683
1.953 5922.745 5618.602 6273.091
1.957 5926.972 5622.609 6277.542
1.961 5931.201 5626.604 6281.965
1.965 5935.433 5630.646 6286.34
1.969 5939.669 5634.727 6290.812
1.972 5943.907 5638.768 6295.241
1.976 5948.148 5642.844 6299.718
1.98 5952.392 5646.807 6304.188
1.984 5956.64 5650.823 6308.593
1.988 5960.89 5654.89 6313.049
1.992 5965.144 5658.956 6317.544
1.996 5969.401 5663.014 6321.994
2 5973.66 5667.142 6326.411
2.004 5977.924 5671.201 6330.917
2.008 5982.19 5675.246 6335.387
2.012 5986.46 5679.324 6339.782
2.016 5990.733 5683.415 6344.269
2.02 5995.01 5687.52 6348.712
2.024 5999.289 5691.567 6353.132
2.028 6003.573 5695.704 6357.607
2.033 6007.859 5699.799 6362.118
2.037 6012.15 5703.888 6366.597
2.041 6016.443 5707.937 6371.079
2.045 6020.741 5712.016 6375.577
2.049 6025.041 5716.119 6380.093
2.053 6029.346 5720.283 6384.572
2.058 6033.654 5724.401 6389.042
2.062 6037.965 5728.464 6393.538
2.066 6042.281 5732.592 6398.044
2.07 6046.6 5736.726 6402.628
2.075 6050.923 5740.898 6407.128
2.079 6055.249 5745 6411.625
2.083 6059.58 5749.099 6416.102
2.088 6063.914 5753.194 6420.62
2.092 6068.252 5757.329 6425.205
2.096 6072.595 5761.438 6429.651
2.101 6076.941 5765.606 6434.136
2.105 6081.291 5769.787 6438.667
2.11 6085.645 5773.859 6443.311
2.114 6090.003 5777.962 6447.9
2.119 6094.365 5782.078 6452.476
2.123 6098.731 5786.308 6457.012
2.128 6103.102 5790.408 6461.623
2.132 6107.476 5794.565 6466.087
2.137 6111.855 5798.753 6470.678
2.141 6116.238 5802.896 6475.25
2.146 6120.625 5807.077 6479.841
2.151 6125.017 5811.235 6484.443
2.155 6129.413 5815.419 6489.116
2.16 6133.813 5819.591 6493.828
2.165 6138.218 5823.773 6498.331
2.169 6142.627 5827.974 6502.892
2.174 6147.041 5832.097 6507.513
2.179 6151.459 5836.239 6512.147
2.183 6155.882 5840.443 6516.889
2.188 6160.309 5844.607 6521.503
2.193 6164.741 5848.79 6526.094
2.198 6169.178 5853.023 6530.719
2.203 6173.619 5857.205 6535.335
2.208 6178.065 5861.458 6539.988
2.212 6182.516 5865.694 6544.635
2.217 6186.971 5869.918 6549.307
2.222 6191.431 5874.161 6554.006
2.227 6195.897 5878.323 6558.684
2.232 6200.367 5882.575 6563.415
2.237 6204.842 5886.764 6568.009
2.242 6209.322 5891.004 6572.701
2.247 6213.807 5895.224 6577.415
2.252 6218.297 5899.472 6582.113
2.257 6222.792 5903.712 6586.807
2.262 6227.292 5908.039 6591.488
2.268 6231.798 5912.324 6596.181
2.273 6236.308 5916.529 6600.95
2.278 6240.824 5920.8 6605.663
2.283 6245.345 5925.079 6610.38
2.288 6249.872 5929.343 6615.152
2.294 6254.404 5933.645 6619.903
2.299 6258.941 5937.923 6624.63
2.304 6263.483 5942.229 6629.376
2.309 6268.031 5946.526 6634.087
2.315 6272.585 5950.836 6638.863
2.32 6277.144 5955.114 6643.616
2.326 6281.709 5959.416 6648.435
2.331 6286.279 5963.734 6653.186
2.336 6290.855 5968.049 6657.984
2.342 6295.436 5972.342 6662.802
2.347 6300.024 5976.606 6667.615
2.353 6304.617 5981 6672.396
2.358 6309.216 5985.305 6677.148
2.364 6313.821 5989.57 6681.94
2.37 6318.431 5993.895 6686.797
2.375 6323.048 5998.235 6691.651
2.381 6327.671 6002.554 6696.499
2.387 6332.299 6006.892 6701.398
2.392 6336.934 6011.195 6706.228
2.398 6341.575 6015.513 6711.09
2.404 6346.222 6019.871 6715.922
2.41 6350.875 6024.201 6720.764
2.415 6355.534 6028.536 6725.651
2.421 6360.2 6032.857 6730.475
2.427 6364.872 6037.236 6735.364
2.433 6369.55 6041.566 6740.209
2.439 6374.235 6045.985 6745.076
2.445 6378.926 6050.351 6749.939
2.451 6383.624 6054.736 6754.882
2.457 6388.328 6059.071 6759.849
2.463 6393.039 6063.488 6764.733
2.469 6397.757 6067.905 6769.663
2.475 6402.481 6072.316 6774.568
2.481 6407.212 6076.786 6779.44
2.488 6411.95 6081.203 6784.429
2.494 6416.694 6085.681 6789.35
2.5 6421.445 6090.068 6794.316
2.506 6426.204 6094.518 6799.212
2.513 6430.969 6098.992 6804.167
2.519 6435.741 6103.481 6809.165
2.525 6440.52 6108.018 6814.187
2.532 6445.307 6112.472 6819.232
2.538 6450.1 6116.982 6824.126
2.545 6454.901 6121.482 6829.172
2.551 6459.709 6126.033 6834.187
2.558 6464.524 6130.569 6839.216
2.564 6469.346 6135.118 6844.271
2.571 6474.176 6139.582 6849.316
2.577 6479.014 6144.126 6854.35
2.584 6483.859 6148.69 6859.405
2.591 6488.711 6153.278 6864.505
2.597 6493.571 6157.776 6869.523
2.604 6498.439 6162.354 6874.631
2.611 6503.314 6166.914 6879.671
2.618 6508.197 6171.528 6884.811
2.625 6513.088 6176.081 6889.889
2.632 6517.987 6180.67 6895.01
2.639 6522.894 6185.188 6900.206
2.646 6527.808 6189.764 6905.332
2.653 6532.731 6194.425 6910.529
2.66 6537.662 6199.007 6915.674
2.667 6542.601 6203.552 6920.824
2.674 6547.548 6208.148 6926.046
2.681 6552.503 6212.764 6931.298
2.688 6557.467 6217.392 6936.609
2.695 6562.439 6222.101 6941.893
2.703 6567.419 6226.66 6946.965
2.71 6572.408 6231.276 6952.204
2.717 6577.405 6235.944 6957.456
2.725 6582.411 6240.609 6962.791
2.732 6587.425 6245.271 6968.043
2.74 6592.449 6250.039 6973.342
2.747 6597.481 6254.692 6978.617
2.755 6602.521 6259.348 6983.841
2.762 6607.571 6264.033 6989.175
2.77 6612.63 6268.713 6994.593
2.778 6617.697 6273.522 6999.881
2.786 6622.774 6278.221 7005.149
2.793 6627.859 6282.895 7010.457
2.801 6632.954 6287.643 7015.745
2.809 6638.059 6292.327 7021.084
2.817 6643.172 6297.093 7026.41
2.825 6648.295 6301.851 7031.825
2.833 6653.427 6306.66 7037.173
2.841 6658.569 6311.529 7042.547
2.849 6663.72 6316.285 7047.928
2.857 6668.881 6321.072 7053.261
2.865 6674.052 6325.804 7058.671
2.874 6679.232 6330.553 7063.994
2.882 6684.422 6335.374 7069.434
2.89 6689.622 6340.188 7074.767
2.899 6694.832 6345.103 7080.254
2.907 6700.053 6349.958 7085.72
2.915 6705.283 6354.842 7091.2
2.924 6710.523 6359.766 7096.663
2.933 6715.774 6364.593 7102.128
2.941 6721.035 6369.459 7107.629
2.95 6726.306 6374.361 7113.135
2.959 6731.588 6379.237 7118.637
2.967 6736.88 6384.169 7124.089
2.976 6742.183 6389.073 7129.528
2.985 6747.496 6393.99 7135.035
2.994 6752.821 6398.935 7140.612
3.003 6758.156 6403.892 7146.223
3.012 6763.502 6408.823 7151.739
3.021 6768.859 6413.793 7157.283
3.03 6774.227 6418.727 7162.888
3.04 6779.606 6423.751 7168.535
3.049 6784.996 6428.751 7174.204
3.058 6790.398 6433.833 7179.873
3.067 6795.811 6438.841 7185.415
3.077 6801.236 6443.907 7191.049
3.086 6806.672 6448.88 7196.801
3.096 6812.119 6453.894 7202.538
3.106 6817.578 6458.914 7208.297
3.115 6823.049 6464.005 7214.012
3.125 6828.532 6469.076 7219.762
3.135 6834.027 6474.134 7225.478
3.145 6839.534 6479.133 7231.301
3.155 6845.053 6484.219 7237.032
3.165 6850.584 6489.361 7242.802
3.175 6856.128 6494.473 7248.643
3.185 6861.684 6499.596 7254.465
3.195 6867.252 6504.647 7260.313
3.205 6872.833 6509.783 7266.225
3.215 6878.426 6514.906 7272.118
3.226 6884.033 6520.021 7277.988
3.236 6889.652 6525.188 7283.818
3.247 6895.284 6530.432 7289.755
3.257 6900.929 6535.698 7295.683
3.268 6906.587 6540.923 7301.606
3.279 6912.258 6546.216 7307.552
3.289 6917.943 6551.416 7313.52
3.3 6923.641 6556.726 7319.517
3.311 6929.352 6561.959 7325.439
3.322 6935.077 6567.241 7331.481
3.333 6940.816 6572.481 7337.483
3.344 6946.568 6577.754 7343.477
3.356 6952.335 6583.064 7349.501
3.367 6958.115 6588.344 7355.596
3.378 6963.91 6593.706 7361.633
3.39 6969.719 6599.023 7367.744
3.401 6975.542 6604.361 7373.965
3.413 6981.379 6609.787 7380.12
3.425 6987.231 6615.221 7386.242
3.436 6993.098 6620.602 7392.455
3.448 6998.98 6625.973 7398.649
3.46 7004.876 6631.318 7404.86
3.472 7010.787 6636.685 7411.043
3.484 7016.714 6642.005 7417.238
3.497 7022.655 6647.422 7423.496
3.509 7028.612 6652.916 7429.783
3.521 7034.584 6658.303 7436.068
3.534 7040.572 6663.798 7442.313
3.546 7046.576 6669.292 7448.607
3.559 7052.595 6674.858 7454.896
3.571 7058.63 6680.403 7461.153
3.584 7064.682 6685.901 7467.522
3.597 7070.749 6691.543 7473.918
3.61 7076.833 6697.169 7480.241
3.623 7082.933 6702.783 7486.726
3.636 7089.05 6708.301 7493.221
3.65 7095.183 6713.969 7499.698
3.663 7101.333 6719.564 7506.259
3.676 7107.5 6725.18 7512.883
3.69 7113.684 6730.769 7519.347
3.704 7119.886 6736.493 7525.815
3.717 7126.104 6742.24 7532.445
3.731 7132.34 6747.99 7539.065
3.745 7138.594 6753.737 7545.712
3.759 7144.866 6759.454 7552.343
3.774 7151.155 6765.196 7559.091
3.788 7157.463 6770.928 7565.818
3.802 7163.788 6776.672 7572.527
3.817 7170.132 6782.509 7579.149
3.831 7176.495 6788.309 7585.865
3.846 7182.876 6794.112 7592.547
3.861 7189.276 6799.899 7599.352
3.876 7195.695 6805.841 7606.185
3.891 7202.133 6811.722 7612.989
3.906 7208.59 6817.577 7619.738
3.922 7215.067 6823.541 7626.548
3.937 7221.563 6829.534 7633.496
3.953 7228.079 6835.42 7640.234
3.968 7234.614 6841.38 7647.154
3.984 7241.17 6847.38 7654.139
4 7247.746 6853.319 7661.03
4.016 7254.343 6859.329 7667.953
4.032 7260.96 6865.322 7674.953
4.049 7267.598 6871.365 7681.862
4.065 7274.257 6877.393 7688.844
4.082 7280.937 6883.641 7695.936
4.098 7287.638 6889.589 7703.025
4.115 7294.36 6895.733 7710.109
4.132 7301.105 6901.925 7717.136
4.149 7307.871 6908.155 7724.354
4.167 7314.659 6914.319 7731.525
4.184 7321.469 6920.522 7738.767
4.202 7328.302 6926.62 7746.063
4.219 7335.158 6932.766 7753.19
4.237 7342.036 6938.855 7760.516
4.255 7348.937 6945.014 7767.722
4.274 7355.862 6951.355 7774.933
4.292 7362.809 6957.613 7782.258
4.31 7369.781 6963.899 7789.655
4.329 7376.776 6970.257 7796.974
4.348 7383.796 6976.551 7804.429
4.367 7390.839 6982.936 7811.792
4.386 7397.908 6989.348 7819.225
4.405 7405.001 6995.789 7826.716
4.425 7412.118 7002.135 7834.255
4.444 7419.261 7008.592 7841.803
4.464 7426.43 7014.976 7849.348
4.484 7433.624 7021.346 7857.042
4.505 7440.844 7027.876 7864.727
4.525 7448.09 7034.45 7872.434
4.545 7455.362 7040.925 7880.155
4.566 7462.661 7047.502 7887.877
4.587 7469.987 7054.111 7895.605
4.608 7477.34 7060.785 7903.46
4.63 7484.721 7067.484 7911.212
4.651 7492.128 7074.134 7918.921
4.673 7499.564 7080.9 7926.789
4.695 7507.028 7087.591 7934.736
4.717 7514.521 7094.27 7942.747
4.739 7522.042 7100.98 7950.78
4.762 7529.592 7107.777 7958.769
4.785 7537.171 7114.556 7966.855
4.808 7544.78 7121.424 7974.975
4.831 7552.419 7128.284 7983.107
4.854 7560.088 7135.238 7991.211
4.878 7567.787 7142.172 7999.333
4.902 7575.517 7149.131 8007.512
4.926 7583.279 7155.997 8015.798
4.95 7591.071 7162.905 8024.089
4.975 7598.895 7169.964 8032.334
5 7606.751 7176.886 8040.678
5.025 7614.64 7183.879 8049.026
5.051 7622.561 7190.956 8057.464
5.076 7630.515 7198.039 8065.942
5.102 7638.503 7205.147 8074.375
5.128 7646.524 7212.299 8082.859
5.155 7654.579 7219.612 8091.373
5.181 7662.669 7226.937 8099.994
5.208 7670.793 7234.115 8108.577
5.236 7678.952 7241.39 8117.265
5.263 7687.147 7248.709 8125.995
5.291 7695.378 7256.005 8134.692
5.319 7703.645 7263.276 8143.503
5.348 7711.949 7270.673 8152.175
5.376 7720.29 7278.129 8160.977
5.405 7728.668 7285.473 8169.992
5.435 7737.084 7292.901 8179.049
5.464 7745.538 7300.437 8188.15
5.495 7754.031 7308.031 8197.199
5.525 7762.563 7315.582 8206.289
5.556 7771.135 7323.249 8215.569
5.587 7779.747 7330.792 8224.752
5.618 7788.399 7338.351 8233.981
5.65 7797.092 7346.017 8243.224
5.682 7805.826 7353.708 8252.556
5.714 7814.602 7361.548 8261.876
5.747 7823.421 7369.418 8271.352
5.78 7832.282 7377.158 8280.641
5.814 7841.187 7385.015 8290.132
5.848 7850.136 7392.835 8299.731
5.882 7859.129 7400.819 8309.323
5.917 7868.167 7408.822 8319.023
5.952 7877.25 7416.862 8328.843
5.988 7886.379 7424.845 8338.756
6.024 7895.555 7432.91 8348.589
6.061 7904.778 7441.049 8358.424
6.098 7914.048 7449.159 8368.272
6.135 7923.367 7457.337 8378.168
6.173 7932.734 7465.625 8388.28
6.211 7942.151 7473.912 8398.314
6.25 7951.618 7482.325 8408.62
6.289 7961.135 7490.852 8418.911
6.329 7970.704 7499.234 8429.155
6.369 7980.325 7507.745 8439.703
6.41 7989.999 7516.136 8449.931
6.452 7999.725 7524.571 8460.281
6.494 8009.506 7533.262 8470.798
6.536 8019.342 7541.917 8481.387
6.579 8029.233 7550.498 8491.979
6.623 8039.18 7559.083 8502.803
6.667 8049.183 7567.893 8513.457
6.711 8059.245 7576.603 8524.444
6.757 8069.365 7585.475 8535.275
6.803 8079.544 7594.406 8546.262
6.849 8089.783 7603.371 8557.378
6.897 8100.083 7612.412 8568.6
6.944 8110.445 7621.536 8579.798
6.993 8120.869 7630.623 8591.063
7.042 8131.356 7639.75 8602.396
7.092 8141.908 7648.836 8613.68
7.143 8152.525 7657.93 8625.412
7.194 8163.208 7667.244 8636.856
7.246 8173.959 7676.635 8648.441
7.299 8184.777 7686.008 8660.181
7.353 8195.664 7695.424 8672.126
7.407 8206.622 7704.922 8683.839
7.463 8217.65 7714.558 8695.878
7.519 8228.751 7724.197 8707.845
7.576 8239.924 7733.858 8719.848
7.634 8251.172 7743.675 8732.075
7.692 8262.496 7753.355 8744.412
7.752 8273.896 7763.238 8756.863
7.812 8285.374 7773.267 8769.21
7.874 8296.931 7783.282 8781.879
7.937 8308.568 7793.391 8794.729
8 8320.287 7803.438 8807.448
8.065 8332.088 7813.612 8820.328
8.13 8343.974 7823.695 8833.269
8.197 8355.945 7833.887 8846.163
8.264 8368.003 7844.215 8859.453
8.333 8380.149 7854.633 8872.675
8.403 8392.385 7865.128 8885.993
8.475 8404.712 7875.822 8899.463
8.547 8417.132 7886.556 8913.152
8.621 8429.647 7897.29 8926.908
8.696 8442.257 7907.824 8940.795
8.772 8454.965 7918.717 8954.683
8.85 8467.773 7929.667 8968.722
8.929 8480.681 7940.585 8982.864
9.009 8493.692 7951.746 8997.167
9.091 8506.809 7962.836 9011.861
9.174 8520.031 7973.929 9026.604
9.259 8533.363 7985.196 9041.442
9.346 8546.804 7996.628 9056.105
9.434 8560.359 8008.145 9071.026
9.524 8574.028 8019.678 9085.852
9.615 8587.814 8031.411 9100.904
9.709 8601.719 8043.264 9116.289
9.804 8615.746 8055.249 9131.446
9.901 8629.896 8067.078 9146.962
10 8644.172 8079.183 9162.542
10.101 8658.577 8091.396 9178.312
10.204 8673.113 8103.641 9194.303
10.309 8687.784 8116.071 9210.444
10.417 8702.59 8128.313 9226.599
10.526 8717.537 8140.914 9243.163
10.638 8732.625 8153.553 9259.784
10.753 8747.859 8166.151 9276.682
10.87 8763.242 8178.993 9293.659
10.989 8778.776 8192.041 9310.704
11.111 8794.465 8205.246 9328.227
11.236 8810.312 8218.529 9345.749
11.364 8826.321 8231.98 9363.595
11.494 8842.496 8245.534 9381.699
11.628 8858.84 8259.23 9400.195
11.765 8875.357 8272.968 9418.758
11.905 8892.051 8286.855 9437.537
12.048 8908.927 8300.832 9456.412
12.195 8925.988 8314.808 9475.384
12.346 8943.24 8329.091 9494.578
12.5 8960.686 8343.743 9514.437
12.658 8978.332 8358.126 9534.283
12.821 8996.183 8372.853 9554.467
12.987 9014.243 8387.657 9574.78
13.158 9032.519 8402.593 9595.736
13.333 9051.016 8417.978 9616.637
13.514 9069.739 8433.422 9637.597
13.699 9088.694 8448.899 9658.979
13.889 9107.889 8464.621 9681.008
14.085 9127.33 8480.465 9702.995
14.286 9147.022 8496.537 9725.364
14.493 9166.974 8512.944 9748.153
14.706 9187.194 8529.391 9770.876
14.925 9207.687 8545.964 9794.038
15.152 9228.464 8562.768 9817.86
15.385 9249.532 8579.777 9841.728
15.625 9270.9 8597.079 9866.365
15.873 9292.578 8614.823 9891.222
16.129 9314.575 8632.784 9916.067
16.393 9336.901 8650.975 9941.626
16.667 9359.567 8669.03 9967.855
16.949 9382.584 8687.714 9994.253
17.241 9405.964 8706.271 10021.143
17.544 9429.72 8725.199 10048.619
17.857 9453.864 8744.337 10076.518
18.182 9478.41 8764.121 10104.891
18.519 9503.373 8783.977 10133.658
18.868 9528.767 8804.291 10163.164
19.231 9554.61 8824.808 10193.278
19.608 9580.917 8845.623 10223.855
20 9607.708 8866.731 10254.951
20.408 9635.001 8888.211 10286.348
20.833 9662.816 8910.078 10318.9
21.277 9691.175 8932.465 10351.895
21.739 9720.101 8954.995 10385.578
22.222 9749.618 8978.026 10420.347
22.727 9779.753 9001.653 10455.987
23.256 9810.533 9025.653 10491.892
23.81 9841.988 9050.206 10529.255
24.39 9874.15 9075.3 10567.368
25 9907.052 9100.802 10606.756
25.641 9940.732 9126.923 10646.702
26.316 9975.23 9153.254 10687.245
27.027 10010.587 9180.592 10729.474
27.778 10046.85 9208.292 10772.706
28.571 10084.069 9236.595 10817.997
29.412 10122.298 9265.481 10863.508
30.303 10161.597 9295.174 10911.056
31.25 10202.029 9325.477 10959.335
32.258 10243.665 9357.135 11009.164
33.333 10286.583 9389.208 11061.327
34.483 10330.866 9422.223 11115.133
35.714 10376.61 9456.247 11171.15
37.037 10423.918 9491.433 11229.302
38.462 10472.905 9527.736 11289.367
40 10523.701 9564.895 11351.961
41.667 10576.45 9603.997 11417.084
43.478 10631.313 9644.107 11484.955
45.455 10688.476 9685.641 11555.859
47.619 10748.148 9728.513 11630.069
50 10810.567 9773.825 11708.516
52.632 10876.01 9820.718 11790.684
55.556 10944.796 9869.186 11876.97
58.824 11017.299 9920.158 11968.17
62.5 11093.959 9973.979 12066.793
66.667 11175.302 10030.628 12169.14
71.429 11261.958 10090.476 12280.17
76.923 11354.698 10154.185 12398.707
83.333 11454.474 10222.299 12527.496
90.909 11562.483 10295.06 12668.42
100 11680.258 10373.951 12821.747
111.111 11809.813 10459.464 12992.381
125 11953.859 10553.386 13183.953
142.857 12116.182 10657.752 13400.743
166.667 12302.294 10775.161 13652.044
200 12520.684 10911.416 13950.178
250 12785.466 11072.854 14317.527
333.333 13122.848 11272.986 14792.294
500 13590.943 11540.542 15468.624
1000 14371.706 11960.451 16642.277
1111.111 14488.289 12019.899 16821.085
1250 14617.975 12085.486 17021.945
1428.571 14764.185 12158.776 17248.368
1666.667 14931.902 12241.446 17512.389
2000 15128.799 12335.34 17827.649
2500 15367.637 12447.049 18210.419
3333.333 15672.106 12585.856 18712.057
5000 16094.737 12774.023 19427.227
10000 16800.007 13068.794 20656.585
