"Pr" "Mp" "Q_2" "Q_9"
1.01 3083.099 2599.094 3384.844
1.011 3116.644 2639.137 3416.233
1.012 3147.858 2676.05 3445.308
1.013 3177.087 2710.89 3472.49
1.014 3204.605 2743.581 3498.34
1.015 3230.632 2774.475 3522.744
1.016 3255.347 2803.583 3546.155
1.017 3278.896 2831.283 3568.472
1.018 3301.403 2857.923 3589.734
1.019 3322.972 2883.092 3610.307
1.02 3343.693 2907.266 3629.944
1.021 3363.642 2930.435 3648.968
1.022 3382.885 2952.897 3667.318
1.024 3401.48 2974.374 3685.168
1.025 3419.479 2995.58 3702.377
1.026 3436.925 3015.905 3719.059
1.027 3453.86 3035.282 3735.18
1.028 3470.318 3054.173 3750.883
1.029 3486.331 3072.535 3766.429
1.03 3501.929 3090.357 3781.451
1.031 3517.137 3107.639 3796.114
1.032 3531.979 3124.812 3810.524
1.033 3546.476 3141.582 3824.562
1.034 3560.648 3157.929 3838.213
1.035 3574.512 3173.898 3851.676
1.036 3588.085 3189.549 3864.898
1.037 3601.382 3204.659 3877.858
1.038 3614.418 3219.432 3890.532
1.04 3627.204 3234.012 3902.901
1.041 3639.752 3248.36 3915.116
1.042 3652.075 3262.301 3927.077
1.043 3664.182 3276.071 3938.97
1.044 3676.082 3289.567 3950.6
1.045 3687.785 3302.824 3962.131
1.046 3699.298 3315.907 3973.295
1.047 3710.631 3328.624 3984.326
1.048 3721.789 3341.264 3995.298
1.049 3732.781 3353.706 4006.154
1.05 3743.612 3365.896 4016.873
1.052 3754.288 3378.003 4027.44
1.053 3764.816 3389.769 4037.602
1.054 3775.2 3401.491 4047.788
1.055 3785.446 3413.117 4057.992
1.056 3795.559 3424.45 4067.941
1.057 3805.543 3435.577 4077.704
1.058 3815.403 3446.734 4087.607
1.059 3825.142 3457.683 4097.245
1.06 3834.765 3468.393 4106.821
1.062 3844.276 3479.078 4116.209
1.063 3853.677 3489.671 4125.566
1.064 3862.973 3500.038 4134.867
1.065 3872.166 3510.361 4143.966
1.066 3881.26 3520.58 4153.064
1.067 3890.258 3530.593 4161.99
1.068 3899.162 3540.547 4170.872
1.07 3907.975 3550.231 4179.757
1.071 3916.699 3559.759 4188.477
1.072 3925.338 3569.383 4197.05
1.073 3933.893 3578.734 4205.651
1.074 3942.367 3588.079 4214.005
1.075 3950.761 3597.441 4222.416
1.076 3959.079 3606.704 4230.719
1.078 3967.322 3615.833 4238.931
1.079 3975.491 3624.966 4247.141
1.08 3983.589 3633.854 4255.231
1.081 3991.618 3642.624 4263.267
1.082 3999.579 3651.261 4271.353
1.083 4007.474 3659.828 4279.307
1.085 4015.304 3668.464 4287.141
1.086 4023.071 3677.013 4295.025
1.087 4030.776 3685.408 4302.655
1.088 4038.422 3693.957 4310.305
1.089 4046.009 3702.343 4317.975
1.091 4053.538 3710.642 4325.513
1.092 4061.011 3718.747 4332.904
1.093 4068.429 3727.009 4340.413
1.094 4075.794 3734.932 4347.811
1.095 4083.106 3742.931 4355.093
1.096 4090.366 3751.022 4362.426
1.098 4097.577 3758.859 4369.681
1.099 4104.737 3766.72 4376.878
1.1 4111.85 3774.514 4384.108
1.101 4118.916 3782.185 4391.22
1.103 4125.935 3789.807 4398.295
1.104 4132.909 3797.306 4405.321
1.105 4139.838 3804.836 4412.301
1.106 4146.724 3812.372 4419.298
1.107 4153.567 3819.811 4426.259
1.109 4160.368 3827.199 4433.094
1.11 4167.128 3834.555 4440.001
1.111 4173.848 3841.896 4446.855
1.112 4180.528 3849.187 4453.562
1.114 4187.169 3856.291 4460.356
1.115 4193.772 3863.479 4467.052
1.116 4200.338 3870.555 4473.588
1.117 4206.867 3877.578 4480.236
1.119 4213.36 3884.486 4486.825
1.12 4219.818 3891.443 4493.339
1.121 4226.24 3898.373 4499.813
1.122 4232.629 3905.303 4506.257
1.124 4238.984 3912.067 4512.805
1.125 4245.306 3918.85 4519.258
1.126 4251.596 3925.616 4525.58
1.127 4257.853 3932.388 4531.906
1.129 4264.08 3939.033 4538.171
1.13 4270.275 3945.604 4544.436
1.131 4276.44 3952.215 4550.778
1.133 4282.576 3958.75 4557.087
1.134 4288.682 3965.203 4563.383
1.135 4294.759 3971.725 4569.606
1.136 4300.808 3978.316 4575.78
1.138 4306.828 3984.696 4581.927
1.139 4312.822 3991.112 4588.106
1.14 4318.788 3997.573 4594.304
1.142 4324.728 4003.908 4600.304
1.143 4330.641 4010.16 4606.456
1.144 4336.529 4016.398 4612.472
1.145 4342.391 4022.767 4618.439
1.147 4348.229 4028.921 4624.462
1.148 4354.041 4035.036 4630.394
1.149 4359.83 4041.295 4636.261
1.151 4365.594 4047.466 4642.214
1.152 4371.335 4053.6 4648.034
1.153 4377.053 4059.676 4653.895
1.155 4382.748 4065.75 4659.733
1.156 4388.42 4071.719 4665.577
1.157 4394.071 4077.705 4671.424
1.159 4399.699 4083.689 4677.224
1.16 4405.306 4089.645 4683.05
1.161 4410.891 4095.579 4688.778
1.163 4416.456 4101.421 4694.404
1.164 4422 4107.305 4700.015
1.166 4427.523 4113.169 4705.659
1.167 4433.027 4118.986 4711.251
1.168 4438.511 4124.847 4716.866
1.17 4443.975 4130.548 4722.411
1.171 4449.42 4136.226 4728.074
1.172 4454.846 4142.025 4733.497
1.174 4460.253 4147.701 4739.034
1.175 4465.642 4153.295 4744.623
1.176 4471.012 4158.96 4750.17
1.178 4476.365 4164.67 4755.689
1.179 4481.7 4170.331 4761.219
1.181 4487.017 4175.982 4766.742
1.182 4492.317 4181.474 4772.189
1.183 4497.6 4187.005 4777.579
1.185 4502.866 4192.616 4782.955
1.186 4508.116 4198.079 4788.34
1.188 4513.349 4203.494 4793.794
1.189 4518.566 4209.041 4799.113
1.19 4523.767 4214.568 4804.476
1.192 4528.952 4220.037 4809.801
1.193 4534.122 4225.482 4815.142
1.195 4539.277 4230.957 4820.364
1.196 4544.416 4236.265 4825.693
1.198 4549.54 4241.615 4830.965
1.199 4554.65 4246.962 4836.243
1.2 4559.744 4252.334 4841.464
1.202 4564.825 4257.667 4846.687
1.203 4569.891 4262.986 4851.871
1.205 4574.943 4268.309 4857.105
1.206 4579.982 4273.676 4862.31
1.208 4585.006 4278.954 4867.517
1.209 4590.017 4284.222 4872.703
1.211 4595.015 4289.504 4877.879
1.212 4599.999 4294.67 4882.984
1.214 4604.971 4299.954 4888.097
1.215 4609.929 4305.085 4893.255
1.217 4614.875 4310.247 4898.377
1.218 4619.808 4315.432 4903.452
1.22 4624.729 4320.634 4908.481
1.221 4629.637 4325.774 4913.71
1.222 4634.533 4330.832 4918.781
1.224 4639.418 4335.869 4923.836
1.225 4644.29 4340.952 4928.878
1.227 4649.151 4346.037 4933.954
1.229 4654 4350.987 4939.062
1.23 4658.838 4356.022 4944.089
1.232 4663.664 4361.101 4949.081
1.233 4668.479 4366.07 4954.103
1.235 4673.283 4371.057 4959.111
1.236 4678.077 4376.063 4964.155
1.238 4682.859 4380.965 4969.121
1.239 4687.631 4385.972 4974.009
1.241 4692.392 4390.985 4979.029
1.242 4697.143 4395.884 4983.93
1.244 4701.883 4400.792 4988.884
1.245 4706.614 4405.743 4993.828
1.247 4711.334 4410.651 4998.674
1.248 4716.044 4415.532 5003.615
1.25 4720.745 4420.415 5008.534
1.252 4725.436 4425.345 5013.373
1.253 4730.117 4430.13 5018.118
1.255 4734.788 4434.942 5023.013
1.256 4739.451 4439.74 5027.889
1.258 4744.104 4444.631 5032.775
1.259 4748.747 4449.538 5037.693
1.261 4753.382 4454.293 5042.495
1.263 4758.008 4459.102 5047.349
1.264 4762.625 4463.876 5052.055
1.266 4767.233 4468.585 5056.842
1.267 4771.832 4473.389 5061.599
1.269 4776.423 4478.09 5066.381
1.271 4781.005 4482.81 5071.201
1.272 4785.579 4487.556 5075.951
1.274 4790.145 4492.32 5080.76
1.276 4794.702 4496.976 5085.525
1.277 4799.252 4501.7 5090.229
1.279 4803.793 4506.389 5095.025
1.28 4808.326 4511.072 5099.763
1.282 4812.852 4515.737 5104.447
1.284 4817.37 4520.356 5109.13
1.285 4821.88 4524.955 5113.848
1.287 4826.382 4529.666 5118.543
1.289 4830.877 4534.295 5123.311
1.29 4835.365 4538.965 5127.962
1.292 4839.845 4543.521 5132.668
1.294 4844.318 4548.082 5137.356
1.295 4848.784 4552.668 5142.029
1.297 4853.243 4557.285 5146.7
1.299 4857.695 4561.853 5151.315
1.3 4862.139 4566.408 5155.914
1.302 4866.577 4570.971 5160.498
1.304 4871.009 4575.539 5165.148
1.305 4875.433 4580.058 5169.752
1.307 4879.851 4584.6 5174.367
1.309 4884.262 4589.149 5179.024
1.311 4888.667 4593.654 5183.684
1.312 4893.066 4598.176 5188.322
1.314 4897.458 4602.707 5192.921
1.316 4901.844 4607.181 5197.454
1.318 4906.223 4611.621 5202.068
1.319 4910.597 4616.028 5206.608
1.321 4914.964 4620.519 5211.211
1.323 4919.326 4624.985 5215.756
1.325 4923.681 4629.466 5220.323
1.326 4928.031 4633.869 5224.876
1.328 4932.375 4638.292 5229.44
1.33 4936.713 4642.764 5234.003
1.332 4941.045 4647.196 5238.582
1.333 4945.372 4651.663 5243.128
1.335 4949.694 4656.082 5247.682
1.337 4954.01 4660.449 5252.188
1.339 4958.32 4664.825 5256.679
1.34 4962.625 4669.248 5261.182
1.342 4966.925 4673.673 5265.685
1.344 4971.22 4678.012 5270.161
1.346 4975.509 4682.407 5274.723
1.348 4979.794 4686.797 5279.211
1.35 4984.073 4691.195 5283.739
1.351 4988.347 4695.576 5288.274
1.353 4992.617 4699.909 5292.779
1.355 4996.881 4704.197 5297.28
1.357 5001.141 4708.553 5301.794
1.359 5005.396 4712.94 5306.241
1.361 5009.646 4717.28 5310.715
1.362 5013.892 4721.595 5315.164
1.364 5018.133 4725.913 5319.585
1.366 5022.369 4730.207 5323.992
1.368 5026.601 4734.474 5328.423
1.37 5030.829 4738.809 5332.8
1.372 5035.052 4743.083 5337.309
1.374 5039.271 4747.334 5341.698
1.376 5043.486 4751.586 5346.195
1.377 5047.696 4755.871 5350.586
1.379 5051.902 4760.157 5355.036
1.381 5056.104 4764.43 5359.499
1.383 5060.302 4768.677 5363.928
1.385 5064.496 4772.901 5368.309
1.387 5068.686 4777.175 5372.683
1.389 5072.872 4781.509 5377.106
1.391 5077.054 4785.765 5381.553
1.393 5081.233 4789.97 5385.982
1.395 5085.407 4794.152 5390.396
1.397 5089.578 4798.355 5394.74
1.399 5093.745 4802.5 5399.147
1.401 5097.909 4806.777 5403.579
1.403 5102.069 4811.014 5407.966
1.404 5106.225 4815.206 5412.325
1.406 5110.378 4819.332 5416.706
1.408 5114.528 4823.497 5421.104
1.41 5118.674 4827.717 5425.48
1.412 5122.816 4831.909 5429.826
1.414 5126.956 4836.075 5434.21
1.416 5131.092 4840.182 5438.543
1.418 5135.225 4844.417 5442.924
1.42 5139.354 4848.573 5447.203
1.422 5143.481 4852.744 5451.616
1.425 5147.604 4856.924 5456.015
1.427 5151.725 4861.088 5460.385
1.429 5155.842 4865.287 5464.795
1.431 5159.956 4869.463 5469.14
1.433 5164.068 4873.644 5473.531
1.435 5168.176 4877.83 5477.869
1.437 5172.282 4881.918 5482.244
1.439 5176.385 4886.011 5486.577
1.441 5180.485 4890.171 5490.921
1.443 5184.583 4894.27 5495.264
1.445 5188.677 4898.36 5499.593
1.447 5192.769 4902.553 5503.956
1.449 5196.859 4906.611 5508.293
1.451 5200.946 4910.763 5512.588
1.453 5205.03 4914.97 5516.854
1.456 5209.112 4919.047 5521.163
1.458 5213.191 4923.096 5525.486
1.46 5217.268 4927.259 5529.796
1.462 5221.343 4931.37 5534.084
1.464 5225.415 4935.453 5538.421
1.466 5229.485 4939.469 5542.759
1.468 5233.553 4943.604 5547.02
1.471 5237.618 4947.603 5551.336
1.473 5241.681 4951.705 5555.681
1.475 5245.743 4955.747 5559.956
1.477 5249.802 4959.799 5564.251
1.479 5253.858 4963.847 5568.605
1.481 5257.913 4967.912 5572.869
1.484 5261.966 4971.979 5577.111
1.486 5266.017 4976.057 5581.372
1.488 5270.066 4980.125 5585.711
1.49 5274.113 4984.111 5590.018
1.493 5278.158 4988.222 5594.273
1.495 5282.202 4992.316 5598.624
1.497 5286.243 4996.355 5602.841
1.499 5290.283 5000.376 5607.12
1.502 5294.321 5004.448 5611.372
1.504 5298.357 5008.452 5615.748
1.506 5302.392 5012.467 5620.008
1.508 5306.425 5016.458 5624.308
1.511 5310.457 5020.48 5628.572
1.513 5314.487 5024.469 5632.773
1.515 5318.515 5028.469 5637.068
1.517 5322.542 5032.491 5641.389
1.52 5326.567 5036.548 5645.598
1.522 5330.591 5040.614 5649.86
1.524 5334.614 5044.627 5654.065
1.527 5338.635 5048.602 5658.299
1.529 5342.655 5052.56 5662.449
1.531 5346.674 5056.585 5666.729
1.534 5350.691 5060.516 5671.031
1.536 5354.707 5064.554 5675.193
1.538 5358.722 5068.6 5679.444
1.541 5362.736 5072.679 5683.675
1.543 5366.749 5076.667 5687.949
1.546 5370.76 5080.672 5692.195
1.548 5374.771 5084.637 5696.463
1.55 5378.78 5088.664 5700.735
1.553 5382.789 5092.724 5704.999
1.555 5386.796 5096.705 5709.299
1.558 5390.803 5100.751 5713.565
1.56 5394.808 5104.789 5717.861
1.563 5398.813 5108.715 5722.186
1.565 5402.817 5112.686 5726.4
1.567 5406.82 5116.617 5730.567
1.57 5410.822 5120.494 5734.784
1.572 5414.823 5124.457 5738.965
1.575 5418.824 5128.46 5743.124
1.577 5422.824 5132.458 5747.343
1.58 5426.823 5136.491 5751.632
1.582 5430.822 5140.493 5755.867
1.585 5434.82 5144.441 5760.103
1.587 5438.818 5148.425 5764.384
1.59 5442.814 5152.366 5768.624
1.592 5446.811 5156.305 5772.844
1.595 5450.807 5160.311 5777.124
1.597 5454.802 5164.295 5781.394
1.6 5458.797 5168.323 5785.65
1.603 5462.792 5172.314 5789.868
1.605 5466.786 5176.312 5794.081
1.608 5470.78 5180.363 5798.28
1.61 5474.773 5184.314 5802.462
1.613 5478.766 5188.264 5806.722
1.616 5482.759 5192.176 5810.961
1.618 5486.752 5196.174 5815.221
1.621 5490.744 5200.13 5819.479
1.623 5494.737 5204.033 5823.705
1.626 5498.729 5207.974 5827.964
1.629 5502.721 5212.039 5832.159
1.631 5506.713 5215.996 5836.425
1.634 5510.705 5219.868 5840.616
1.637 5514.696 5223.833 5844.88
1.639 5518.688 5227.8 5849.196
1.642 5522.68 5231.741 5853.361
1.645 5526.672 5235.659 5857.553
1.647 5530.664 5239.608 5861.798
1.65 5534.656 5243.624 5866.06
1.653 5538.648 5247.625 5870.295
1.656 5542.64 5251.654 5874.565
1.658 5546.633 5255.583 5878.937
1.661 5550.625 5259.524 5883.146
1.664 5554.618 5263.513 5887.313
1.667 5558.611 5267.506 5891.543
1.669 5562.605 5271.396 5895.931
1.672 5566.599 5275.378 5900.224
1.675 5570.593 5279.269 5904.459
1.678 5574.587 5283.246 5908.753
1.681 5578.582 5287.192 5913.021
1.684 5582.578 5291.174 5917.202
1.686 5586.573 5295.128 5921.429
1.689 5590.57 5299.151 5925.735
1.692 5594.566 5303.102 5929.965
1.695 5598.564 5307.08 5934.139
1.698 5602.562 5311 5938.365
1.701 5606.56 5315.004 5942.644
1.704 5610.559 5318.873 5946.97
1.706 5614.559 5322.858 5951.257
1.709 5618.559 5326.805 5955.507
1.712 5622.56 5330.776 5959.8
1.715 5626.562 5334.729 5964.074
1.718 5630.565 5338.645 5968.33
1.721 5634.568 5342.6 5972.628
1.724 5638.572 5346.5 5976.927
1.727 5642.577 5350.489 5981.207
1.73 5646.583 5354.443 5985.461
1.733 5650.589 5358.407 5989.714
1.736 5654.597 5362.309 5993.963
1.739 5658.606 5366.239 5998.229
1.742 5662.615 5370.182 6002.517
1.745 5666.625 5374.063 6006.801
1.748 5670.637 5377.958 6011.086
1.751 5674.65 5381.909 6015.32
1.754 5678.663 5385.867 6019.593
1.757 5682.678 5389.907 6023.868
1.761 5686.694 5393.911 6028.164
1.764 5690.711 5397.885 6032.472
1.767 5694.729 5401.879 6036.725
1.77 5698.748 5405.858 6041.031
1.773 5702.769 5409.788 6045.28
1.776 5706.79 5413.854 6049.53
1.779 5710.814 5417.805 6053.831
1.783 5714.838 5421.783 6058.098
1.786 5718.864 5425.771 6062.488
1.789 5722.891 5429.651 6066.697
1.792 5726.919 5433.639 6070.997
1.795 5730.949 5437.632 6075.242
1.799 5734.98 5441.599 6079.503
1.802 5739.013 5445.607 6083.789
1.805 5743.048 5449.618 6088.15
1.808 5747.083 5453.615 6092.453
1.812 5751.121 5457.583 6096.71
1.815 5755.16 5461.611 6101.049
1.818 5759.2 5465.581 6105.392
1.821 5763.242 5469.584 6109.718
1.825 5767.286 5473.529 6114.042
1.828 5771.332 5477.514 6118.411
1.832 5775.379 5481.522 6122.716
1.835 5779.428 5485.486 6127.113
1.838 5783.478 5489.436 6131.489
1.842 5787.531 5493.384 6135.755
1.845 5791.585 5497.412 6140.102
1.848 5795.641 5501.398 6144.417
1.852 5799.699 5505.343 6148.716
1.855 5803.759 5509.303 6153.036
1.859 5807.821 5513.278 6157.332
1.862 5811.884 5517.274 6161.688
1.866 5815.95 5521.198 6166.096
1.869 5820.018 5525.162 6170.454
1.873 5824.087 5529.152 6174.832
1.876 5828.159 5533.178 6179.269
1.88 5832.233 5537.176 6183.596
1.883 5836.309 5541.132 6187.912
1.887 5840.387 5545.134 6192.246
1.89 5844.467 5549.179 6196.689
1.894 5848.55 5553.2 6201.055
1.898 5852.634 5557.198 6205.421
1.901 5856.721 5561.22 6209.72
1.905 5860.81 5565.219 6214.133
1.908 5864.902 5569.202 6218.547
1.912 5868.995 5573.231 6222.949
1.916 5873.092 5577.275 6227.368
1.919 5877.19 5581.28 6231.823
1.923 5881.291 5585.331 6236.257
1.927 5885.394 5589.315 6240.721
1.931 5889.5 5593.326 6245.056
1.934 5893.608 5597.298 6249.395
1.938 5897.719 5601.297 6253.815
1.942 5901.832 5605.396 6258.169
1.946 5905.948 5609.474 6262.568
1.949 5910.067 5613.514 6266.985
1.953 5914.188 5617.637 6271.444
1.957 5918.312 5621.614 6275.84
1.961 5922.438 5625.597 6280.228
1.965 5926.567 5629.624 6284.712
1.969 5930.699 5633.671 6289.204
1.972 5934.834 5637.776 6293.671
1.976 5938.971 5641.857 6298.114
1.98 5943.112 5645.958 6302.523
1.984 5947.255 5650.023 6306.94
1.988 5951.401 5654.049 6311.404
1.992 5955.55 5658.172 6315.838
1.996 5959.702 5662.213 6320.294
2 5963.857 5666.316 6324.737
2.004 5968.014 5670.395 6329.157
2.008 5972.175 5674.49 6333.624
2.012 5976.339 5678.542 6338.15
2.016 5980.506 5682.613 6342.631
2.02 5984.676 5686.749 6347.189
2.024 5988.85 5690.85 6351.649
2.028 5993.026 5694.927 6356.103
2.033 5997.206 5698.975 6360.568
2.037 6001.388 5703.056 6365.022
2.041 6005.575 5707.121 6369.554
2.045 6009.764 5711.19 6374.023
2.049 6013.957 5715.246 6378.471
2.053 6018.153 5719.32 6383.023
2.058 6022.352 5723.41 6387.518
2.062 6026.555 5727.503 6391.997
2.066 6030.761 5731.555 6396.554
2.07 6034.971 5735.646 6401.061
2.075 6039.184 5739.801 6405.561
2.079 6043.401 5743.919 6410.09
2.083 6047.621 5747.958 6414.625
2.088 6051.845 5752.088 6419.199
2.092 6056.073 5756.207 6423.819
2.096 6060.304 5760.308 6428.377
2.101 6064.539 5764.475 6432.932
2.105 6068.777 5768.591 6437.531
2.11 6073.02 5772.67 6442.178
2.114 6077.266 5776.841 6446.644
2.119 6081.516 5781.012 6451.244
2.123 6085.769 5785.13 6455.921
2.128 6090.027 5789.279 6460.502
2.132 6094.288 5793.448 6465.055
2.137 6098.554 5797.563 6469.701
2.141 6102.823 5801.635 6474.334
2.146 6107.097 5805.755 6478.913
2.151 6111.374 5809.933 6483.509
2.155 6115.656 5814.11 6488.104
2.16 6119.941 5818.334 6492.637
2.165 6124.231 5822.496 6497.235
2.169 6128.525 5826.704 6501.891
2.174 6132.823 5830.837 6506.561
2.179 6137.125 5834.942 6511.19
2.183 6141.431 5839.23 6515.772
2.188 6145.742 5843.414 6520.385
2.193 6150.057 5847.583 6524.973
2.198 6154.377 5851.818 6529.624
2.203 6158.701 5856.065 6534.319
2.208 6163.029 5860.254 6538.979
2.212 6167.362 5864.53 6543.627
2.217 6171.699 5868.819 6548.351
2.222 6176.041 5873.033 6552.91
2.227 6180.387 5877.294 6557.6
2.232 6184.738 5881.523 6562.269
2.237 6189.093 5885.724 6566.983
2.242 6193.454 5889.956 6571.752
2.247 6197.819 5894.175 6576.429
2.252 6202.188 5898.412 6581.13
2.257 6206.563 5902.582 6585.854
2.262 6210.942 5906.859 6590.536
2.268 6215.326 5911.068 6595.282
2.273 6219.715 5915.259 6599.959
2.278 6224.109 5919.521 6604.605
2.283 6228.507 5923.806 6609.27
2.288 6232.911 5928.138 6614.011
2.294 6237.32 5932.384 6618.828
2.299 6241.734 5936.606 6623.59
2.304 6246.153 5940.838 6628.298
2.309 6250.577 5945.128 6633.117
2.315 6255.006 5949.452 6637.943
2.32 6259.44 5953.646 6642.769
2.326 6263.88 5957.98 6647.563
2.331 6268.325 5962.275 6652.37
2.336 6272.775 5966.597 6657.127
2.342 6277.231 5970.869 6661.923
2.347 6281.692 5975.224 6666.664
2.353 6286.158 5979.561 6671.479
2.358 6290.63 5983.845 6676.23
2.364 6295.108 5988.146 6681.051
2.37 6299.591 5992.489 6685.83
2.375 6304.079 5996.845 6690.654
2.381 6308.573 6001.184 6695.493
2.387 6313.073 6005.561 6700.42
2.392 6317.579 6009.882 6705.288
2.398 6322.09 6014.171 6710.119
2.404 6326.607 6018.56 6714.984
2.41 6331.13 6022.986 6719.841
2.415 6335.659 6027.371 6724.685
2.421 6340.194 6031.77 6729.582
2.427 6344.734 6036.181 6734.479
2.433 6349.281 6040.595 6739.413
2.439 6353.834 6045.005 6744.354
2.445 6358.392 6049.431 6749.233
2.451 6362.957 6053.838 6754.199
2.457 6367.528 6058.21 6759.139
2.463 6372.105 6062.675 6764.083
2.469 6376.689 6067.163 6769.018
2.475 6381.279 6071.524 6773.93
2.481 6385.875 6075.91 6778.873
2.488 6390.477 6080.333 6783.849
2.494 6395.086 6084.674 6788.765
2.5 6399.702 6089.134 6793.77
2.506 6404.324 6093.649 6798.751
2.513 6408.952 6098.107 6803.709
2.519 6413.587 6102.593 6808.689
2.525 6418.229 6107.143 6813.741
2.532 6422.877 6111.637 6818.781
2.538 6427.532 6116.13 6823.774
2.545 6432.194 6120.574 6828.79
2.551 6436.863 6125.046 6833.74
2.558 6441.539 6129.586 6838.71
2.564 6446.221 6134.115 6843.774
2.571 6450.911 6138.649 6848.805
2.577 6455.607 6143.113 6853.893
2.584 6460.311 6147.642 6858.961
2.591 6465.022 6152.245 6864.159
2.597 6469.739 6156.788 6869.3
2.604 6474.465 6161.339 6874.429
2.611 6479.197 6165.821 6879.45
2.618 6483.937 6170.375 6884.638
2.625 6488.684 6174.991 6889.738
2.632 6493.438 6179.511 6894.885
2.639 6498.2 6184.094 6899.974
2.646 6502.969 6188.687 6905.119
2.653 6507.746 6193.299 6910.162
2.66 6512.531 6197.97 6915.287
2.667 6517.323 6202.586 6920.397
2.674 6522.123 6207.158 6925.583
2.681 6526.931 6211.799 6930.809
2.688 6531.747 6216.434 6936.014
2.695 6536.57 6221.114 6941.136
2.703 6541.402 6225.737 6946.32
2.71 6546.241 6230.346 6951.604
2.717 6551.089 6235.014 6956.837
2.725 6555.944 6239.642 6962.146
2.732 6560.808 6244.333 6967.36
2.74 6565.68 6249 6972.647
2.747 6570.56 6253.714 6977.885
2.755 6575.448 6258.462 6983.157
2.762 6580.345 6263.238 6988.499
2.77 6585.251 6267.966 6993.804
2.778 6590.164 6272.687 6999.075
2.786 6595.087 6277.405 7004.427
2.793 6600.018 6282.147 7009.653
2.801 6604.957 6286.85 7014.924
2.809 6609.906 6291.551 7020.247
2.817 6614.863 6296.352 7025.44
2.825 6619.829 6301.075 7030.79
2.833 6624.804 6305.886 7036.202
2.841 6629.788 6310.641 7041.637
2.849 6634.78 6315.396 7047.042
2.857 6639.782 6320.195 7052.454
2.865 6644.794 6324.97 7057.965
2.874 6649.814 6329.773 7063.489
2.882 6654.844 6334.559 7068.944
2.89 6659.883 6339.366 7074.398
2.899 6664.931 6344.216 7079.847
2.907 6669.989 6349.089 7085.269
2.915 6675.056 6354.024 7090.763
2.924 6680.133 6358.843 7096.241
2.933 6685.22 6363.646 7101.804
2.941 6690.317 6368.506 7107.294
2.95 6695.423 6373.45 7112.895
2.959 6700.539 6378.343 7118.493
2.967 6705.665 6383.362 7124.074
2.976 6710.801 6388.315 7129.624
2.985 6715.947 6393.244 7135.202
2.994 6721.104 6398.266 7140.805
3.003 6726.27 6403.227 7146.439
3.012 6731.447 6408.204 7152.06
3.021 6736.635 6413.154 7157.734
3.03 6741.832 6418.169 7163.427
3.04 6747.041 6423.129 7169.099
3.049 6752.259 6428.087 7174.775
3.058 6757.489 6433.085 7180.447
3.067 6762.729 6438.067 7186.084
3.077 6767.98 6443.078 7191.809
3.086 6773.242 6448.048 7197.601
3.096 6778.515 6453.04 7203.445
3.106 6783.799 6458.052 7209.148
3.115 6789.094 6463.058 7214.879
3.125 6794.4 6468.104 7220.676
3.135 6799.718 6473.129 7226.415
3.145 6805.047 6478.218 7232.216
3.155 6810.387 6483.308 7238.069
3.165 6815.739 6488.391 7243.896
3.175 6821.103 6493.569 7249.739
3.185 6826.478 6498.726 7255.573
3.195 6831.865 6503.808 7261.327
3.205 6837.264 6508.907 7267.204
3.215 6842.675 6514.038 7273.157
3.226 6848.098 6519.135 7279.049
3.236 6853.533 6524.365 7284.983
3.247 6858.98 6529.675 7290.897
3.257 6864.439 6534.889 7296.77
3.268 6869.911 6540.108 7302.794
3.279 6875.396 6545.381 7308.819
3.289 6880.893 6550.535 7314.681
3.3 6886.402 6555.777 7320.588
3.311 6891.925 6561.047 7326.586
3.322 6897.46 6566.329 7332.609
3.333 6903.008 6571.604 7338.579
3.344 6908.569 6576.918 7344.699
3.356 6914.144 6582.183 7350.717
3.367 6919.731 6587.477 7356.811
3.378 6925.332 6592.779 7362.851
3.39 6930.947 6598.043 7368.931
3.401 6936.574 6603.437 7375.097
3.413 6942.216 6608.853 7381.319
3.425 6947.871 6614.161 7387.451
3.436 6953.54 6619.517 7393.609
3.448 6959.223 6624.893 7399.706
3.46 6964.921 6630.337 7405.932
3.472 6970.632 6635.845 7412.227
3.484 6976.357 6641.229 7418.424
3.497 6982.097 6646.745 7424.731
3.509 6987.852 6652.307 7431.07
3.521 6993.621 6657.728 7437.297
3.534 6999.404 6663.238 7443.631
3.546 7005.203 6668.871 7449.905
3.559 7011.016 6674.327 7456.172
3.571 7016.845 6679.873 7462.583
3.584 7022.688 6685.454 7468.969
3.597 7028.547 6690.956 7475.463
3.61 7034.421 6696.509 7481.805
3.623 7040.311 6702.122 7488.222
3.636 7046.217 6707.798 7494.611
3.65 7052.138 6713.359 7501.055
3.663 7058.075 6719.005 7507.449
3.676 7064.028 6724.636 7513.819
3.69 7069.997 6730.221 7520.265
3.704 7075.983 6735.949 7526.846
3.717 7081.985 6741.694 7533.417
3.731 7088.003 6747.359 7539.945
3.745 7094.038 6753.101 7546.594
3.759 7100.09 6758.87 7553.277
3.774 7106.159 6764.636 7559.919
3.788 7112.245 6770.395 7566.473
3.802 7118.348 6776.056 7573.262
3.817 7124.468 6781.869 7580.075
3.831 7130.606 6787.632 7586.827
3.846 7136.761 6793.491 7593.676
3.861 7142.934 6799.371 7600.36
3.876 7149.125 6805.198 7607.15
3.891 7155.334 6811.119 7613.939
3.906 7161.562 6816.923 7620.715
3.922 7167.807 6822.802 7627.473
3.937 7174.072 6828.783 7634.327
3.953 7180.354 6834.734 7641.206
3.968 7186.656 6840.786 7648.213
3.984 7192.976 6846.909 7655.184
4 7199.316 6852.87 7662.212
4.016 7205.675 6858.893 7669.135
4.032 7212.054 6864.958 7676.252
4.049 7218.452 6870.956 7683.338
4.065 7224.869 6877.027 7690.278
4.082 7231.307 6883.119 7697.447
4.098 7237.765 6889.263 7704.633
4.115 7244.243 6895.392 7711.746
4.132 7250.742 6901.505 7718.889
4.149 7257.261 6907.665 7726.124
4.167 7263.801 6913.825 7733.437
4.184 7270.362 6919.946 7740.628
4.202 7276.944 6926.043 7747.846
4.219 7283.548 6932.218 7755.156
4.237 7290.173 6938.4 7762.422
4.255 7296.82 6944.635 7769.779
4.274 7303.489 6950.902 7777.127
4.292 7310.179 6957.166 7784.524
4.31 7316.893 6963.467 7791.822
4.329 7323.628 6969.746 7799.265
4.348 7330.387 6975.96 7806.64
4.367 7337.168 6982.312 7814.036
4.386 7343.973 6988.664 7821.583
4.405 7350.801 6995.065 7829.127
4.425 7357.652 7001.477 7836.634
4.444 7364.527 7007.888 7844.208
4.464 7371.427 7014.283 7851.959
4.484 7378.35 7020.743 7859.743
4.505 7385.298 7027.238 7867.281
4.525 7392.27 7033.693 7875.081
4.545 7399.268 7040.208 7882.757
4.566 7406.29 7046.709 7890.494
4.587 7413.338 7053.239 7898.365
4.608 7420.412 7059.875 7906.148
4.63 7427.511 7066.564 7913.949
4.651 7434.636 7073.169 7921.746
4.673 7441.788 7079.957 7929.714
4.695 7448.966 7086.649 7937.755
4.717 7456.171 7093.367 7945.676
4.739 7463.404 7100.103 7953.867
4.762 7470.663 7106.885 7961.813
4.785 7477.95 7113.764 7969.952
4.808 7485.265 7120.62 7978.054
4.831 7492.609 7127.403 7986.136
4.854 7499.98 7134.216 7994.473
4.878 7507.381 7141.102 8002.8
4.902 7514.81 7148.062 8011.011
4.926 7522.269 7155.028 8019.258
4.95 7529.757 7161.995 8027.563
4.975 7537.275 7169.037 8035.825
5 7544.823 7176.173 8044.308
5.025 7552.402 7183.183 8052.608
5.051 7560.012 7190.346 8061.009
5.076 7567.653 7197.311 8069.694
5.102 7575.325 7204.428 8078.207
5.128 7583.029 7211.653 8086.743
5.155 7590.765 7218.807 8095.396
5.181 7598.534 7226.057 8104.164
5.208 7606.335 7233.274 8112.927
5.236 7614.169 7240.585 8121.639
5.263 7622.037 7247.961 8130.426
5.291 7629.939 7255.378 8139.182
5.319 7637.875 7262.722 8148.011
5.348 7645.845 7270.028 8156.969
5.376 7653.851 7277.344 8166.03
5.405 7661.891 7284.923 8175.115
5.435 7669.968 7292.37 8184.058
5.464 7678.08 7299.861 8193.064
5.495 7686.229 7307.369 8202.186
5.525 7694.415 7315.05 8211.379
5.556 7702.638 7322.689 8220.351
5.587 7710.899 7330.277 8229.512
5.618 7719.198 7337.926 8238.916
5.65 7727.535 7345.675 8248.141
5.682 7735.912 7353.445 8257.487
5.714 7744.327 7361.175 8266.841
5.747 7752.783 7368.929 8276.22
5.78 7761.279 7376.708 8285.759
5.814 7769.816 7384.569 8295.402
5.848 7778.395 7392.454 8305.085
5.882 7787.015 7400.332 8314.69
5.917 7795.677 7408.347 8324.444
5.952 7804.382 7416.4 8334.236
5.988 7813.131 7424.31 8344.109
6.024 7821.923 7432.366 8354.099
6.061 7830.759 7440.453 8364.1
6.098 7839.641 7448.73 8374.185
6.135 7848.567 7456.852 8384.285
6.173 7857.54 7465.121 8394.59
6.211 7866.56 7473.363 8404.787
6.25 7875.626 7481.664 8414.918
6.289 7884.74 7490.039 8425.3
6.329 7893.903 7498.417 8435.78
6.369 7903.114 7506.821 8446.273
6.41 7912.375 7515.33 8456.652
6.452 7921.686 7523.788 8467.292
6.494 7931.048 7532.459 8477.95
6.536 7940.461 7541.051 8488.828
6.579 7949.926 7549.769 8499.562
6.623 7959.445 7558.455 8510.518
6.667 7969.016 7567.19 8521.496
6.711 7978.642 7576.151 8532.381
6.757 7988.323 7584.97 8543.196
6.803 7998.06 7593.778 8554.31
6.849 8007.853 7602.702 8565.474
6.897 8017.704 7611.557 8576.738
6.944 8027.612 7620.607 8588.077
6.993 8037.579 7629.707 8599.483
7.042 8047.606 7638.708 8610.755
7.092 8057.693 7647.889 8622.21
7.143 8067.841 7657.098 8633.844
7.194 8078.052 7666.426 8645.457
7.246 8088.325 7675.7 8657.204
7.299 8098.663 7684.978 8669.21
7.353 8109.066 7694.382 8681.056
7.407 8119.534 7703.807 8693.018
7.463 8130.069 7713.297 8705.027
7.519 8140.672 7722.987 8717.272
7.576 8151.344 7732.637 8729.465
7.634 8162.085 7742.431 8741.85
7.692 8172.898 7752.203 8754.081
7.752 8183.782 7762.052 8766.402
7.812 8194.739 7772.057 8778.984
7.874 8205.771 7782.018 8791.653
7.937 8216.878 7792.038 8804.468
8 8228.061 7802.17 8817.23
8.065 8239.323 7812.311 8830.278
8.13 8250.663 7822.658 8843.219
8.197 8262.083 7832.926 8856.286
8.264 8273.585 7843.361 8869.501
8.333 8285.17 7853.938 8882.808
8.403 8296.839 7864.409 8896.391
8.475 8308.594 7874.966 8910.013
8.547 8320.436 7885.641 8923.801
8.621 8332.366 7896.413 8937.8
8.696 8344.387 7907.008 8951.655
8.772 8356.499 7917.856 8965.806
8.85 8368.704 7928.749 8979.744
8.929 8381.004 7939.843 8993.798
9.009 8393.401 7950.923 9008.112
9.091 8405.895 7962.162 9022.693
9.174 8418.49 7973.341 9037.278
9.259 8431.186 7984.667 9052.038
9.346 8443.986 7996.104 9066.852
9.434 8456.892 8007.732 9081.983
9.524 8469.905 8019.371 9097.264
9.615 8483.027 8031.104 9112.692
9.709 8496.262 8042.776 9128.138
9.804 8509.609 8054.81 9143.804
9.901 8523.073 8066.754 9159.666
10 8536.655 8078.842 9175.35
10.101 8550.358 8090.99 9191.391
10.204 8564.183 8103.469 9207.733
10.309 8578.134 8115.785 9224.148
10.417 8592.212 8128.412 9240.621
10.526 8606.421 8141.014 9257.082
10.638 8620.764 8153.778 9273.884
10.753 8635.242 8166.666 9291.097
10.87 8649.859 8179.581 9308.283
10.989 8664.619 8192.524 9325.521
11.111 8679.523 8205.791 9343.266
11.236 8694.575 8219.025 9361.034
11.364 8709.778 8232.404 9378.96
11.494 8725.137 8245.813 9397.17
11.628 8740.653 8259.52 9415.832
11.765 8756.332 8273.36 9434.62
11.905 8772.176 8287.386 9453.379
12.048 8788.189 8301.386 9472.526
12.195 8804.376 8315.688 9492.152
12.346 8820.741 8330.061 9511.764
12.5 8837.288 8344.495 9531.604
12.658 8854.021 8358.836 9551.648
12.821 8870.945 8373.43 9572.269
12.987 8888.065 8388.469 9593.076
13.158 8905.387 8403.435 9613.768
13.333 8922.914 8418.646 9634.852
13.514 8940.652 8433.999 9656.457
13.699 8958.608 8449.755 9678.35
13.889 8976.787 8465.551 9700.255
14.085 8995.195 8481.474 9722.651
14.286 9013.838 8497.715 9745.281
14.493 9032.723 8514.001 9768.01
14.706 9051.857 8530.23 9791.745
14.925 9071.247 8546.994 9815.39
15.152 9090.901 8563.895 9839.358
15.385 9110.826 8581.156 9863.937
15.625 9131.03 8598.452 9888.035
15.873 9151.523 8615.995 9913.225
16.129 9172.313 8634.052 9938.638
16.393 9193.41 8652.215 9964.768
16.667 9214.823 8670.685 9991.107
16.949 9236.563 8689.294 10017.869
17.241 9258.641 8707.962 10045.075
17.544 9281.068 8727.131 10072.782
17.857 9303.856 8746.371 10101.35
18.182 9327.018 8766.126 10129.956
18.519 9350.567 8786.089 10158.761
18.868 9374.518 8806.344 10189.043
19.231 9398.885 8826.896 10219.872
19.608 9423.684 8847.969 10250.932
20 9448.931 8869.399 10282.823
20.408 9474.645 8891.091 10314.762
20.833 9500.843 8913.065 10347.46
21.277 9527.547 8935.589 10381.402
21.739 9554.776 8958.276 10415.78
22.222 9582.554 8981.484 10450.576
22.727 9610.905 9004.814 10486.848
23.256 9639.853 9028.811 10523.938
23.81 9669.427 9053.522 10562.045
24.39 9699.656 9078.991 10600.472
25 9730.571 9104.473 10640.199
25.641 9762.206 9130.247 10680.053
26.316 9794.597 9157.054 10721.756
27.027 9827.784 9184.261 10764.058
27.778 9861.808 9212.113 10807.649
28.571 9896.717 9240.835 10853.167
29.412 9932.559 9269.911 10900.082
30.303 9969.39 9299.772 10948.519
31.25 10007.267 9330.584 10997.532
32.258 10046.255 9362.297 11048.544
33.333 10086.426 9395.221 11101.323
34.483 10127.858 9428.6 11155.909
35.714 10170.635 9462.935 11211.769
37.037 10214.854 9498.322 11270.659
38.462 10260.62 9534.914 11331.036
40 10308.051 9572.433 11394.27
41.667 10357.279 9611.55 11460.648
43.478 10408.453 9652.168 11529.584
45.455 10461.74 9694.533 11601.634
47.619 10517.332 9738.175 11676.876
50 10575.446 9782.977 11756.62
52.632 10636.335 9830.564 11840.35
55.556 10700.29 9879.3 11928.187
58.824 10767.65 9931.166 12020.621
62.5 10838.817 9985.754 12118.808
66.667 10914.267 10042.725 12225.207
71.429 10994.575 10103.208 12337.89
76.923 11080.439 10168.008 12459.198
83.333 11172.722 10236.583 12591.582
90.909 11272.509 10310.079 12733.668
100 11381.188 10389.471 12892.103
111.111 11500.576 10476.377 13065.289
125 11633.122 10570.745 13259.332
142.857 11782.237 10676.265 13481.01
166.667 11952.879 10796.221 13739.155
200 12152.669 10933.555 14043.761
250 12394.25 11096.654 14417.555
333.333 12701.031 11299.193 14909.172
500 13124.72 11569.11 15603.123
1000 13826.306 11998.029 16809.58
