"Pr" "Mp" "Q_2" "Q_9"
1.01 3379.685 2423.87 3881.936
1.011 3412.096 2470.217 3907.98
1.012 3442.248 2513.446 3932.049
1.013 3470.477 2552.957 3954.366
1.014 3497.049 2590.417 3975.625
1.015 3522.176 2626.175 3995.745
1.016 3546.032 2659.552 4015.035
1.017 3568.76 2690.964 4033.278
1.018 3590.478 2721.043 4051.059
1.019 3611.289 2749.931 4068.06
1.02 3631.278 2777.936 4084.432
1.021 3650.52 2804.132 4100.376
1.022 3669.078 2830.069 4115.481
1.024 3687.01 2854.403 4130.369
1.025 3704.363 2878.169 4144.794
1.026 3721.183 2901.105 4158.812
1.027 3737.507 2922.969 4172.399
1.028 3753.37 2944.823 4185.661
1.029 3768.803 2966.129 4198.621
1.03 3783.834 2986.271 4211.513
1.031 3798.487 3006.209 4223.893
1.032 3812.786 3025.26 4236.209
1.033 3826.752 3044.515 4248.167
1.034 3840.403 3062.719 4259.99
1.035 3853.756 3080.801 4271.416
1.036 3866.828 3098.371 4282.709
1.037 3879.633 3115.513 4293.879
1.038 3892.185 3132.725 4304.831
1.04 3904.495 3149.106 4315.541
1.041 3916.576 3165.353 4326.076
1.042 3928.438 3180.981 4336.415
1.043 3940.092 3196.13 4346.622
1.044 3951.546 3211.788 4356.551
1.045 3962.808 3226.472 4366.14
1.046 3973.888 3241.508 4375.776
1.047 3984.793 3255.693 4385.206
1.048 3995.53 3269.974 4394.744
1.049 4006.105 3283.933 4404.082
1.05 4016.524 3297.695 4413.211
1.052 4026.795 3311.217 4422.238
1.053 4036.921 3324.793 4431.186
1.054 4046.909 3337.993 4440.019
1.055 4056.764 3351.217 4448.693
1.056 4066.489 3363.847 4457.462
1.057 4076.09 3376.329 4465.894
1.058 4085.571 3388.821 4474.283
1.059 4094.935 3400.785 4482.621
1.06 4104.187 3412.556 4490.93
1.062 4113.33 3424.386 4499.038
1.063 4122.368 3436.021 4507.004
1.064 4131.304 3447.767 4515.118
1.065 4140.14 3459.09 4523.014
1.066 4148.881 3470.502 4530.943
1.067 4157.528 3481.357 4538.776
1.068 4166.085 3492.51 4546.491
1.07 4174.554 3503.532 4554.076
1.071 4182.937 3514.05 4561.562
1.072 4191.237 3524.687 4569.109
1.073 4199.457 3535.232 4576.542
1.074 4207.598 3545.657 4583.874
1.075 4215.662 3556.035 4591.178
1.076 4223.652 3566.308 4598.437
1.078 4231.57 3576.398 4605.576
1.079 4239.417 3586.217 4612.718
1.08 4247.194 3596.279 4619.924
1.081 4254.905 3606.068 4626.901
1.082 4262.55 3616.01 4633.953
1.083 4270.132 3625.78 4640.956
1.085 4277.65 3635.298 4647.87
1.086 4285.108 3644.777 4654.602
1.087 4292.507 3654.201 4661.526
1.088 4299.847 3663.734 4668.248
1.089 4307.13 3673.084 4674.908
1.091 4314.358 3682.059 4681.595
1.092 4321.532 3691.02 4688.173
1.093 4328.653 3700.11 4694.741
1.094 4335.721 3708.938 4701.28
1.095 4342.739 3717.797 4707.67
1.096 4349.708 3726.661 4713.955
1.098 4356.627 3735.032 4720.226
1.099 4363.499 3743.379 4726.442
1.1 4370.325 3751.935 4732.775
1.101 4377.104 3760.381 4739.128
1.103 4383.839 3768.765 4745.352
1.104 4390.53 3777.269 4751.559
1.105 4397.178 3785.557 4757.592
1.106 4403.784 3793.894 4763.745
1.107 4410.349 3802.08 4769.915
1.109 4416.873 3810.299 4776.107
1.11 4423.357 3818.294 4782.032
1.111 4429.803 3826.394 4788.086
1.112 4436.21 3834.408 4794.071
1.114 4442.58 3842.247 4800.003
1.115 4448.912 3850.15 4806.009
1.116 4455.209 3858.007 4811.859
1.117 4461.47 3865.759 4817.56
1.119 4467.696 3873.655 4823.574
1.12 4473.888 3881.589 4829.336
1.121 4480.047 3889.238 4835.129
1.122 4486.172 3896.527 4840.783
1.124 4492.265 3904.07 4846.555
1.125 4498.326 3911.604 4852.276
1.126 4504.355 3919.071 4857.919
1.127 4510.354 3926.475 4863.642
1.129 4516.323 3933.534 4869.336
1.13 4522.261 3940.905 4874.92
1.131 4528.17 3948.122 4880.611
1.133 4534.051 3955.517 4886.23
1.134 4539.903 3962.703 4891.745
1.135 4545.727 3969.805 4897.155
1.136 4551.524 3976.675 4902.52
1.138 4557.294 3983.687 4907.922
1.139 4563.037 3990.747 4913.347
1.14 4568.754 3997.903 4918.724
1.142 4574.445 4004.824 4924.086
1.143 4580.111 4011.48 4929.535
1.144 4585.752 4018.294 4934.905
1.145 4591.369 4025.042 4940.263
1.147 4596.961 4031.739 4945.608
1.148 4602.529 4038.538 4950.889
1.149 4608.074 4045.488 4956.092
1.151 4613.596 4052.143 4961.313
1.152 4619.095 4058.767 4966.515
1.153 4624.572 4065.451 4971.698
1.155 4630.026 4072.028 4976.867
1.156 4635.459 4078.828 4982.061
1.157 4640.87 4085.221 4987.089
1.159 4646.26 4091.96 4992.285
1.16 4651.629 4098.415 4997.366
1.161 4656.978 4104.869 5002.413
1.163 4662.307 4111.315 5007.533
1.164 4667.615 4117.678 5012.625
1.166 4672.904 4124.101 5017.715
1.167 4678.173 4130.441 5022.735
1.168 4683.423 4136.862 5027.605
1.17 4688.654 4142.957 5032.648
1.171 4693.867 4149.16 5037.66
1.172 4699.061 4155.432 5042.471
1.174 4704.238 4161.674 5047.364
1.175 4709.396 4167.83 5052.271
1.176 4714.536 4174.003 5057.178
1.178 4719.66 4179.93 5062.138
1.179 4724.766 4186.057 5067
1.181 4729.855 4192.2 5071.959
1.182 4734.927 4197.929 5076.801
1.183 4739.983 4203.89 5081.628
1.185 4745.023 4209.672 5086.468
1.186 4750.046 4215.545 5091.258
1.188 4755.054 4221.443 5096.077
1.189 4760.046 4227.272 5100.814
1.19 4765.023 4233.114 5105.56
1.192 4769.984 4238.937 5110.438
1.193 4774.93 4244.677 5115.191
1.195 4779.862 4250.596 5119.917
1.196 4784.778 4256.29 5124.601
1.198 4789.681 4262.061 5129.27
1.199 4794.569 4268.116 5133.914
1.2 4799.442 4274.017 5138.625
1.202 4804.302 4279.703 5143.361
1.203 4809.148 4285.513 5148.146
1.205 4813.98 4291.025 5152.937
1.206 4818.799 4296.542 5157.537
1.208 4823.605 4302.156 5162.164
1.209 4828.397 4307.749 5166.79
1.211 4833.177 4313.297 5171.319
1.212 4837.944 4318.809 5176.023
1.214 4842.698 4324.321 5180.602
1.215 4847.439 4329.77 5185.151
1.217 4852.169 4335.297 5189.683
1.218 4856.886 4340.84 5194.262
1.22 4861.591 4346.368 5198.709
1.221 4866.284 4351.747 5203.263
1.222 4870.965 4357.175 5207.756
1.224 4875.635 4362.575 5212.181
1.225 4880.293 4367.954 5216.792
1.227 4884.939 4373.383 5221.367
1.229 4889.575 4378.67 5225.837
1.23 4894.199 4384.162 5230.301
1.232 4898.813 4389.563 5234.671
1.233 4903.416 4394.944 5239.107
1.235 4908.008 4400.284 5243.632
1.236 4912.589 4405.545 5248.139
1.238 4917.16 4410.769 5252.569
1.239 4921.72 4416.212 5256.98
1.241 4926.271 4421.462 5261.453
1.242 4930.811 4426.633 5265.812
1.244 4935.341 4432.1 5270.297
1.245 4939.861 4437.306 5274.73
1.247 4944.372 4442.362 5279.096
1.248 4948.873 4447.591 5283.494
1.25 4953.364 4452.792 5287.753
1.252 4957.846 4457.872 5291.995
1.253 4962.319 4462.821 5296.442
1.255 4966.782 4467.814 5300.801
1.256 4971.236 4473.027 5305.117
1.258 4975.681 4478.173 5309.576
1.259 4980.118 4483.064 5313.905
1.261 4984.545 4488.2 5318.13
1.263 4988.964 4493.176 5322.581
1.264 4993.374 4498.051 5326.915
1.266 4997.776 4503.08 5331.294
1.267 5002.169 4508.073 5335.662
1.269 5006.553 4513.066 5339.919
1.271 5010.93 4517.96 5344.288
1.272 5015.298 4523.088 5348.569
1.274 5019.659 4527.921 5352.863
1.276 5024.011 4532.78 5357.111
1.277 5028.356 4537.715 5361.405
1.279 5032.692 4542.551 5365.64
1.28 5037.021 4547.468 5369.9
1.282 5041.343 4552.381 5374.128
1.284 5045.657 4557.174 5378.334
1.285 5049.963 4561.981 5382.548
1.287 5054.262 4566.728 5386.706
1.289 5058.554 4571.561 5391.023
1.29 5062.838 4576.45 5395.306
1.292 5067.115 4581.389 5399.534
1.294 5071.386 4586.119 5403.823
1.295 5075.649 4590.958 5407.968
1.297 5079.905 4595.576 5412.219
1.299 5084.155 4600.368 5416.285
1.3 5088.398 4605.057 5420.556
1.302 5092.634 4609.752 5424.583
1.304 5096.863 4614.467 5428.647
1.305 5101.086 4619.286 5432.807
1.307 5105.303 4623.979 5436.998
1.309 5109.513 4628.777 5440.995
1.311 5113.717 4633.467 5445.088
1.312 5117.914 4638.053 5449.364
1.314 5122.106 4642.68 5453.511
1.316 5126.291 4647.294 5457.716
1.318 5130.47 4652.047 5461.805
1.319 5134.644 4656.79 5465.844
1.321 5138.811 4661.234 5469.976
1.323 5142.973 4665.914 5474.107
1.325 5147.128 4670.604 5478.239
1.326 5151.278 4675.188 5482.329
1.328 5155.423 4679.636 5486.487
1.33 5159.561 4684.179 5490.604
1.332 5163.695 4688.615 5494.647
1.333 5167.823 4693.152 5498.835
1.335 5171.945 4697.625 5502.938
1.337 5176.062 4702.235 5507.088
1.339 5180.174 4706.777 5511.104
1.34 5184.28 4711.339 5515.19
1.342 5188.382 4715.773 5519.322
1.344 5192.478 4720.318 5523.431
1.346 5196.569 4724.706 5527.513
1.348 5200.655 4729.23 5531.578
1.35 5204.737 4733.842 5535.631
1.351 5208.813 4738.165 5539.571
1.353 5212.884 4742.699 5543.647
1.355 5216.951 4747.221 5547.849
1.357 5221.013 4751.759 5551.796
1.359 5225.071 4756.258 5555.809
1.361 5229.124 4760.598 5559.826
1.362 5233.172 4765.021 5563.754
1.364 5237.216 4769.498 5567.669
1.366 5241.255 4773.904 5571.769
1.368 5245.29 4778.287 5575.753
1.37 5249.32 4782.686 5579.797
1.372 5253.347 4787.154 5583.858
1.374 5257.369 4791.612 5587.8
1.376 5261.386 4795.93 5591.783
1.377 5265.4 4800.4 5595.691
1.379 5269.41 4804.751 5599.787
1.381 5273.415 4809.069 5603.781
1.383 5277.417 4813.396 5607.781
1.385 5281.414 4817.826 5611.711
1.387 5285.408 4822.137 5615.722
1.389 5289.398 4826.537 5619.8
1.391 5293.384 4831.073 5623.877
1.393 5297.366 4835.427 5627.851
1.395 5301.344 4839.819 5631.861
1.397 5305.319 4844.117 5635.894
1.399 5309.29 4848.331 5639.875
1.401 5313.258 4852.672 5643.847
1.403 5317.222 4856.898 5647.714
1.404 5321.183 4861.172 5651.576
1.406 5325.14 4865.472 5655.438
1.408 5329.093 4869.842 5659.328
1.41 5333.044 4874.077 5663.273
1.412 5336.991 4878.339 5667.271
1.414 5340.934 4882.615 5671.273
1.416 5344.875 4886.847 5675.193
1.418 5348.812 4891.026 5679.125
1.42 5352.746 4895.364 5683.053
1.422 5356.677 4899.745 5686.986
1.425 5360.605 4904.076 5690.944
1.427 5364.53 4908.315 5694.932
1.429 5368.452 4912.666 5698.839
1.431 5372.371 4916.943 5702.835
1.433 5376.287 4921.225 5706.755
1.435 5380.201 4925.417 5710.647
1.437 5384.111 4929.568 5714.568
1.439 5388.019 4933.895 5718.434
1.441 5391.923 4938.02 5722.369
1.443 5395.826 4942.069 5726.215
1.445 5399.725 4946.141 5730.159
1.447 5403.622 4950.41 5734.104
1.449 5407.516 4954.728 5737.975
1.451 5411.408 4958.913 5741.887
1.453 5415.297 4963.102 5745.806
1.456 5419.183 4967.392 5749.68
1.458 5423.068 4971.651 5753.616
1.46 5426.949 4975.849 5757.44
1.462 5430.829 4979.964 5761.23
1.464 5434.706 4984.056 5765.035
1.466 5438.581 4988.065 5768.878
1.468 5442.453 4992.178 5772.674
1.471 5446.323 4996.429 5776.478
1.473 5450.191 5000.58 5780.385
1.475 5454.057 5004.686 5784.324
1.477 5457.921 5008.798 5788.149
1.479 5461.783 5012.908 5792.027
1.481 5465.642 5017.187 5795.785
1.484 5469.5 5021.356 5799.636
1.486 5473.355 5025.462 5803.542
1.488 5477.209 5029.594 5807.429
1.49 5481.061 5033.64 5811.244
1.493 5484.91 5037.869 5815.054
1.495 5488.758 5042.074 5818.914
1.497 5492.605 5046.173 5822.734
1.499 5496.449 5050.276 5826.676
1.502 5500.291 5054.381 5830.622
1.504 5504.132 5058.455 5834.459
1.506 5507.971 5062.679 5838.31
1.508 5511.809 5066.854 5842.126
1.511 5515.645 5070.898 5845.977
1.513 5519.479 5074.968 5849.816
1.515 5523.312 5079.131 5853.618
1.517 5527.143 5083.223 5857.454
1.52 5530.973 5087.213 5861.345
1.522 5534.801 5091.439 5865.21
1.524 5538.628 5095.67 5869.053
1.527 5542.453 5099.83 5872.863
1.529 5546.277 5103.941 5876.658
1.531 5550.1 5107.978 5880.563
1.534 5553.921 5112.08 5884.37
1.536 5557.741 5116.128 5888.229
1.538 5561.56 5120.243 5892.1
1.541 5565.378 5124.233 5895.946
1.543 5569.194 5128.339 5899.677
1.546 5573.009 5132.346 5903.45
1.548 5576.823 5136.418 5907.282
1.55 5580.636 5140.51 5911.166
1.553 5584.448 5144.548 5914.976
1.555 5588.259 5148.65 5918.867
1.558 5592.069 5152.619 5922.728
1.56 5595.878 5156.675 5926.644
1.563 5599.686 5160.607 5930.418
1.565 5603.493 5164.572 5934.268
1.567 5607.299 5168.607 5938.069
1.57 5611.104 5172.601 5941.827
1.572 5614.908 5176.683 5945.677
1.575 5618.712 5180.63 5949.554
1.577 5622.515 5184.612 5953.449
1.58 5626.317 5188.619 5957.316
1.582 5630.118 5192.617 5961.227
1.585 5633.919 5196.693 5965.08
1.587 5637.719 5200.662 5968.95
1.59 5641.518 5204.768 5972.706
1.592 5645.317 5208.753 5976.596
1.595 5649.115 5212.655 5980.406
1.597 5652.913 5216.634 5984.235
1.6 5656.71 5220.725 5988.051
1.603 5660.506 5224.754 5991.873
1.605 5664.302 5228.682 5995.722
1.608 5668.098 5232.515 5999.588
1.61 5671.893 5236.447 6003.442
1.613 5675.688 5240.453 6007.304
1.616 5679.482 5244.483 6011.197
1.618 5683.276 5248.582 6015.074
1.621 5687.07 5252.704 6018.94
1.623 5690.864 5256.76 6022.79
1.626 5694.657 5260.634 6026.75
1.629 5698.45 5264.568 6030.566
1.631 5702.243 5268.643 6034.393
1.634 5706.035 5272.546 6038.294
1.637 5709.828 5276.522 6042.017
1.639 5713.62 5280.588 6045.859
1.642 5717.412 5284.69 6049.738
1.645 5721.205 5288.751 6053.639
1.647 5724.997 5292.802 6057.5
1.65 5728.789 5296.709 6061.365
1.653 5732.581 5300.534 6065.205
1.656 5736.373 5304.457 6069.043
1.658 5740.165 5308.361 6072.82
1.661 5743.958 5312.258 6076.669
1.664 5747.75 5316.353 6080.579
1.667 5751.543 5320.339 6084.351
1.669 5755.335 5324.437 6088.162
1.672 5759.128 5328.373 6091.948
1.675 5762.921 5332.258 6095.735
1.678 5766.715 5336.211 6099.523
1.681 5770.508 5340.111 6103.373
1.684 5774.302 5344.056 6107.241
1.686 5778.097 5348.194 6111.063
1.689 5781.891 5352.109 6114.89
1.692 5785.686 5356.106 6118.815
1.695 5789.482 5360.018 6122.512
1.698 5793.277 5364.057 6126.389
1.701 5797.074 5367.99 6130.242
1.704 5800.87 5371.873 6134.095
1.706 5804.668 5375.972 6138.008
1.709 5808.465 5380.014 6141.758
1.712 5812.264 5383.949 6145.612
1.715 5816.062 5387.828 6149.461
1.718 5819.862 5391.833 6153.385
1.721 5823.662 5395.817 6157.14
1.724 5827.463 5399.865 6160.981
1.727 5831.264 5403.868 6164.724
1.73 5835.066 5407.949 6168.479
1.733 5838.869 5411.894 6172.288
1.736 5842.673 5415.865 6176.208
1.739 5846.477 5419.794 6179.999
1.742 5850.282 5423.849 6183.957
1.745 5854.088 5427.774 6187.884
1.748 5857.895 5431.882 6191.697
1.751 5861.703 5435.837 6195.555
1.754 5865.511 5439.873 6199.349
1.757 5869.321 5443.877 6203.261
1.761 5873.131 5447.842 6207.098
1.764 5876.943 5451.909 6211.033
1.767 5880.755 5455.89 6214.869
1.77 5884.569 5459.827 6218.739
1.773 5888.383 5463.809 6222.687
1.776 5892.199 5467.833 6226.522
1.779 5896.016 5471.876 6230.447
1.783 5899.834 5475.918 6234.243
1.786 5903.653 5479.855 6238.02
1.789 5907.473 5483.77 6241.949
1.792 5911.294 5487.795 6245.834
1.795 5915.117 5491.754 6249.779
1.799 5918.941 5495.73 6253.69
1.802 5922.766 5499.637 6257.629
1.805 5926.592 5503.477 6261.59
1.808 5930.42 5507.427 6265.449
1.812 5934.249 5511.47 6269.344
1.815 5938.079 5515.42 6273.18
1.818 5941.911 5519.33 6277.004
1.821 5945.745 5523.348 6280.765
1.825 5949.579 5527.378 6284.652
1.828 5953.416 5531.402 6288.647
1.832 5957.253 5535.461 6292.506
1.835 5961.093 5539.465 6296.405
1.838 5964.933 5543.483 6300.295
1.842 5968.776 5547.5 6304.313
1.845 5972.62 5551.516 6308.241
1.848 5976.465 5555.511 6312.12
1.852 5980.313 5559.489 6316.093
1.855 5984.162 5563.441 6320.085
1.859 5988.012 5567.376 6324.084
1.862 5991.865 5571.53 6328.047
1.866 5995.719 5575.583 6331.963
1.869 5999.575 5579.615 6336.075
1.873 6003.432 5583.688 6339.987
1.876 6007.292 5587.714 6343.877
1.88 6011.153 5591.632 6347.891
1.883 6015.017 5595.609 6351.877
1.887 6018.882 5599.576 6355.886
1.89 6022.749 5603.559 6359.712
1.894 6026.618 5607.539 6363.677
1.898 6030.489 5611.562 6367.559
1.901 6034.362 5615.542 6371.519
1.905 6038.237 5619.48 6375.544
1.908 6042.114 5623.364 6379.419
1.912 6045.994 5627.249 6383.454
1.916 6049.875 5631.448 6387.365
1.919 6053.758 5635.54 6391.362
1.923 6057.644 5639.511 6395.27
1.927 6061.532 5643.519 6399.198
1.931 6065.422 5647.592 6403.172
1.934 6069.314 5651.677 6407.116
1.938 6073.209 5655.751 6411.046
1.942 6077.106 5659.713 6415.038
1.946 6081.005 5663.789 6419.039
1.949 6084.906 5667.823 6423.095
1.953 6088.81 5671.972 6427.08
1.957 6092.716 5676.037 6431.034
1.961 6096.625 5680.06 6434.96
1.965 6100.536 5684.14 6438.993
1.969 6104.45 5688.322 6442.939
1.972 6108.366 5692.405 6446.952
1.976 6112.284 5696.59 6450.948
1.98 6116.206 5700.621 6454.889
1.984 6120.129 5704.798 6458.938
1.988 6124.056 5708.919 6462.924
1.992 6127.985 5712.961 6466.914
1.996 6131.916 5717.084 6470.982
2 6135.851 5721.137 6474.995
2.004 6139.788 5725.235 6478.92
2.008 6143.728 5729.322 6482.989
2.012 6147.67 5733.427 6487.029
2.016 6151.615 5737.464 6491.019
2.02 6155.564 5741.659 6494.968
2.024 6159.515 5745.86 6498.964
2.028 6163.469 5749.95 6503.077
2.033 6167.425 5754.044 6507.066
2.037 6171.385 5758.097 6511.035
2.041 6175.348 5762.213 6514.96
2.045 6179.314 5766.341 6519.038
2.049 6183.282 5770.387 6523.096
2.053 6187.254 5774.488 6527.158
2.058 6191.229 5778.706 6531.229
2.062 6195.207 5782.834 6535.319
2.066 6199.188 5786.946 6539.384
2.07 6203.172 5791.031 6543.435
2.075 6207.16 5795.202 6547.501
2.079 6211.15 5799.243 6551.602
2.083 6215.144 5803.402 6555.682
2.088 6219.141 5807.468 6559.834
2.092 6223.142 5811.573 6563.946
2.096 6227.145 5815.723 6568.112
2.101 6231.153 5819.913 6572.269
2.105 6235.163 5823.974 6576.409
2.11 6239.177 5828.113 6580.668
2.114 6243.194 5832.296 6584.661
2.119 6247.215 5836.489 6588.758
2.123 6251.239 5840.7 6592.951
2.128 6255.267 5844.873 6597.114
2.132 6259.299 5849.063 6601.269
2.137 6263.334 5853.123 6605.354
2.141 6267.372 5857.307 6609.475
2.146 6271.415 5861.43 6613.611
2.151 6275.461 5865.691 6617.711
2.155 6279.51 5869.797 6621.779
2.16 6283.564 5874.06 6625.963
2.165 6287.621 5878.221 6630.035
2.169 6291.682 5882.34 6634.224
2.174 6295.747 5886.433 6638.431
2.179 6299.815 5890.716 6642.648
2.183 6303.888 5894.966 6646.753
2.188 6307.964 5899.169 6650.923
2.193 6312.045 5903.372 6655.172
2.198 6316.129 5907.614 6659.305
2.203 6320.218 5911.804 6663.467
2.208 6324.31 5916.013 6667.634
2.212 6328.407 5920.162 6671.784
2.217 6332.508 5924.333 6675.862
2.222 6336.612 5928.697 6679.983
2.227 6340.721 5932.815 6684.15
2.232 6344.835 5937.057 6688.385
2.237 6348.952 5941.332 6692.654
2.242 6353.074 5945.633 6696.857
2.247 6357.2 5949.935 6701.072
2.252 6361.33 5954.187 6705.296
2.257 6365.465 5958.492 6709.495
2.262 6369.604 5962.833 6713.727
2.268 6373.748 5967.132 6717.991
2.273 6377.896 5971.425 6722.255
2.278 6382.048 5975.61 6726.519
2.283 6386.206 5979.833 6730.814
2.288 6390.367 5984.061 6735.136
2.294 6394.534 5988.438 6739.407
2.299 6398.704 5992.778 6743.752
2.304 6402.88 5997.052 6748.05
2.309 6407.06 6001.437 6752.364
2.315 6411.245 6005.762 6756.698
2.32 6415.435 6010.174 6761.007
2.326 6419.63 6014.414 6765.239
2.331 6423.829 6018.73 6769.53
2.336 6428.034 6023.02 6773.755
2.342 6432.243 6027.312 6778.078
2.347 6436.457 6031.741 6782.475
2.353 6440.677 6035.941 6786.722
2.358 6444.901 6040.323 6791.054
2.364 6449.13 6044.722 6795.474
2.37 6453.365 6049.072 6799.802
2.375 6457.604 6053.499 6804.22
2.381 6461.849 6057.829 6808.486
2.387 6466.099 6062.183 6812.829
2.392 6470.354 6066.551 6817.259
2.398 6474.614 6070.911 6821.579
2.404 6478.88 6075.333 6826.003
2.41 6483.151 6079.774 6830.388
2.415 6487.428 6084.35 6834.819
2.421 6491.71 6088.767 6839.248
2.427 6495.997 6093.124 6843.71
2.433 6500.29 6097.664 6848.116
2.439 6504.589 6102.107 6852.6
2.445 6508.893 6106.625 6856.966
2.451 6513.203 6111.048 6861.43
2.457 6517.518 6115.526 6865.906
2.463 6521.839 6120.006 6870.298
2.469 6526.166 6124.514 6874.83
2.475 6530.499 6129.049 6879.379
2.481 6534.837 6133.566 6883.935
2.488 6539.181 6138.078 6888.335
2.494 6543.532 6142.667 6892.786
2.5 6547.888 6147.158 6897.254
2.506 6552.25 6151.606 6901.65
2.513 6556.618 6156.192 6906.166
2.519 6560.993 6160.759 6910.561
2.525 6565.373 6165.283 6915.121
2.532 6569.76 6169.912 6919.596
2.538 6574.153 6174.366 6924.104
2.545 6578.552 6178.927 6928.608
2.551 6582.957 6183.561 6933.115
2.558 6587.369 6188.161 6937.69
2.564 6591.787 6192.679 6942.308
2.571 6596.211 6197.268 6946.834
2.577 6600.642 6201.89 6951.52
2.584 6605.079 6206.414 6956.11
2.591 6609.523 6211.139 6960.633
2.597 6613.974 6215.769 6965.15
2.604 6618.431 6220.404 6969.765
2.611 6622.895 6225.154 6974.293
2.618 6627.366 6229.787 6978.973
2.625 6631.843 6234.454 6983.647
2.632 6636.328 6239.059 6988.297
2.639 6640.819 6243.761 6992.884
2.646 6645.317 6248.405 6997.604
2.653 6649.822 6253.083 7002.327
2.66 6654.334 6257.594 7007.032
2.667 6658.853 6262.316 7011.541
2.674 6663.379 6267.044 7016.134
2.681 6667.913 6271.931 7020.708
2.688 6672.453 6276.472 7025.335
2.695 6677.001 6281.251 7030.009
2.703 6681.557 6285.89 7034.699
2.71 6686.119 6290.601 7039.488
2.717 6690.689 6295.305 7044.268
2.725 6695.267 6300.101 7049.029
2.732 6699.852 6304.945 7053.719
2.74 6704.444 6309.77 7058.431
2.747 6709.044 6314.557 7063.207
2.755 6713.652 6319.277 7067.968
2.762 6718.268 6324.03 7072.669
2.77 6722.891 6328.817 7077.448
2.778 6727.522 6333.546 7082.207
2.786 6732.161 6338.364 7086.963
2.793 6736.808 6343.123 7091.719
2.801 6741.463 6348.021 7096.629
2.809 6746.126 6352.872 7101.476
2.817 6750.797 6357.734 7106.363
2.825 6755.477 6362.519 7111.306
2.833 6760.164 6367.325 7116.122
2.841 6764.86 6372.329 7121.143
2.849 6769.564 6377.152 7126.007
2.857 6774.277 6382.194 7130.796
2.865 6778.998 6387.141 7135.738
2.874 6783.727 6392.014 7140.621
2.882 6788.465 6396.95 7145.586
2.89 6793.212 6401.905 7150.581
2.899 6797.967 6406.781 7155.426
2.907 6802.731 6411.633 7160.405
2.915 6807.504 6416.668 7165.372
2.924 6812.286 6421.574 7170.404
2.933 6817.076 6426.454 7175.455
2.941 6821.876 6431.434 7180.497
2.95 6826.685 6436.305 7185.416
2.959 6831.503 6441.302 7190.572
2.967 6836.33 6446.235 7195.541
2.976 6841.166 6451.224 7200.562
2.985 6846.011 6456.279 7205.654
2.994 6850.866 6461.342 7210.68
3.003 6855.731 6466.476 7215.8
3.012 6860.605 6471.476 7220.838
3.021 6865.488 6476.565 7226.001
3.03 6870.381 6481.564 7231.012
3.04 6875.284 6486.541 7236.228
3.049 6880.196 6491.571 7241.401
3.058 6885.119 6496.643 7246.586
3.067 6890.051 6501.787 7251.8
3.077 6894.993 6507.058 7256.989
3.086 6899.946 6512.137 7262.079
3.096 6904.908 6517.352 7267.317
3.106 6909.881 6522.489 7272.596
3.115 6914.864 6527.591 7277.866
3.125 6919.857 6532.794 7283.046
3.135 6924.861 6537.824 7288.277
3.145 6929.875 6542.939 7293.604
3.155 6934.9 6548.256 7298.882
3.165 6939.935 6553.565 7304.252
3.175 6944.981 6558.886 7309.646
3.185 6950.038 6564.15 7314.891
3.195 6955.106 6569.446 7320.232
3.205 6960.185 6574.635 7325.487
3.215 6965.275 6579.943 7330.754
3.226 6970.376 6585.248 7336.088
3.236 6975.488 6590.554 7341.277
3.247 6980.611 6595.936 7346.695
3.257 6985.746 6601.276 7352.172
3.268 6990.892 6606.586 7357.645
3.279 6996.049 6611.889 7363.157
3.289 7001.219 6617.189 7368.664
3.3 7006.4 6622.465 7374.277
3.311 7011.592 6627.804 7379.72
3.322 7016.797 6633.381 7385.207
3.333 7022.014 6638.667 7390.695
3.344 7027.242 6644.142 7396.419
3.356 7032.483 6649.529 7402.003
3.367 7037.736 6654.839 7407.651
3.378 7043.001 6660.366 7413.175
3.39 7048.279 6665.808 7418.64
3.401 7053.569 6671.368 7424.202
3.413 7058.872 6676.824 7429.763
3.425 7064.187 6682.262 7435.445
3.436 7069.515 6687.799 7441.247
3.448 7074.856 6693.336 7447.037
3.46 7080.21 6698.784 7452.772
3.472 7085.577 6704.283 7458.476
3.484 7090.958 6709.746 7464.121
3.497 7096.351 6715.295 7469.929
3.509 7101.758 6720.867 7475.607
3.521 7107.178 6726.395 7481.498
3.534 7112.612 6731.94 7487.28
3.546 7118.06 6737.551 7492.996
3.559 7123.521 6743.208 7498.898
3.571 7128.997 6748.713 7504.682
3.584 7134.486 6754.359 7510.626
3.597 7139.989 6759.941 7516.481
3.61 7145.507 6765.684 7522.326
3.623 7151.039 6771.396 7528.341
3.636 7156.585 6777.035 7534.17
3.65 7162.146 6782.834 7540.11
3.663 7167.721 6788.579 7545.998
3.676 7173.312 6794.26 7552.047
3.69 7178.917 6800.015 7558.217
3.704 7184.537 6805.84 7564.277
3.717 7190.172 6811.534 7570.3
3.731 7195.823 6817.329 7576.528
3.745 7201.489 6823.078 7582.737
3.759 7207.17 6828.987 7588.769
3.774 7212.867 6834.84 7594.837
3.788 7218.58 6840.651 7601.03
3.802 7224.309 6846.573 7607.278
3.817 7230.053 6852.567 7613.364
3.831 7235.814 6858.541 7619.611
3.846 7241.591 6864.489 7625.856
3.861 7247.384 6870.487 7632.251
3.876 7253.194 6876.506 7638.455
3.891 7259.021 6882.258 7644.706
3.906 7264.864 6888.164 7651.171
3.922 7270.725 6894.274 7657.523
3.937 7276.602 6900.409 7663.885
3.953 7282.497 6906.348 7670.415
3.968 7288.408 6912.441 7676.791
3.984 7294.338 6918.495 7683.12
4 7300.285 6924.561 7689.722
4.016 7306.25 6930.682 7696.283
4.032 7312.233 6936.881 7702.854
4.049 7318.233 6942.912 7709.334
4.065 7324.253 6949.15 7715.881
4.082 7330.29 6955.265 7722.527
4.098 7336.346 6961.458 7729.153
4.115 7342.421 6967.55 7735.808
4.132 7348.515 6973.85 7742.572
4.149 7354.627 6980.008 7749.304
4.167 7360.759 6986.339 7756.076
4.184 7366.911 6992.796 7762.977
4.202 7373.082 6998.992 7769.773
4.219 7379.272 7005.109 7776.583
4.237 7385.482 7011.364 7783.566
4.255 7391.713 7017.869 7790.688
4.274 7397.964 7024.169 7797.62
4.292 7404.235 7030.482 7804.462
4.31 7410.526 7036.965 7811.522
4.329 7416.839 7043.357 7818.571
4.348 7423.172 7049.929 7825.424
4.367 7429.527 7056.41 7832.469
4.386 7435.903 7062.757 7839.541
4.405 7442.3 7069.196 7846.638
4.425 7448.719 7075.624 7853.702
4.444 7455.161 7082.05 7860.827
4.464 7461.624 7088.525 7867.943
4.484 7468.109 7095.117 7875.182
4.505 7474.617 7101.712 7882.708
4.525 7481.148 7108.407 7890.134
4.545 7487.702 7115.138 7897.563
4.566 7494.279 7121.813 7905
4.587 7500.879 7128.561 7912.468
4.608 7507.503 7135.195 7919.827
4.63 7514.151 7141.918 7927.484
4.651 7520.823 7148.734 7934.863
4.673 7527.519 7155.465 7942.615
4.695 7534.239 7162.267 7950.189
4.717 7540.984 7169.241 7957.911
4.739 7547.755 7176.218 7965.608
4.762 7554.55 7182.949 7973.282
4.785 7561.371 7189.751 7981.177
4.808 7568.218 7196.682 7989.069
4.831 7575.09 7203.368 7996.924
4.854 7581.989 7210.315 8004.762
4.878 7588.915 7217.241 8012.672
4.902 7595.867 7224.336 8020.47
4.926 7602.846 7231.388 8028.459
4.95 7609.852 7238.288 8036.62
4.975 7616.886 7245.325 8044.489
5 7623.948 7252.463 8052.59
5.025 7631.037 7259.648 8060.718
5.051 7638.156 7266.727 8068.923
5.076 7645.302 7273.721 8077.238
5.102 7652.478 7281.003 8085.559
5.128 7659.683 7288.37 8094.077
5.155 7666.918 7295.581 8102.636
5.181 7674.183 7302.813 8111.097
5.208 7681.478 7310.152 8119.703
5.236 7688.803 7317.51 8128.205
5.263 7696.159 7324.745 8136.927
5.291 7703.546 7332.146 8145.452
5.319 7710.965 7339.598 8154.05
5.348 7718.416 7347.126 8163.05
5.376 7725.898 7354.638 8171.812
5.405 7733.414 7362.073 8180.675
5.435 7740.962 7369.544 8189.619
5.464 7748.543 7377.085 8198.678
5.495 7756.158 7384.678 8207.583
5.525 7763.807 7392.379 8216.51
5.556 7771.49 7400.016 8225.741
5.587 7779.208 7407.843 8234.869
5.618 7786.962 7415.586 8244.212
5.65 7794.75 7423.398 8253.472
5.682 7802.575 7431.309 8262.824
5.714 7810.436 7439.187 8272.319
5.747 7818.333 7446.947 8281.728
5.78 7826.268 7454.885 8291.272
5.814 7834.24 7462.842 8301.416
5.848 7842.25 7470.798 8311.413
5.882 7850.299 7478.842 8321.121
5.917 7858.387 7486.848 8331.245
5.952 7866.514 7494.796 8341.139
5.988 7874.681 7502.789 8351.286
6.024 7882.888 7510.801 8361.086
6.061 7891.136 7518.895 8371.173
6.098 7899.426 7526.938 8381.208
6.135 7907.757 7535.061 8391.386
6.173 7916.13 7543.347 8401.653
6.211 7924.546 7551.586 8412.129
6.25 7933.006 7559.949 8422.356
6.289 7941.509 7568.246 8432.695
6.329 7950.057 7576.615 8443.396
6.369 7958.65 7584.927 8454.221
6.41 7967.289 7593.578 8465.274
6.452 7975.973 7601.964 8475.975
6.494 7984.705 7610.378 8487.257
6.536 7993.483 7618.782 8498.245
6.579 8002.31 7627.395 8509.568
6.623 8011.185 7636.019 8520.817
6.667 8020.109 7644.471 8532.135
6.711 8029.084 7653.053 8543.704
6.757 8038.109 7661.743 8555.466
6.803 8047.185 7670.408 8566.901
6.849 8056.313 7679.249 8578.364
6.897 8065.493 7688.009 8590.074
6.944 8074.727 7696.886 8602.24
6.993 8084.015 7705.812 8614.17
7.042 8093.357 7714.938 8626.295
7.092 8102.756 7724.099 8638.598
7.143 8112.21 7733.038 8650.799
7.194 8121.722 7742.131 8662.942
7.246 8131.291 7751.238 8675.618
7.299 8140.92 7760.489 8688.071
7.353 8150.608 7769.658 8700.667
7.407 8160.356 7778.844 8713.503
7.463 8170.166 7788.233 8726.47
7.519 8180.038 7797.585 8739.5
7.576 8189.973 7807.002 8752.725
7.634 8199.973 7816.298 8765.464
7.692 8210.037 7825.852 8778.748
7.752 8220.168 7835.488 8792.42
7.812 8230.366 7845.205 8805.979
7.874 8240.632 7854.895 8819.642
7.937 8250.967 7864.605 8833.522
8 8261.372 7874.312 8847.413
8.065 8271.848 7883.943 8861.647
8.13 8282.398 7893.717 8875.615
8.197 8293.02 7903.632 8890.062
8.264 8303.718 7913.501 8904.795
8.333 8314.492 7923.423 8919.404
8.403 8325.343 7933.578 8933.973
8.475 8336.273 7943.72 8948.941
8.547 8347.282 7953.813 8963.847
8.621 8358.373 7964.178 8979.013
8.696 8369.546 7974.556 8993.956
8.772 8380.804 7985.097 9009.587
8.85 8392.147 7995.628 9025.07
8.929 8403.576 8006.255 9040.852
9.009 8415.095 8016.935 9056.942
9.091 8426.703 8027.733 9072.687
9.174 8438.403 8038.534 9088.673
9.259 8450.197 8049.403 9105.013
9.346 8462.085 8060.035 9121.744
9.434 8474.07 8070.918 9138.601
9.524 8486.154 8082.015 9155.476
9.615 8498.338 8093.304 9173.01
9.709 8510.624 8104.448 9190.399
9.804 8523.015 8115.747 9207.535
9.901 8535.511 8126.883 9225.086
10 8548.116 8138.201 9243.328
10.101 8560.832 8149.734 9261.244
10.204 8573.66 8161.328 9279.752
10.309 8586.602 8172.909 9298.486
10.417 8599.662 8184.532 9317.41
10.526 8612.842 8196.237 9336.729
10.638 8626.143 8208.154 9355.835
10.753 8639.569 8220.27 9375.554
10.87 8653.122 8232.259 9395.644
10.989 8666.805 8244.441 9415.709
11.111 8680.621 8256.796 9436.123
11.236 8694.572 8269.238 9456.837
11.364 8708.662 8281.828 9478.263
11.494 8722.893 8294.565 9499.723
11.628 8737.27 8307.29 9521.399
11.765 8751.794 8320.283 9543.455
11.905 8766.47 8333.154 9565.922
12.048 8781.3 8346.363 9588.808
12.195 8796.29 8359.811 9612.087
12.346 8811.442 8372.868 9635.403
12.5 8826.76 8385.935 9658.626
12.658 8842.249 8399.129 9682.069
12.821 8857.912 8412.694 9706.25
12.987 8873.755 8426.179 9730.347
13.158 8889.781 8439.921 9755.372
13.333 8905.995 8453.918 9780.799
13.514 8922.403 8468.072 9806.971
13.699 8939.009 8482.222 9833.015
13.889 8955.818 8496.437 9859.252
14.085 8972.837 8510.814 9886.013
14.286 8990.07 8525.616 9913.193
14.493 9007.525 8540.514 9940.51
14.706 9025.207 8555.483 9968.737
14.925 9043.122 8570.834 9997.626
15.152 9061.278 8585.841 10027.381
15.385 9079.682 8601.134 10058.095
15.625 9098.34 8616.471 10088.211
15.873 9117.262 8632.396 10118.971
16.129 9136.454 8648.408 10150.904
16.393 9155.927 8664.424 10182.914
16.667 9175.687 8680.78 10215.939
16.949 9195.746 8697.53 10249.425
17.241 9216.112 8714.477 10283.671
17.544 9236.797 8731.1 10318.16
17.857 9257.811 8748.373 10353.581
18.182 9279.165 8765.519 10389.709
18.519 9300.872 8783.233 10427.193
18.868 9322.944 8800.992 10464.648
19.231 9345.396 8818.883 10502.963
19.608 9368.24 8837.161 10542.572
20 9391.493 8855.764 10583.068
20.408 9415.17 8874.128 10624.576
20.833 9439.288 8892.935 10667.17
21.277 9463.865 8912.548 10710.939
21.739 9488.921 8932.308 10754.866
22.222 9514.475 8952.609 10800.315
22.727 9540.55 8973.107 10846.843
23.256 9567.167 8993.349 10893.978
23.81 9594.353 9014.363 10942.767
24.39 9622.134 9035.795 10993.839
25 9650.538 9057.298 11045.458
25.641 9679.595 9079.34 11099.171
26.316 9709.339 9101.85 11154.849
27.027 9739.804 9124.84 11211.189
27.778 9771.03 9148.098 11270.104
28.571 9803.057 9172.169 11331.039
29.412 9835.93 9196.566 11393.116
30.303 9869.699 9221.431 11457.297
31.25 9904.416 9247.38 11522.978
32.258 9940.139 9273.383 11591.66
33.333 9976.933 9300.166 11663.561
34.483 10014.868 9327.468 11737.836
35.714 10054.021 9355.968 11815.872
37.037 10094.477 9385.256 11895.6
38.462 10136.332 9415.268 11979.945
40 10179.691 9446.167 12068.317
41.667 10224.674 9477.693 12159.465
43.478 10271.413 9510.295 12256.514
45.455 10320.06 9544.082 12358.89
47.619 10370.786 9579.483 12467.07
50 10423.786 9615.695 12579.819
52.632 10479.287 9653.297 12699.486
55.556 10537.548 9692.63 12828.221
58.824 10598.876 9733.183 12963.639
62.5 10663.628 9775.725 13107.832
66.667 10732.231 9820.694 13265.475
71.429 10805.198 9868.007 13433.648
76.923 10883.153 9917.493 13617.04
83.333 10966.867 9969.658 13815.105
90.909 11057.306 10025.792 14033.279
100 11155.708 10085.643 14279.261
111.111 11263.69 10150.041 14551.48
125 11383.429 10221.032 14858.85
142.857 11517.954 10299.102 15218.999
166.667 11671.662 10386.197 15643.581
200 11851.301 10484.562 16154.379
250 12068.044 10600.346 16799.471
333.333 12342.532 10740.846 17664.516
500 12720.217 10922.765 18940.088
1000 13341.968 11198.359 21288.768
1111.111 13433.92 11236.592 21667.788
1250 13535.932 11278.751 22102.169
1428.571 13650.598 11325.361 22598.859
1666.667 13781.678 11377.195 23190.314
2000 13934.947 11435.112 23906.267
2500 14119.962 11503.669 24811.087
3333.333 14354.382 11586.905 26010.463
5000 14677.094 11695.828 27783.439
10000 15208.608 11862.695 31069.177
