"Pr" "Mp" "Q_2" "Q_9"
1.01 2930.756 2562.61 3244.677
1.011 2956.738 2592.827 3267.619
1.012 2980.941 2620.824 3288.893
1.013 3003.629 2647.12 3308.773
1.014 3025.012 2671.725 3327.631
1.015 3045.254 2695.079 3345.657
1.016 3064.493 2717.245 3362.694
1.017 3082.84 2738.487 3379.03
1.018 3100.39 2758.701 3394.535
1.019 3117.222 2778.348 3409.394
1.02 3133.404 2796.851 3423.833
1.021 3148.994 2814.713 3437.755
1.022 3164.043 2831.809 3451.177
1.024 3178.596 2848.317 3464.158
1.025 3192.69 2864.418 3476.749
1.026 3206.361 2880.196 3488.942
1.027 3219.639 2895.193 3500.712
1.028 3232.551 2909.868 3512.206
1.029 3245.122 2924.213 3523.6
1.03 3257.373 2938.168 3534.639
1.031 3269.324 2951.767 3545.394
1.032 3280.995 2965.022 3555.88
1.033 3292.399 2978.027 3566.075
1.034 3303.554 2990.69 3576.022
1.035 3314.472 3003.03 3585.935
1.036 3325.167 3015.17 3595.579
1.037 3335.648 3026.973 3604.959
1.038 3345.929 3038.817 3614.299
1.04 3356.017 3050.323 3623.39
1.041 3365.923 3061.348 3632.26
1.042 3375.654 3072.289 3641.032
1.043 3385.219 3083.078 3649.636
1.044 3394.625 3093.812 3658.103
1.045 3403.879 3104.224 3666.51
1.046 3412.988 3114.391 3674.689
1.047 3421.956 3124.524 3682.868
1.048 3430.791 3134.477 3690.814
1.049 3439.497 3144.335 3698.7
1.05 3448.078 3153.988 3706.494
1.052 3456.541 3163.367 3714.184
1.053 3464.889 3172.758 3721.794
1.054 3473.127 3181.836 3729.341
1.055 3481.258 3190.866 3736.692
1.056 3489.286 3199.915 3743.983
1.057 3497.215 3208.803 3751.199
1.058 3505.048 3217.542 3758.336
1.059 3512.788 3226.199 3765.353
1.06 3520.438 3234.678 3772.243
1.062 3528.001 3243.179 3779.087
1.063 3535.481 3251.528 3785.831
1.064 3542.878 3259.761 3792.491
1.065 3550.197 3267.877 3799.173
1.066 3557.439 3275.911 3805.663
1.067 3564.606 3283.861 3812.116
1.068 3571.701 3291.889 3818.573
1.07 3578.726 3299.62 3825.035
1.071 3585.683 3307.408 3831.394
1.072 3592.573 3315.224 3837.659
1.073 3599.399 3322.913 3843.877
1.074 3606.162 3330.471 3850.081
1.075 3612.864 3337.914 3856.21
1.076 3619.507 3345.221 3862.258
1.078 3626.091 3352.631 3868.273
1.079 3632.619 3359.975 3874.174
1.08 3639.092 3367.267 3880.019
1.081 3645.512 3374.442 3885.882
1.082 3651.878 3381.468 3891.697
1.083 3658.194 3388.364 3897.484
1.085 3664.46 3395.448 3903.342
1.086 3670.678 3402.339 3909.023
1.087 3676.848 3409.256 3914.666
1.088 3682.971 3416.158 3920.321
1.089 3689.049 3422.977 3925.844
1.091 3695.083 3429.739 3931.385
1.092 3701.073 3436.367 3936.917
1.093 3707.021 3442.916 3942.389
1.094 3712.928 3449.493 3947.886
1.095 3718.794 3455.927 3953.278
1.096 3724.62 3462.383 3958.616
1.098 3730.407 3468.83 3963.929
1.099 3736.157 3475.24 3969.278
1.1 3741.869 3481.495 3974.483
1.101 3747.544 3487.812 3979.75
1.103 3753.184 3494.01 3984.887
1.104 3758.789 3500.226 3990.003
1.105 3764.36 3506.43 3995.092
1.106 3769.897 3512.5 4000.225
1.107 3775.401 3518.559 4005.337
1.109 3780.872 3524.593 4010.381
1.11 3786.312 3530.527 4015.374
1.111 3791.721 3536.522 4020.435
1.112 3797.099 3542.475 4025.42
1.114 3802.447 3548.321 4030.387
1.115 3807.766 3554.228 4035.289
1.116 3813.056 3560.116 4040.144
1.117 3818.318 3565.895 4044.909
1.119 3823.552 3571.688 4049.659
1.12 3828.759 3577.466 4054.432
1.121 3833.938 3583.186 4059.23
1.122 3839.092 3588.818 4063.978
1.124 3844.219 3594.481 4068.736
1.125 3849.321 3599.999 4073.402
1.126 3854.398 3605.602 4078.098
1.127 3859.451 3611.115 4082.771
1.129 3864.479 3616.645 4087.46
1.13 3869.484 3622.129 4092.17
1.131 3874.465 3627.554 4096.781
1.133 3879.423 3633.007 4101.377
1.134 3884.359 3638.429 4105.989
1.135 3889.272 3643.921 4110.532
1.136 3894.164 3649.243 4115.084
1.138 3899.034 3654.636 4119.647
1.139 3903.883 3659.896 4124.132
1.14 3908.711 3665.271 4128.608
1.142 3913.519 3670.625 4133.024
1.143 3918.306 3675.96 4137.515
1.144 3923.074 3681.153 4142.016
1.145 3927.822 3686.367 4146.427
1.147 3932.551 3691.586 4150.875
1.148 3937.261 3696.723 4155.26
1.149 3941.952 3701.796 4159.575
1.151 3946.625 3706.898 4163.881
1.152 3951.279 3711.942 4168.198
1.153 3955.916 3716.998 4172.54
1.155 3960.536 3721.991 4176.827
1.156 3965.138 3726.952 4181.127
1.157 3969.723 3731.921 4185.372
1.159 3974.291 3736.933 4189.679
1.16 3978.843 3741.843 4193.877
1.161 3983.378 3746.816 4198.133
1.163 3987.898 3751.793 4202.365
1.164 3992.401 3756.751 4206.593
1.166 3996.889 3761.622 4210.712
1.167 4001.361 3766.486 4214.862
1.168 4005.819 3771.41 4218.999
1.17 4010.261 3776.183 4223.111
1.171 4014.688 3780.947 4227.23
1.172 4019.101 3785.717 4231.357
1.174 4023.5 3790.509 4235.45
1.175 4027.885 3795.252 4239.538
1.176 4032.255 3799.971 4243.612
1.178 4036.612 3804.699 4247.708
1.179 4040.955 3809.448 4251.745
1.181 4045.285 3814.2 4255.774
1.182 4049.602 3818.843 4259.846
1.183 4053.905 3823.534 4263.928
1.185 4058.196 3828.172 4267.956
1.186 4062.474 3832.882 4271.97
1.188 4066.739 3837.546 4275.986
1.189 4070.993 3842.225 4279.942
1.19 4075.234 3846.807 4283.938
1.192 4079.462 3851.352 4287.911
1.193 4083.679 3855.922 4291.868
1.195 4087.885 3860.446 4295.752
1.196 4092.079 3864.951 4299.688
1.198 4096.261 3869.448 4303.601
1.199 4100.432 3874.001 4307.554
1.2 4104.592 3878.557 4311.47
1.202 4108.741 3882.982 4315.352
1.203 4112.879 3887.47 4319.244
1.205 4117.006 3891.909 4323.123
1.206 4121.123 3896.31 4326.966
1.208 4125.23 3900.755 4330.808
1.209 4129.326 3905.217 4334.581
1.211 4133.412 3909.549 4338.438
1.212 4137.487 3913.893 4342.245
1.214 4141.553 3918.243 4346.081
1.215 4145.609 3922.648 4349.867
1.217 4149.656 3927.011 4353.686
1.218 4153.693 3931.337 4357.459
1.22 4157.72 3935.682 4361.241
1.221 4161.738 3939.988 4364.996
1.222 4165.747 3944.29 4368.748
1.224 4169.747 3948.614 4372.499
1.225 4173.738 3953.023 4376.26
1.227 4177.72 3957.325 4379.988
1.229 4181.693 3961.573 4383.774
1.23 4185.658 3965.738 4387.474
1.232 4189.614 3969.899 4391.196
1.233 4193.561 3974.056 4394.866
1.235 4197.501 3978.253 4398.587
1.236 4201.431 3982.45 4402.296
1.238 4205.354 3986.727 4406.008
1.239 4209.269 3990.892 4409.728
1.241 4213.176 3995.077 4413.401
1.242 4217.075 3999.287 4417.072
1.244 4220.966 4003.459 4420.765
1.245 4224.849 4007.682 4424.406
1.247 4228.725 4011.782 4428.079
1.248 4232.594 4015.931 4431.721
1.25 4236.455 4020.112 4435.377
1.252 4240.309 4024.182 4439.063
1.253 4244.155 4028.332 4442.693
1.255 4247.995 4032.512 4446.302
1.256 4251.827 4036.638 4449.923
1.258 4255.652 4040.74 4453.496
1.259 4259.471 4044.81 4457.105
1.261 4263.282 4048.881 4460.713
1.263 4267.087 4052.953 4464.276
1.264 4270.886 4057.028 4467.814
1.266 4274.677 4061.099 4471.397
1.267 4278.463 4065.116 4474.942
1.269 4282.242 4069.198 4478.536
1.271 4286.014 4073.2 4482.084
1.272 4289.78 4077.217 4485.657
1.274 4293.54 4081.217 4489.205
1.276 4297.294 4085.157 4492.772
1.277 4301.042 4089.178 4496.331
1.279 4304.784 4093.16 4499.89
1.28 4308.52 4097.194 4503.407
1.282 4312.25 4101.146 4506.961
1.284 4315.975 4105.05 4510.471
1.285 4319.694 4108.955 4514.036
1.287 4323.407 4112.828 4517.553
1.289 4327.114 4116.805 4521.042
1.29 4330.817 4120.751 4524.548
1.292 4334.513 4124.767 4528.061
1.294 4338.205 4128.71 4531.565
1.295 4341.891 4132.629 4535.035
1.297 4345.571 4136.532 4538.556
1.299 4349.247 4140.401 4542.057
1.3 4352.917 4144.326 4545.537
1.302 4356.583 4148.211 4549.025
1.304 4360.243 4152.135 4552.506
1.305 4363.899 4155.988 4555.963
1.307 4367.55 4159.895 4559.443
1.309 4371.195 4163.818 4562.875
1.311 4374.837 4167.655 4566.324
1.312 4378.473 4171.527 4569.774
1.314 4382.105 4175.383 4573.262
1.316 4385.732 4179.229 4576.718
1.318 4389.355 4183.064 4580.161
1.319 4392.973 4186.876 4583.612
1.321 4396.587 4190.718 4587.088
1.323 4400.196 4194.603 4590.47
1.325 4403.801 4198.431 4593.907
1.326 4407.402 4202.27 4597.318
1.328 4410.999 4206.105 4600.691
1.33 4414.591 4209.966 4604.118
1.332 4418.18 4213.73 4607.494
1.333 4421.764 4217.525 4610.897
1.335 4425.344 4221.318 4614.271
1.337 4428.921 4225.063 4617.707
1.339 4432.493 4228.885 4621.122
1.34 4436.062 4232.703 4624.512
1.342 4439.627 4236.45 4627.901
1.344 4443.188 4240.285 4631.298
1.346 4446.745 4244.051 4634.718
1.348 4450.299 4247.783 4638.155
1.35 4453.849 4251.458 4641.536
1.351 4457.396 4255.221 4644.854
1.353 4460.939 4258.953 4648.242
1.355 4464.478 4262.709 4651.648
1.357 4468.014 4266.418 4655.034
1.359 4471.547 4270.151 4658.386
1.361 4475.077 4273.887 4661.761
1.362 4478.603 4277.663 4665.152
1.364 4482.126 4281.396 4668.496
1.366 4485.645 4285.087 4671.834
1.368 4489.162 4288.809 4675.177
1.37 4492.675 4292.614 4678.513
1.372 4496.185 4296.298 4681.803
1.374 4499.693 4299.994 4685.129
1.376 4503.197 4303.679 4688.524
1.377 4506.698 4307.378 4691.866
1.379 4510.197 4311.047 4695.237
1.381 4513.692 4314.7 4698.533
1.383 4517.185 4318.387 4701.838
1.385 4520.675 4322.079 4705.155
1.387 4524.162 4325.713 4708.504
1.389 4527.647 4329.34 4711.835
1.391 4531.128 4332.979 4715.154
1.393 4534.608 4336.662 4718.5
1.395 4538.084 4340.339 4721.896
1.397 4541.558 4343.976 4725.2
1.399 4545.03 4347.623 4728.535
1.401 4548.499 4351.275 4731.872
1.403 4551.965 4354.899 4735.202
1.404 4555.429 4358.564 4738.591
1.406 4558.891 4362.201 4741.879
1.408 4562.351 4365.87 4745.232
1.41 4565.808 4369.493 4748.563
1.412 4569.263 4373.13 4751.883
1.414 4572.715 4376.712 4755.187
1.416 4576.166 4380.334 4758.543
1.418 4579.614 4383.981 4761.885
1.42 4583.06 4387.526 4765.174
1.422 4586.504 4391.103 4768.466
1.425 4589.946 4394.73 4771.761
1.427 4593.386 4398.331 4775.069
1.429 4596.825 4401.957 4778.355
1.431 4600.261 4405.541 4781.628
1.433 4603.695 4409.198 4784.901
1.435 4607.127 4412.778 4788.184
1.437 4610.558 4416.326 4791.484
1.439 4613.986 4419.911 4794.791
1.441 4617.413 4423.488 4798.061
1.443 4620.839 4427.101 4801.315
1.445 4624.262 4430.679 4804.555
1.447 4627.684 4434.287 4807.818
1.449 4631.104 4437.857 4811.067
1.451 4634.522 4441.501 4814.3
1.453 4637.939 4445.157 4817.609
1.456 4641.355 4448.747 4820.945
1.458 4644.768 4452.361 4824.24
1.46 4648.181 4455.948 4827.574
1.462 4651.592 4459.482 4830.829
1.464 4655.001 4463.016 4834.136
1.466 4658.409 4466.572 4837.435
1.468 4661.816 4470.112 4840.722
1.471 4665.221 4473.696 4844.003
1.473 4668.625 4477.239 4847.249
1.475 4672.028 4480.781 4850.556
1.477 4675.43 4484.376 4853.85
1.479 4678.83 4487.993 4857.094
1.481 4682.229 4491.538 4860.389
1.484 4685.627 4495.098 4863.692
1.486 4689.024 4498.638 4867.008
1.488 4692.419 4502.116 4870.239
1.49 4695.814 4505.692 4873.471
1.493 4699.208 4509.248 4876.721
1.495 4702.6 4512.761 4879.994
1.497 4705.992 4516.333 4883.245
1.499 4709.383 4519.843 4886.507
1.502 4712.772 4523.366 4889.788
1.504 4716.161 4526.954 4893.009
1.506 4719.549 4530.44 4896.32
1.508 4722.936 4533.882 4899.591
1.511 4726.323 4537.425 4902.839
1.513 4729.708 4540.953 4906.098
1.515 4733.093 4544.447 4909.348
1.517 4736.477 4547.997 4912.653
1.52 4739.86 4551.525 4915.888
1.522 4743.243 4555.069 4919.176
1.524 4746.625 4558.55 4922.404
1.527 4750.006 4562.043 4925.663
1.529 4753.387 4565.544 4928.977
1.531 4756.767 4569.078 4932.208
1.534 4760.147 4572.579 4935.471
1.536 4763.526 4576.076 4938.741
1.538 4766.905 4579.51 4942.027
1.541 4770.283 4582.998 4945.352
1.543 4773.661 4586.47 4948.646
1.546 4777.038 4589.914 4951.907
1.548 4780.415 4593.383 4955.142
1.55 4783.792 4596.863 4958.448
1.553 4787.168 4600.383 4961.703
1.555 4790.544 4603.867 4964.982
1.558 4793.92 4607.356 4968.242
1.56 4797.295 4610.903 4971.525
1.563 4800.67 4614.422 4974.758
1.565 4804.045 4617.921 4978.067
1.567 4807.42 4621.461 4981.334
1.57 4810.795 4624.954 4984.586
1.572 4814.169 4628.385 4987.882
1.575 4817.544 4631.868 4991.116
1.577 4820.918 4635.34 4994.478
1.58 4824.293 4638.838 4997.745
1.582 4827.667 4642.328 5001.005
1.585 4831.041 4645.836 5004.302
1.587 4834.415 4649.338 5007.542
1.59 4837.79 4652.807 5010.849
1.592 4841.164 4656.28 5014.112
1.595 4844.539 4659.743 5017.371
1.597 4847.913 4663.24 5020.638
1.6 4851.288 4666.73 5023.931
1.603 4854.663 4670.246 5027.276
1.605 4858.038 4673.726 5030.56
1.608 4861.414 4677.217 5033.837
1.61 4864.789 4680.702 5037.088
1.613 4868.165 4684.156 5040.353
1.616 4871.541 4687.573 5043.686
1.618 4874.918 4691.084 5046.949
1.621 4878.295 4694.579 5050.238
1.623 4881.672 4698.102 5053.532
1.626 4885.05 4701.598 5056.779
1.629 4888.428 4705.072 5060.045
1.631 4891.806 4708.553 5063.314
1.634 4895.185 4712.01 5066.623
1.637 4898.564 4715.435 5069.961
1.639 4901.944 4718.89 5073.2
1.642 4905.325 4722.37 5076.506
1.645 4908.706 4725.826 5079.822
1.647 4912.087 4729.254 5083.113
1.65 4915.469 4732.655 5086.407
1.653 4918.852 4736.095 5089.708
1.656 4922.236 4739.591 5092.965
1.658 4925.62 4743.053 5096.264
1.661 4929.005 4746.531 5099.573
1.664 4932.39 4750.001 5102.859
1.667 4935.776 4753.507 5106.138
1.669 4939.164 4756.95 5109.436
1.672 4942.551 4760.388 5112.714
1.675 4945.94 4763.92 5115.994
1.678 4949.33 4767.408 5119.314
1.681 4952.72 4770.935 5122.602
1.684 4956.111 4774.452 5125.915
1.686 4959.503 4777.941 5129.219
1.689 4962.897 4781.354 5132.555
1.692 4966.291 4784.805 5135.885
1.695 4969.686 4788.248 5139.128
1.698 4973.082 4791.724 5142.436
1.701 4976.479 4795.249 5145.771
1.704 4979.877 4798.714 5149.114
1.706 4983.276 4802.274 5152.419
1.709 4986.676 4805.734 5155.725
1.712 4990.078 4809.18 5159.028
1.715 4993.48 4812.621 5162.368
1.718 4996.884 4816.1 5165.719
1.721 5000.289 4819.598 5169.027
1.724 5003.695 4823.114 5172.39
1.727 5007.102 4826.615 5175.718
1.73 5010.511 4830.084 5179.038
1.733 5013.921 4833.56 5182.34
1.736 5017.332 4837.066 5185.693
1.739 5020.744 4840.55 5189.075
1.742 5024.158 4844.018 5192.414
1.745 5027.573 4847.53 5195.772
1.748 5030.99 4851.001 5199.16
1.751 5034.408 4854.492 5202.531
1.754 5037.828 4857.96 5205.874
1.757 5041.248 4861.469 5209.226
1.761 5044.671 4864.964 5212.545
1.764 5048.095 4868.495 5215.945
1.767 5051.52 4872.02 5219.33
1.77 5054.947 4875.494 5222.671
1.773 5058.376 4879.083 5226.036
1.776 5061.806 4882.63 5229.421
1.779 5065.238 4886.074 5232.831
1.783 5068.672 4889.514 5236.215
1.786 5072.107 4892.948 5239.604
1.789 5075.544 4896.461 5242.956
1.792 5078.982 4900.005 5246.343
1.795 5082.423 4903.54 5249.711
1.799 5085.865 4907.064 5253.095
1.802 5089.309 4910.495 5256.473
1.805 5092.754 4914 5259.915
1.808 5096.202 4917.511 5263.338
1.812 5099.651 4920.989 5266.764
1.815 5103.103 4924.469 5270.123
1.818 5106.556 4928.002 5273.456
1.821 5110.011 4931.502 5276.891
1.825 5113.468 4935.008 5280.292
1.828 5116.927 4938.537 5283.718
1.832 5120.388 4942.04 5287.162
1.835 5123.851 4945.52 5290.514
1.838 5127.316 4949.004 5293.887
1.842 5130.784 4952.474 5297.332
1.845 5134.253 4955.963 5300.747
1.848 5137.724 4959.533 5304.22
1.852 5141.198 4963.01 5307.705
1.855 5144.674 4966.581 5311.12
1.859 5148.152 4970.091 5314.542
1.862 5151.632 4973.616 5317.997
1.866 5155.114 4977.133 5321.486
1.869 5158.599 4980.606 5324.904
1.873 5162.086 4984.162 5328.338
1.876 5165.575 4987.691 5331.782
1.88 5169.067 4991.242 5335.204
1.883 5172.561 4994.823 5338.636
1.887 5176.057 4998.358 5342.049
1.89 5179.556 5001.867 5345.477
1.894 5183.057 5005.394 5348.921
1.898 5186.561 5008.878 5352.407
1.901 5190.067 5012.409 5355.839
1.905 5193.576 5016.022 5359.335
1.908 5197.087 5019.58 5362.808
1.912 5200.6 5023.105 5366.279
1.916 5204.117 5026.728 5369.759
1.919 5207.636 5030.313 5373.254
1.923 5211.157 5033.855 5376.742
1.927 5214.681 5037.376 5380.252
1.931 5218.208 5040.928 5383.707
1.934 5221.738 5044.451 5387.192
1.938 5225.27 5048.01 5390.747
1.942 5228.805 5051.565 5394.235
1.946 5232.343 5055.143 5397.747
1.949 5235.884 5058.701 5401.288
1.953 5239.427 5062.272 5404.81
1.957 5242.974 5065.81 5408.336
1.961 5246.523 5069.367 5411.875
1.965 5250.075 5072.96 5415.411
1.969 5253.63 5076.568 5418.967
1.972 5257.188 5080.149 5422.555
1.976 5260.749 5083.736 5426.09
1.98 5264.313 5087.395 5429.637
1.984 5267.88 5090.975 5433.169
1.988 5271.45 5094.547 5436.62
1.992 5275.023 5098.166 5440.113
1.996 5278.6 5101.817 5443.677
2 5282.179 5105.445 5447.216
2.004 5285.762 5109.017 5450.753
2.008 5289.348 5112.664 5454.304
2.012 5292.937 5116.275 5457.852
2.016 5296.529 5119.826 5461.381
2.02 5300.124 5123.486 5464.952
2.024 5303.723 5127.111 5468.533
2.028 5307.325 5130.724 5472.087
2.033 5310.931 5134.363 5475.691
2.037 5314.54 5137.968 5479.271
2.041 5318.152 5141.594 5482.88
2.045 5321.768 5145.224 5486.493
2.049 5325.387 5148.819 5490.075
2.053 5329.01 5152.441 5493.701
2.058 5332.636 5156.034 5497.331
2.062 5336.266 5159.626 5500.93
2.066 5339.899 5163.253 5504.549
2.07 5343.536 5166.925 5508.138
2.075 5347.176 5170.649 5511.798
2.079 5350.82 5174.288 5515.442
2.083 5354.468 5177.973 5519.081
2.088 5358.12 5181.599 5522.745
2.092 5361.775 5185.199 5526.345
2.096 5365.434 5188.834 5530.035
2.101 5369.097 5192.477 5533.69
2.105 5372.764 5196.17 5537.407
2.11 5376.434 5199.798 5541.072
2.114 5380.109 5203.47 5544.725
2.119 5383.787 5207.173 5548.407
2.123 5387.469 5210.845 5552.081
2.128 5391.155 5214.563 5555.708
2.132 5394.846 5218.27 5559.412
2.137 5398.54 5221.976 5563.14
2.141 5402.238 5225.649 5566.829
2.146 5405.941 5229.396 5570.508
2.151 5409.647 5233.04 5574.241
2.155 5413.358 5236.748 5578.007
2.16 5417.073 5240.437 5581.771
2.165 5420.792 5244.16 5585.488
2.169 5424.515 5247.869 5589.279
2.174 5428.242 5251.581 5592.969
2.179 5431.974 5255.284 5596.649
2.183 5435.71 5259.063 5600.362
2.188 5439.451 5262.784 5604.036
2.193 5443.196 5266.434 5607.742
2.198 5446.945 5270.201 5611.544
2.203 5450.699 5273.924 5615.239
2.208 5454.457 5277.683 5619.035
2.212 5458.22 5281.391 5622.788
2.217 5461.987 5285.126 5626.56
2.222 5465.759 5288.884 5630.33
2.227 5469.535 5292.67 5634.114
2.232 5473.317 5296.426 5637.88
2.237 5477.102 5300.225 5641.721
2.242 5480.893 5303.982 5645.516
2.247 5484.688 5307.788 5649.288
2.252 5488.488 5311.563 5653.07
2.257 5492.293 5315.396 5656.856
2.262 5496.103 5319.193 5660.702
2.268 5499.917 5322.984 5664.495
2.273 5503.737 5326.785 5668.324
2.278 5507.561 5330.566 5672.157
2.283 5511.39 5334.372 5675.96
2.288 5515.225 5338.128 5679.839
2.294 5519.064 5342.008 5683.697
2.299 5522.909 5345.866 5687.514
2.304 5526.758 5349.686 5691.349
2.309 5530.613 5353.487 5695.2
2.315 5534.473 5357.256 5699.121
2.32 5538.338 5361.069 5702.967
2.326 5542.209 5364.908 5706.835
2.331 5546.084 5368.775 5710.736
2.336 5549.965 5372.657 5714.621
2.342 5553.852 5376.491 5718.505
2.347 5557.743 5380.331 5722.353
2.353 5561.641 5384.2 5726.249
2.358 5565.543 5388.032 5730.22
2.364 5569.451 5391.859 5734.194
2.37 5573.365 5395.699 5738.144
2.375 5577.284 5399.585 5742.087
2.381 5581.209 5403.486 5746.091
2.387 5585.14 5407.424 5750.039
2.392 5589.076 5411.307 5754.001
2.398 5593.018 5415.221 5757.933
2.404 5596.966 5419.108 5761.903
2.41 5600.919 5423.009 5765.932
2.415 5604.879 5426.923 5769.88
2.421 5608.844 5430.874 5773.857
2.427 5612.815 5434.772 5777.868
2.433 5616.792 5438.763 5781.896
2.439 5620.775 5442.716 5785.922
2.445 5624.765 5446.697 5789.993
2.451 5628.76 5450.663 5794.016
2.457 5632.761 5454.605 5798.137
2.463 5636.769 5458.522 5802.193
2.469 5640.783 5462.431 5806.252
2.475 5644.803 5466.451 5810.319
2.481 5648.829 5470.379 5814.372
2.488 5652.862 5474.37 5818.386
2.494 5656.901 5478.414 5822.489
2.5 5660.946 5482.362 5826.555
2.506 5664.998 5486.385 5830.67
2.513 5669.056 5490.388 5834.764
2.519 5673.121 5494.412 5838.91
2.525 5677.193 5498.437 5843.034
2.532 5681.271 5502.449 5847.161
2.538 5685.356 5506.484 5851.338
2.545 5689.447 5510.524 5855.518
2.551 5693.545 5514.54 5859.703
2.558 5697.65 5518.553 5863.889
2.564 5701.762 5522.566 5868.087
2.571 5705.881 5526.591 5872.241
2.577 5710.007 5530.629 5876.463
2.584 5714.14 5534.726 5880.665
2.591 5718.279 5538.778 5884.831
2.597 5722.426 5542.822 5889.078
2.604 5726.58 5546.843 5893.299
2.611 5730.741 5550.946 5897.497
2.618 5734.91 5555.068 5901.797
2.625 5739.085 5559.114 5906.091
2.632 5743.268 5563.234 5910.299
2.639 5747.459 5567.342 5914.628
2.646 5751.656 5571.447 5918.961
2.653 5755.862 5575.54 5923.261
2.66 5760.074 5579.571 5927.518
2.667 5764.295 5583.686 5931.825
2.674 5768.522 5587.818 5936.117
2.681 5772.758 5592.024 5940.467
2.688 5777.001 5596.183 5944.756
2.695 5781.252 5600.336 5949.032
2.703 5785.511 5604.473 5953.324
2.71 5789.778 5608.645 5957.711
2.717 5794.052 5612.86 5962.096
2.725 5798.335 5617.041 5966.478
2.732 5802.626 5621.24 5970.877
2.74 5806.925 5625.433 5975.257
2.747 5811.231 5629.671 5979.657
2.755 5815.546 5633.926 5984.086
2.762 5819.87 5638.145 5988.492
2.77 5824.201 5642.42 5992.937
2.778 5828.541 5646.631 5997.36
2.786 5832.89 5650.886 6001.826
2.793 5837.247 5655.127 6006.233
2.801 5841.612 5659.41 6010.669
2.809 5845.986 5663.688 6015.082
2.817 5850.369 5667.99 6019.55
2.825 5854.76 5672.31 6024.04
2.833 5859.16 5676.62 6028.544
2.841 5863.569 5680.907 6033.08
2.849 5867.987 5685.253 6037.651
2.857 5872.413 5689.595 6042.184
2.865 5876.849 5693.942 6046.675
2.874 5881.294 5698.284 6051.188
2.882 5885.748 5702.672 6055.751
2.89 5890.211 5707.007 6060.259
2.899 5894.683 5711.393 6064.862
2.907 5899.165 5715.748 6069.487
2.915 5903.656 5720.129 6074.071
2.924 5908.156 5724.506 6078.686
2.933 5912.666 5728.888 6083.329
2.941 5917.186 5733.283 6088.001
2.95 5921.715 5737.655 6092.684
2.959 5926.254 5742.08 6097.348
2.967 5930.802 5746.408 6102.034
2.976 5935.361 5750.833 6106.705
2.985 5939.929 5755.231 6111.384
2.994 5944.507 5759.721 6116.139
3.003 5949.096 5764.151 6120.855
3.012 5953.694 5768.586 6125.554
3.021 5958.303 5773.112 6130.302
3.03 5962.922 5777.57 6135.02
3.04 5967.551 5782.052 6139.768
3.049 5972.191 5786.527 6144.585
3.058 5976.841 5791.033 6149.342
3.067 5981.501 5795.529 6154.153
3.077 5986.173 5800.077 6159.019
3.086 5990.854 5804.569 6163.831
3.096 5995.547 5809.134 6168.712
3.106 6000.251 5813.69 6173.537
3.115 6004.965 5818.235 6178.342
3.125 6009.691 5822.803 6183.222
3.135 6014.427 5827.41 6188.107
3.145 6019.175 5831.942 6193.014
3.155 6023.934 5836.527 6197.85
3.165 6028.704 5841.222 6202.691
3.175 6033.486 5845.864 6207.596
3.185 6038.279 5850.5 6212.612
3.195 6043.083 5855.15 6217.561
3.205 6047.9 5859.761 6222.611
3.215 6052.728 5864.403 6227.657
3.226 6057.567 5869.155 6232.625
3.236 6062.419 5873.771 6237.591
3.247 6067.283 5878.467 6242.631
3.257 6072.159 5883.197 6247.701
3.268 6077.046 5887.903 6252.795
3.279 6081.947 5892.602 6257.902
3.289 6086.859 5897.354 6262.927
3.3 6091.784 5902.104 6268.04
3.311 6096.721 5906.844 6273.195
3.322 6101.671 5911.601 6278.292
3.333 6106.634 5916.316 6283.455
3.344 6111.61 5921.114 6288.629
3.356 6116.598 5925.87 6293.83
3.367 6121.6 5930.603 6299.062
3.378 6126.614 5935.382 6304.243
3.39 6131.642 5940.226 6309.48
3.401 6136.683 5945.057 6314.667
3.413 6141.737 5949.876 6319.909
3.425 6146.805 5954.813 6325.225
3.436 6151.886 5959.666 6330.49
3.448 6156.981 5964.567 6335.741
3.46 6162.09 5969.44 6341.078
3.472 6167.213 5974.402 6346.397
3.484 6172.349 5979.315 6351.715
3.497 6177.5 5984.284 6357.057
3.509 6182.665 5989.25 6362.435
3.521 6187.844 5994.246 6367.902
3.534 6193.038 5999.27 6373.365
3.546 6198.247 6004.28 6378.82
3.559 6203.469 6009.272 6384.266
3.571 6208.707 6014.294 6389.725
3.584 6213.96 6019.26 6395.217
3.597 6219.227 6024.262 6400.689
3.61 6224.51 6029.28 6406.25
3.623 6229.808 6034.354 6411.752
3.636 6235.121 6039.38 6417.386
3.65 6240.45 6044.457 6422.883
3.663 6245.794 6049.529 6428.441
3.676 6251.154 6054.633 6434.008
3.69 6256.53 6059.757 6439.539
3.704 6261.922 6064.956 6445.154
3.717 6267.33 6070.176 6450.817
3.731 6272.754 6075.351 6456.485
3.745 6278.195 6080.554 6462.23
3.759 6283.652 6085.729 6467.918
3.774 6289.126 6090.96 6473.636
3.788 6294.616 6096.256 6479.391
3.802 6300.123 6101.466 6485.232
3.817 6305.648 6106.736 6491.073
3.831 6311.189 6111.978 6496.882
3.846 6316.748 6117.218 6502.747
3.861 6322.324 6122.51 6508.569
3.876 6327.918 6127.824 6514.389
3.891 6333.53 6133.127 6520.294
3.906 6339.159 6138.505 6526.159
3.922 6344.807 6143.813 6532.124
3.937 6350.472 6149.188 6538.106
3.953 6356.156 6154.63 6544.115
3.968 6361.859 6160.075 6550.145
3.984 6367.58 6165.521 6556.106
4 6373.32 6170.938 6562.186
4.016 6379.079 6176.373 6568.305
4.032 6384.857 6181.787 6574.433
4.049 6390.654 6187.197 6580.496
4.065 6396.471 6192.68 6586.646
4.082 6402.308 6198.234 6592.794
4.098 6408.164 6203.783 6598.898
4.115 6414.04 6209.323 6605.107
4.132 6419.937 6214.97 6611.361
4.149 6425.853 6220.588 6617.54
4.167 6431.79 6226.219 6623.796
4.184 6437.748 6231.859 6630.024
4.202 6443.727 6237.479 6636.306
4.219 6449.727 6243.129 6642.679
4.237 6455.748 6248.803 6649.056
4.255 6461.79 6254.496 6655.446
4.274 6467.854 6260.237 6661.903
4.292 6473.94 6266.003 6668.352
4.31 6480.048 6271.757 6674.824
4.329 6486.178 6277.551 6681.324
4.348 6492.33 6283.328 6687.83
4.367 6498.505 6289.16 6694.38
4.386 6504.703 6294.953 6700.967
4.405 6510.924 6300.811 6707.619
4.425 6517.168 6306.653 6714.241
4.444 6523.435 6312.597 6720.832
4.464 6529.727 6318.476 6727.531
4.484 6536.042 6324.362 6734.255
4.505 6542.381 6330.264 6740.986
4.525 6548.744 6336.223 6747.781
4.545 6555.133 6342.25 6754.506
4.566 6561.545 6348.251 6761.315
4.587 6567.983 6354.328 6768.208
4.608 6574.447 6360.372 6775.181
4.63 6580.935 6366.368 6782.099
4.651 6587.45 6372.444 6789.013
4.673 6593.99 6378.544 6796.067
4.695 6600.557 6384.694 6803.019
4.717 6607.151 6390.886 6810.018
4.739 6613.771 6397.006 6817.052
4.762 6620.418 6403.25 6824.213
4.785 6627.092 6409.389 6831.376
4.808 6633.794 6415.632 6838.493
4.831 6640.524 6421.837 6845.726
4.854 6647.283 6428.091 6853.051
4.878 6654.069 6434.349 6860.415
4.902 6660.884 6440.771 6867.724
4.926 6667.729 6447.172 6875.094
4.95 6674.602 6453.552 6882.443
4.975 6681.505 6459.965 6889.909
5 6688.438 6466.432 6897.275
5.025 6695.402 6472.933 6904.744
5.051 6702.395 6479.442 6912.214
5.076 6709.42 6485.962 6919.845
5.102 6716.476 6492.511 6927.441
5.128 6723.563 6499.111 6935.059
5.155 6730.682 6505.783 6942.734
5.181 6737.834 6512.375 6950.41
5.208 6745.017 6518.976 6958.247
5.236 6752.234 6525.675 6966.147
5.263 6759.484 6532.403 6974.01
5.291 6766.768 6539.095 6981.822
5.319 6774.085 6545.826 6989.849
5.348 6781.437 6552.656 6997.833
5.376 6788.823 6559.489 7005.925
5.405 6796.245 6566.43 7013.931
5.435 6803.702 6573.298 7022.052
5.464 6811.195 6580.218 7030.19
5.495 6818.724 6587.188 7038.364
5.525 6826.29 6594.193 7046.536
5.556 6833.893 6601.149 7054.757
5.587 6841.533 6608.178 7063.055
5.618 6849.211 6615.198 7071.448
5.65 6856.928 6622.339 7079.892
5.682 6864.684 6629.466 7088.25
5.714 6872.479 6636.622 7096.744
5.747 6880.313 6643.74 7105.255
5.78 6888.188 6651.029 7113.858
5.814 6896.104 6658.327 7122.524
5.848 6904.06 6665.661 7131.202
5.882 6912.059 6673.027 7139.89
5.917 6920.099 6680.379 7148.684
5.952 6928.182 6687.723 7157.461
5.988 6936.309 6695.122 7166.179
6.024 6944.479 6702.633 7175.084
6.061 6952.693 6710.136 7184.114
6.098 6960.953 6717.722 7193.084
6.135 6969.257 6725.369 7202.171
6.173 6977.608 6732.919 7211.399
6.211 6986.005 6740.584 7220.665
6.25 6994.449 6748.328 7229.894
6.289 7002.941 6756.031 7239.118
6.329 7011.481 6763.757 7248.474
6.369 7020.07 6771.561 7257.863
6.41 7028.708 6779.427 7267.384
6.452 7037.397 6787.275 7276.95
6.494 7046.137 6795.322 7286.508
6.536 7054.928 6803.289 7296.227
6.579 7063.772 6811.359 7306.048
6.623 7072.669 6819.424 7315.82
6.667 7081.619 6827.541 7325.611
6.711 7090.623 6835.657 7335.531
6.757 7099.683 6843.821 7345.523
6.803 7108.799 6852.047 7355.542
6.849 7117.971 6860.383 7365.79
6.897 7127.201 6868.681 7375.99
6.944 7136.489 6877.135 7386.305
6.993 7145.836 6885.482 7396.736
7.042 7155.243 6893.903 7407.136
7.092 7164.711 6902.474 7417.559
7.143 7174.24 6911.096 7428.161
7.194 7183.832 6919.798 7438.687
7.246 7193.488 6928.463 7449.41
7.299 7203.208 6937.189 7460.307
7.353 7212.993 6945.926 7471.181
7.407 7222.844 6954.789 7482.15
7.463 7232.763 6963.744 7493.165
7.519 7242.751 6972.684 7504.237
7.576 7252.807 6981.682 7515.496
7.634 7262.934 6990.835 7526.798
7.692 7273.133 7000.102 7538.222
7.752 7283.404 7009.259 7549.631
7.812 7293.75 7018.597 7561.183
7.874 7304.17 7028.002 7572.832
7.937 7314.666 7037.366 7584.57
8 7325.24 7046.906 7596.353
8.065 7335.892 7056.463 7608.36
8.13 7346.624 7065.988 7620.518
8.197 7357.438 7075.636 7632.457
8.264 7368.334 7085.387 7644.734
8.333 7379.314 7095.21 7657.078
8.403 7390.38 7104.975 7669.558
8.475 7401.532 7114.996 7682.036
8.547 7412.773 7124.955 7694.662
8.621 7424.104 7135.027 7707.419
8.696 7435.526 7145.178 7720.264
8.772 7447.041 7155.423 7733.262
8.85 7458.651 7165.911 7746.35
8.929 7470.357 7176.256 7759.561
9.009 7482.162 7186.637 7772.845
9.091 7494.066 7197.174 7786.226
9.174 7506.072 7207.787 7799.843
9.259 7518.182 7218.376 7813.564
9.346 7530.398 7229.299 7827.463
9.434 7542.721 7240.22 7841.463
9.524 7555.153 7251.245 7855.646
9.615 7567.698 7262.356 7869.965
9.709 7580.356 7273.487 7884.424
9.804 7593.131 7284.756 7899.065
9.901 7606.024 7296.145 7913.7
10 7619.038 7307.6 7928.45
10.101 7632.175 7319.172 7943.488
10.204 7645.438 7330.778 7958.796
10.309 7658.83 7342.401 7974.055
10.417 7672.352 7354.261 7989.61
10.526 7686.009 7366.221 8005.063
10.638 7699.802 7378.305 8020.722
10.753 7713.734 7390.554 8036.584
10.87 7727.81 7402.801 8052.851
10.989 7742.031 7415.343 8069.208
11.111 7756.401 7427.929 8085.596
11.236 7770.923 7440.691 8102.248
11.364 7785.602 7453.552 8119.14
11.494 7800.439 7466.599 8136.045
11.628 7815.44 7479.717 8153.323
11.765 7830.608 7492.893 8170.832
11.905 7845.946 7506.058 8188.653
12.048 7861.46 7519.394 8206.56
12.195 7877.153 7533.06 8224.736
12.346 7893.03 7546.765 8243.227
12.5 7909.094 7560.606 8261.898
12.658 7925.352 7574.507 8280.754
12.821 7941.808 7588.662 8299.735
12.987 7958.467 7602.919 8319.134
13.158 7975.334 7617.45 8338.696
13.333 7992.415 7632.208 8358.671
13.514 8009.716 7647.06 8379.017
13.699 8027.243 7661.971 8399.416
13.889 8045.001 7677.145 8420.416
14.085 8062.998 7692.467 8441.589
14.286 8081.24 7707.961 8463.073
14.493 8099.734 7723.805 8484.617
14.706 8118.488 7739.812 8506.516
14.925 8137.509 7756.07 8528.948
15.152 8156.806 7772.393 8551.615
15.385 8176.387 7789.005 8574.965
15.625 8196.26 7805.861 8598.393
15.873 8216.435 7822.929 8622.428
16.129 8236.922 7840.294 8646.478
16.393 8257.73 7857.917 8671.268
16.667 8278.871 7875.889 8696.259
16.949 8300.356 7894.134 8722.091
17.241 8322.195 7912.718 8748.001
17.544 8344.403 7931.569 8774.444
17.857 8366.991 7950.469 8801.586
18.182 8389.974 7969.765 8828.964
18.519 8413.366 7989.422 8856.884
18.868 8437.182 8009.489 8885.47
19.231 8461.439 8029.529 8914.698
19.608 8486.153 8050.14 8944.374
20 8511.343 8071.118 8974.604
20.408 8537.028 8092.371 9005.418
20.833 8563.228 8114.116 9037.086
21.277 8589.966 8136.421 9069.301
21.739 8617.263 8159.129 9102.172
22.222 8645.146 8182.466 9136.007
22.727 8673.64 8206.024 9170.968
23.256 8702.774 8230.092 9206.35
23.81 8732.576 8254.714 9243.177
24.39 8763.081 8279.657 9280.679
25 8794.322 8305.046 9318.874
25.641 8826.337 8331.168 9358.085
26.316 8859.166 8357.975 9398.847
27.027 8892.852 8385.252 9440.655
27.778 8927.443 8413.5 9483.704
28.571 8962.989 8442.265 9527.809
29.412 8999.546 8471.7 9573.209
30.303 9037.175 8502.112 9620.218
31.25 9075.94 8533.241 9668.696
32.258 9115.915 8565.404 9718.923
33.333 9157.178 8598.398 9770.483
34.483 9199.818 8632.558 9824.237
35.714 9243.931 8668.091 9879.687
37.037 9289.623 8704.347 9937.763
38.462 9337.015 8742.028 9998.205
40 9386.239 8781.167 10060.228
41.667 9437.445 8821.915 10125.62
43.478 9490.803 8863.819 10193.593
45.455 9546.502 8907.438 10264.866
47.619 9604.762 8952.934 10339.342
50 9665.833 9000.929 10418.231
52.632 9730.001 9050.871 10501.754
55.556 9797.604 9103.085 10588.834
58.824 9869.033 9157.637 10682.115
62.5 9944.752 9215.71 10781.331
66.667 10025.316 9277.469 10887.43
71.429 10111.393 9343.017 11001.651
76.923 10203.802 9413.18 11125.931
83.333 10303.556 9488.395 11260.06
90.909 10411.936 9569.263 11406.848
100 10530.586 9656.976 11567.639
111.111 10661.674 9753.354 11747.438
125 10808.135 9860.029 11948.47
142.857 10974.084 9980.356 12180.034
166.667 11165.546 10116.564 12450.54
200 11391.864 10276.181 12772.893
250 11668.685 10467.916 13175.037
333.333 12025.34 10710.768 13701.812
500 12527.67 11043.815 14461.809
1000 13385.718 11591.015 15816.865
1111.111 13516.083 11671.012 16029.521
1250 13661.804 11759.445 16267.304
1428.571 13826.99 11860.083 16541.671
1666.667 14017.658 11974.285 16860.224
2000 14243.139 12108.157 17240.992
2500 14519.062 12268.899 17717.877
3333.333 14874.723 12472.096 18342.954
5000 15375.88 12751.76 19244.162
10000 16232.321 13208.665 20849.055
