"Pr" "Mp" "Q_2" "Q_9"
1.01 3042.062 2585.294 3379.187
1.011 3075.951 2625.91 3410.491
1.012 3107.484 2663.308 3439.738
1.013 3137.011 2698.338 3467.236
1.014 3164.808 2731.216 3493.139
1.015 3191.098 2762.287 3517.85
1.016 3216.061 2791.772 3541.272
1.017 3239.846 2819.92 3563.74
1.018 3262.578 2846.553 3585.021
1.019 3284.363 2872.012 3605.69
1.02 3305.29 2896.493 3625.609
1.021 3325.437 2920.06 3644.694
1.022 3344.87 2942.862 3663.21
1.024 3363.649 2964.671 3681.11
1.025 3381.824 2985.812 3698.416
1.026 3399.442 3006.2 3715.157
1.027 3416.542 3026.004 3731.449
1.028 3433.16 3045.086 3747.235
1.029 3449.33 3063.785 3762.668
1.03 3465.079 3081.72 3777.706
1.031 3480.435 3099.396 3792.363
1.032 3495.42 3116.771 3806.748
1.033 3510.057 3133.574 3820.813
1.034 3524.365 3149.833 3834.533
1.035 3538.363 3165.755 3848.063
1.036 3552.066 3181.272 3861.21
1.037 3565.491 3196.729 3874.213
1.038 3578.651 3211.649 3886.929
1.04 3591.559 3226.237 3899.483
1.041 3604.227 3240.795 3911.665
1.042 3616.667 3255.022 3923.677
1.043 3628.888 3268.823 3935.461
1.044 3640.901 3282.546 3947.091
1.045 3652.714 3296.024 3958.683
1.046 3664.337 3309.095 3970.009
1.047 3675.776 3322.108 3981.127
1.048 3687.039 3334.762 3991.999
1.049 3698.134 3347.243 4002.814
1.05 3709.066 3359.677 4013.561
1.052 3719.843 3371.799 4024.069
1.053 3730.469 3383.764 4034.492
1.054 3740.95 3395.646 4044.826
1.055 3751.292 3407.333 4054.893
1.056 3761.499 3418.728 4064.919
1.057 3771.575 3429.9 4074.83
1.058 3781.526 3441.066 4084.497
1.059 3791.356 3452.076 4094.171
1.06 3801.068 3462.977 4103.711
1.062 3810.666 3473.759 4113.039
1.063 3820.154 3484.259 4122.262
1.064 3829.536 3494.84 4131.566
1.065 3838.814 3505.228 4140.66
1.066 3847.991 3515.409 4149.668
1.067 3857.071 3525.549 4158.672
1.068 3866.056 3535.384 4167.596
1.07 3874.95 3545.14 4176.353
1.071 3883.754 3554.788 4185.066
1.072 3892.471 3564.514 4193.59
1.073 3901.104 3573.925 4202.137
1.074 3909.655 3583.474 4210.626
1.075 3918.126 3592.729 4219.078
1.076 3926.519 3601.977 4227.417
1.078 3934.836 3611.007 4235.69
1.079 3943.08 3620.24 4243.991
1.08 3951.251 3629.219 4252.117
1.081 3959.352 3637.981 4260.165
1.082 3967.385 3646.852 4268.277
1.083 3975.35 3655.573 4276.277
1.085 3983.251 3664.221 4284.213
1.086 3991.088 3672.906 4291.971
1.087 3998.862 3681.529 4299.697
1.088 4006.576 3689.994 4307.417
1.089 4014.231 3698.348 4315.016
1.091 4021.827 3706.656 4322.561
1.092 4029.367 3714.911 4329.973
1.093 4036.851 3723.146 4337.473
1.094 4044.281 3731.248 4344.889
1.095 4051.658 3739.217 4352.245
1.096 4058.983 3747.078 4359.545
1.098 4066.258 3754.955 4366.841
1.099 4073.482 3762.795 4374.129
1.1 4080.658 3770.519 4381.365
1.101 4087.786 3778.299 4388.605
1.103 4094.867 3785.815 4395.642
1.104 4101.902 3793.38 4402.652
1.105 4108.892 3800.86 4409.578
1.106 4115.839 3808.365 4416.543
1.107 4122.742 3815.805 4423.464
1.109 4129.603 3823.115 4430.328
1.11 4136.422 3830.386 4437.25
1.111 4143.201 3837.767 4444.106
1.112 4149.939 3845.122 4450.937
1.114 4156.638 3852.304 4457.699
1.115 4163.299 3859.511 4464.434
1.116 4169.922 3866.541 4471.069
1.117 4176.508 3873.538 4477.771
1.119 4183.058 3880.592 4484.304
1.12 4189.571 3887.562 4490.875
1.121 4196.05 3894.569 4497.352
1.122 4202.494 3901.44 4503.842
1.124 4208.904 3908.291 4510.252
1.125 4215.281 3915.005 4516.606
1.126 4221.625 3921.823 4522.995
1.127 4227.936 3928.52 4529.357
1.129 4234.216 3935.188 4535.649
1.13 4240.465 3941.912 4542.002
1.131 4246.683 3948.535 4548.305
1.133 4252.872 3955.128 4554.474
1.134 4259.03 3961.81 4560.739
1.135 4265.159 3968.486 4566.961
1.136 4271.26 3974.98 4573.134
1.138 4277.333 3981.486 4579.345
1.139 4283.377 3987.949 4585.467
1.14 4289.395 3994.381 4591.541
1.142 4295.385 4000.799 4597.58
1.143 4301.349 4007.159 4603.638
1.144 4307.287 4013.396 4609.676
1.145 4313.199 4019.653 4615.679
1.147 4319.086 4025.928 4621.72
1.148 4324.948 4032.068 4627.656
1.149 4330.786 4038.199 4633.512
1.151 4336.599 4044.336 4639.451
1.152 4342.389 4050.518 4645.351
1.153 4348.155 4056.663 4651.3
1.155 4353.898 4062.757 4657.085
1.156 4359.618 4068.773 4662.914
1.157 4365.316 4074.839 4668.738
1.159 4370.992 4080.816 4674.484
1.16 4376.646 4086.761 4680.214
1.161 4382.278 4092.645 4685.885
1.163 4387.89 4098.601 4691.591
1.164 4393.48 4104.556 4697.203
1.166 4399.05 4110.455 4702.84
1.167 4404.6 4116.288 4708.473
1.168 4410.129 4122.147 4714.14
1.17 4415.639 4127.954 4719.809
1.171 4421.13 4133.762 4725.384
1.172 4426.601 4139.595 4731.069
1.174 4432.054 4145.268 4736.703
1.175 4437.487 4151.045 4742.247
1.176 4442.902 4156.724 4747.827
1.178 4448.3 4162.346 4753.371
1.179 4453.679 4168.01 4758.939
1.181 4459.04 4173.676 4764.395
1.182 4464.384 4179.26 4769.863
1.183 4469.711 4184.821 4775.34
1.185 4475.021 4190.345 4780.78
1.186 4480.314 4195.988 4786.218
1.188 4485.59 4201.442 4791.632
1.189 4490.85 4206.99 4797.101
1.19 4496.094 4212.559 4802.427
1.192 4501.323 4218.012 4807.79
1.193 4506.535 4223.476 4813.141
1.195 4511.732 4228.884 4818.438
1.196 4516.913 4234.323 4823.785
1.198 4522.08 4239.695 4829.078
1.199 4527.231 4245.093 4834.395
1.2 4532.368 4250.469 4839.641
1.202 4537.49 4255.799 4844.863
1.203 4542.597 4261.036 4850.162
1.205 4547.691 4266.278 4855.407
1.206 4552.77 4271.6 4860.619
1.208 4557.836 4276.927 4865.808
1.209 4562.888 4282.203 4870.976
1.211 4567.926 4287.494 4876.154
1.212 4572.951 4292.655 4881.356
1.214 4577.963 4297.89 4886.55
1.215 4582.962 4303.043 4891.73
1.217 4587.948 4308.214 4896.878
1.218 4592.921 4313.381 4901.93
1.22 4597.881 4318.553 4907.058
1.221 4602.83 4323.684 4912.165
1.222 4607.765 4328.717 4917.285
1.224 4612.689 4333.758 4922.343
1.225 4617.601 4338.78 4927.346
1.227 4622.501 4343.875 4932.38
1.229 4627.389 4348.931 4937.457
1.23 4632.266 4353.965 4942.505
1.232 4637.131 4359.078 4947.535
1.233 4641.985 4364.101 4952.477
1.235 4646.828 4369.162 4957.431
1.236 4651.659 4374.13 4962.431
1.238 4656.48 4379.05 4967.306
1.239 4661.29 4383.991 4972.269
1.241 4666.089 4388.962 4977.135
1.242 4670.878 4393.881 4982.094
1.244 4675.657 4398.806 4987.035
1.245 4680.425 4403.771 4991.974
1.247 4685.183 4408.681 4996.915
1.248 4689.93 4413.498 5001.845
1.25 4694.668 4418.346 5006.773
1.252 4699.396 4423.137 5011.676
1.253 4704.115 4427.969 5016.502
1.255 4708.824 4432.761 5021.383
1.256 4713.523 4437.577 5026.234
1.258 4718.213 4442.431 5031.104
1.259 4722.893 4447.217 5035.975
1.261 4727.565 4452.056 5040.818
1.263 4732.227 4456.85 5045.665
1.264 4736.88 4461.61 5050.541
1.266 4741.525 4466.391 5055.348
1.267 4746.16 4471.166 5060.209
1.269 4750.787 4475.838 5064.981
1.271 4755.406 4480.576 5069.839
1.272 4760.016 4485.312 5074.594
1.274 4764.617 4490.013 5079.361
1.276 4769.21 4494.691 5084.154
1.277 4773.796 4499.443 5088.901
1.279 4778.372 4504.122 5093.659
1.28 4782.941 4508.816 5098.358
1.282 4787.502 4513.494 5103.046
1.284 4792.055 4518.136 5107.759
1.285 4796.601 4522.78 5112.438
1.287 4801.138 4527.36 5117.165
1.289 4805.669 4531.98 5121.866
1.29 4810.191 4536.598 5126.604
1.292 4814.706 4541.148 5131.274
1.294 4819.214 4545.75 5135.978
1.295 4823.715 4550.281 5140.646
1.297 4828.208 4554.897 5145.313
1.299 4832.695 4559.437 5149.983
1.3 4837.174 4564.037 5154.631
1.302 4841.646 4568.555 5159.331
1.304 4846.112 4573.094 5164.006
1.305 4850.571 4577.636 5168.67
1.307 4855.023 4582.096 5173.353
1.309 4859.468 4586.613 5178.013
1.311 4863.907 4591.141 5182.686
1.312 4868.339 4595.664 5187.322
1.314 4872.765 4600.197 5191.916
1.316 4877.185 4604.639 5196.521
1.318 4881.598 4609.179 5201.145
1.319 4886.005 4613.645 5205.724
1.321 4890.406 4618.054 5210.328
1.323 4894.801 4622.547 5214.841
1.325 4899.19 4626.981 5219.443
1.326 4903.573 4631.518 5224.028
1.328 4907.95 4635.937 5228.608
1.33 4912.321 4640.339 5233.1
1.332 4916.687 4644.752 5237.666
1.333 4921.047 4649.2 5242.189
1.335 4925.401 4653.605 5246.79
1.337 4929.75 4658.021 5251.342
1.339 4934.093 4662.458 5255.84
1.34 4938.431 4666.909 5260.349
1.342 4942.764 4671.331 5264.838
1.344 4947.091 4675.663 5269.355
1.346 4951.413 4680.001 5273.861
1.348 4955.73 4684.387 5278.419
1.35 4960.042 4688.799 5282.985
1.351 4964.348 4693.17 5287.499
1.353 4968.65 4697.57 5292.019
1.355 4972.947 4701.93 5296.495
1.357 4977.239 4706.355 5300.952
1.359 4981.526 4710.706 5305.478
1.361 4985.808 4715.072 5309.906
1.362 4990.086 4719.423 5314.31
1.364 4994.359 4723.687 5318.723
1.366 4998.627 4727.942 5323.149
1.368 5002.891 4732.217 5327.533
1.37 5007.15 4736.498 5332.04
1.372 5011.405 4740.858 5336.481
1.374 5015.655 4745.154 5340.881
1.376 5019.902 4749.471 5345.329
1.377 5024.143 4753.728 5349.724
1.379 5028.381 4757.958 5354.187
1.381 5032.614 4762.257 5358.641
1.383 5036.844 4766.52 5363.125
1.385 5041.069 4770.753 5367.553
1.387 5045.29 4774.944 5371.986
1.389 5049.507 4779.193 5376.44
1.391 5053.721 4783.391 5380.9
1.393 5057.93 4787.64 5385.331
1.395 5062.136 4791.835 5389.715
1.397 5066.338 4796.021 5394.083
1.399 5070.536 4800.162 5398.487
1.401 5074.73 4804.405 5402.855
1.403 5078.921 4808.628 5407.299
1.404 5083.108 4812.838 5411.689
1.406 5087.292 4816.975 5416.095
1.408 5091.472 4821.202 5420.484
1.41 5095.648 4825.361 5424.821
1.412 5099.821 4829.524 5429.182
1.414 5103.991 4833.675 5433.532
1.416 5108.158 4837.883 5437.896
1.418 5112.321 4842.09 5442.28
1.42 5116.481 4846.212 5446.628
1.422 5120.638 4850.397 5450.936
1.425 5124.792 4854.569 5455.262
1.427 5128.942 4858.722 5459.628
1.429 5133.09 4862.937 5464.008
1.431 5137.234 4867.066 5468.416
1.433 5141.376 4871.14 5472.77
1.435 5145.514 4875.264 5477.165
1.437 5149.65 4879.443 5481.509
1.439 5153.783 4883.665 5485.864
1.441 5157.913 4887.795 5490.182
1.443 5162.04 4891.924 5494.502
1.445 5166.164 4896.055 5498.855
1.447 5170.286 4900.229 5503.141
1.449 5174.405 4904.422 5507.436
1.451 5178.522 4908.539 5511.761
1.453 5182.636 4912.639 5516.142
1.456 5186.747 4916.735 5520.496
1.458 5190.856 4920.88 5524.839
1.46 5194.962 4925.002 5529.162
1.462 5199.066 4929.055 5533.49
1.464 5203.168 4933.108 5537.813
1.466 5207.267 4937.225 5542.176
1.468 5211.364 4941.347 5546.501
1.471 5215.459 4945.362 5550.809
1.473 5219.552 4949.446 5555.088
1.475 5223.642 4953.5 5559.444
1.477 5227.73 4957.52 5563.791
1.479 5231.816 4961.561 5568.062
1.481 5235.9 4965.702 5572.413
1.484 5239.982 4969.729 5576.725
1.486 5244.062 4973.829 5581.069
1.488 5248.14 4977.867 5585.34
1.49 5252.216 4981.943 5589.627
1.493 5256.29 4985.995 5593.944
1.495 5260.362 4990.024 5598.288
1.497 5264.432 4994.091 5602.56
1.499 5268.501 4998.095 5606.908
1.502 5272.568 5002.191 5611.187
1.504 5276.633 5006.275 5615.467
1.506 5280.696 5010.3 5619.725
1.508 5284.758 5014.307 5623.967
1.511 5288.818 5018.339 5628.241
1.513 5292.876 5022.353 5632.529
1.515 5296.933 5026.397 5636.769
1.517 5300.989 5030.406 5641.069
1.52 5305.043 5034.43 5645.349
1.522 5309.095 5038.548 5649.652
1.524 5313.146 5042.584 5653.973
1.527 5317.196 5046.605 5658.267
1.529 5321.244 5050.608 5662.558
1.531 5325.291 5054.584 5666.795
1.534 5329.336 5058.6 5671.074
1.536 5333.381 5062.627 5675.346
1.538 5337.424 5066.656 5679.583
1.541 5341.466 5070.681 5683.814
1.543 5345.507 5074.699 5688.042
1.546 5349.546 5078.731 5692.289
1.548 5353.585 5082.771 5696.516
1.55 5357.622 5086.771 5700.83
1.553 5361.659 5090.748 5705.059
1.555 5365.694 5094.847 5709.325
1.558 5369.728 5098.902 5713.531
1.56 5373.762 5102.89 5717.825
1.563 5377.794 5106.905 5722.097
1.565 5381.826 5110.911 5726.439
1.567 5385.857 5114.859 5730.746
1.57 5389.887 5118.807 5734.996
1.572 5393.916 5122.834 5739.215
1.575 5397.944 5126.828 5743.488
1.577 5401.972 5130.811 5747.766
1.58 5405.999 5134.774 5752.107
1.582 5410.025 5138.751 5756.378
1.585 5414.051 5142.726 5760.629
1.587 5418.076 5146.766 5764.84
1.59 5422.101 5150.716 5769.072
1.592 5426.124 5154.676 5773.243
1.595 5430.148 5158.649 5777.57
1.597 5434.171 5162.642 5781.791
1.6 5438.193 5166.579 5786.093
1.603 5442.215 5170.531 5790.401
1.605 5446.237 5174.47 5794.627
1.608 5450.258 5178.435 5798.861
1.61 5454.279 5182.428 5803.121
1.613 5458.299 5186.319 5807.394
1.616 5462.319 5190.282 5811.633
1.618 5466.339 5194.234 5815.934
1.621 5470.359 5198.205 5820.117
1.623 5474.378 5202.118 5824.456
1.626 5478.398 5206.152 5828.666
1.629 5482.417 5210.108 5832.933
1.631 5486.436 5214.026 5837.18
1.634 5490.455 5218.031 5841.455
1.637 5494.474 5222.043 5845.769
1.639 5498.493 5225.943 5849.949
1.642 5502.511 5229.913 5854.223
1.645 5506.53 5233.904 5858.497
1.647 5510.549 5237.844 5862.757
1.65 5514.568 5241.762 5867.016
1.653 5518.587 5245.713 5871.225
1.656 5522.606 5249.647 5875.457
1.658 5526.626 5253.66 5879.665
1.661 5530.645 5257.622 5883.953
1.664 5534.665 5261.555 5888.176
1.667 5538.685 5265.546 5892.458
1.669 5542.705 5269.508 5896.771
1.672 5546.726 5273.423 5900.961
1.675 5550.747 5277.288 5905.258
1.678 5554.768 5281.256 5909.494
1.681 5558.79 5285.233 5913.706
1.684 5562.812 5289.173 5918.007
1.686 5566.834 5293.002 5922.309
1.689 5570.857 5296.938 5926.613
1.692 5574.88 5300.934 5930.928
1.695 5578.904 5304.89 5935.109
1.698 5582.929 5308.832 5939.35
1.701 5586.954 5312.72 5943.618
1.704 5590.979 5316.711 5947.888
1.706 5595.006 5320.707 5952.195
1.709 5599.033 5324.732 5956.447
1.712 5603.06 5328.66 5960.764
1.715 5607.088 5332.611 5964.998
1.718 5611.117 5336.498 5969.288
1.721 5615.147 5340.506 5973.608
1.724 5619.178 5344.486 5977.924
1.727 5623.209 5348.468 5982.248
1.73 5627.241 5352.426 5986.506
1.733 5631.274 5356.379 5990.82
1.736 5635.308 5360.362 5995.115
1.739 5639.343 5364.322 5999.389
1.742 5643.379 5368.226 6003.67
1.745 5647.415 5372.197 6007.874
1.748 5651.453 5376.153 6012.131
1.751 5655.492 5380.149 6016.387
1.754 5659.532 5384.121 6020.643
1.757 5663.573 5388.12 6024.973
1.761 5667.615 5392.06 6029.222
1.764 5671.658 5396.05 6033.526
1.767 5675.702 5400.015 6037.889
1.77 5679.748 5403.991 6042.15
1.773 5683.794 5407.945 6046.442
1.776 5687.842 5411.911 6050.733
1.779 5691.891 5415.826 6055.067
1.783 5695.942 5419.798 6059.374
1.786 5699.994 5423.745 6063.722
1.789 5704.047 5427.742 6068.07
1.792 5708.101 5431.744 6072.369
1.795 5712.157 5435.673 6076.639
1.799 5716.215 5439.719 6081.015
1.802 5720.273 5443.673 6085.402
1.805 5724.334 5447.634 6089.806
1.808 5728.395 5451.578 6094.135
1.812 5732.459 5455.611 6098.45
1.815 5736.524 5459.634 6102.801
1.818 5740.59 5463.618 6107.107
1.821 5744.658 5467.62 6111.463
1.825 5748.728 5471.577 6115.813
1.828 5752.799 5475.563 6120.112
1.832 5756.872 5479.617 6124.353
1.835 5760.947 5483.612 6128.665
1.838 5765.023 5487.585 6132.987
1.842 5769.102 5491.563 6137.329
1.845 5773.182 5495.583 6141.676
1.848 5777.263 5499.558 6146.023
1.852 5781.347 5503.568 6150.415
1.855 5785.433 5507.495 6154.753
1.859 5789.52 5511.507 6159.054
1.862 5793.61 5515.501 6163.43
1.866 5797.701 5519.473 6167.811
1.869 5801.795 5523.446 6172.159
1.873 5805.89 5527.391 6176.472
1.876 5809.987 5531.486 6180.853
1.88 5814.087 5535.465 6185.161
1.883 5818.188 5539.512 6189.636
1.887 5822.292 5543.517 6194.025
1.89 5826.398 5547.558 6198.46
1.894 5830.506 5551.545 6202.791
1.898 5834.616 5555.575 6207.117
1.901 5838.729 5559.592 6211.536
1.905 5842.844 5563.613 6215.92
1.908 5846.961 5567.588 6220.273
1.912 5851.08 5571.603 6224.654
1.916 5855.202 5575.62 6229.033
1.919 5859.326 5579.693 6233.317
1.923 5863.452 5583.717 6237.61
1.927 5867.581 5587.749 6241.949
1.931 5871.712 5591.816 6246.437
1.934 5875.846 5595.843 6250.834
1.938 5879.982 5599.897 6255.23
1.942 5884.121 5603.937 6259.625
1.946 5888.262 5607.996 6264.066
1.949 5892.406 5612.016 6268.531
1.953 5896.553 5616.074 6272.906
1.957 5900.702 5620.113 6277.35
1.961 5904.854 5624.141 6281.73
1.965 5909.009 5628.232 6286.126
1.969 5913.166 5632.294 6290.611
1.972 5917.326 5636.318 6295.031
1.976 5921.489 5640.281 6299.45
1.98 5925.655 5644.359 6303.907
1.984 5929.823 5648.421 6308.373
1.988 5933.995 5652.494 6312.863
1.992 5938.169 5656.526 6317.323
1.996 5942.346 5660.584 6321.751
2 5946.526 5664.662 6326.22
2.004 5950.709 5668.756 6330.701
2.008 5954.896 5672.839 6335.15
2.012 5959.085 5676.91 6339.608
2.016 5963.277 5681.045 6344.085
2.02 5967.473 5685.049 6348.453
2.024 5971.671 5689.135 6352.933
2.028 5975.873 5693.26 6357.366
2.033 5980.078 5697.41 6361.841
2.037 5984.286 5701.518 6366.223
2.041 5988.497 5705.583 6370.675
2.045 5992.712 5709.643 6375.177
2.049 5996.93 5713.737 6379.647
2.053 6001.151 5717.874 6384.156
2.058 6005.376 5721.945 6388.66
2.062 6009.604 5725.972 6393.166
2.066 6013.835 5730.086 6397.662
2.07 6018.07 5734.183 6402.187
2.075 6022.309 5738.338 6406.73
2.079 6026.551 5742.437 6411.14
2.083 6030.796 5746.532 6415.667
2.088 6035.045 5750.755 6420.18
2.092 6039.298 5754.833 6424.707
2.096 6043.555 5759.021 6429.272
2.101 6047.815 5763.153 6433.776
2.105 6052.078 5767.281 6438.419
2.11 6056.346 5771.431 6442.975
2.114 6060.617 5775.561 6447.541
2.119 6064.892 5779.682 6452.105
2.123 6069.171 5783.816 6456.682
2.128 6073.454 5787.926 6461.252
2.132 6077.74 5792.08 6465.865
2.137 6082.031 5796.249 6470.398
2.141 6086.325 5800.411 6474.953
2.146 6090.624 5804.551 6479.519
2.151 6094.927 5808.78 6484.092
2.155 6099.233 5812.964 6488.69
2.16 6103.544 5817.098 6493.283
2.165 6107.859 5821.339 6497.815
2.169 6112.178 5825.543 6502.47
2.174 6116.501 5829.725 6507.127
2.179 6120.828 5833.821 6511.767
2.183 6125.16 5838.073 6516.388
2.188 6129.496 5842.348 6520.966
2.193 6133.836 5846.575 6525.618
2.198 6138.18 5850.728 6530.281
2.203 6142.529 5855.013 6534.953
2.208 6146.883 5859.251 6539.596
2.212 6151.24 5863.503 6544.281
2.217 6155.603 5867.758 6548.899
2.222 6159.97 5872.001 6553.526
2.227 6164.341 5876.232 6558.2
2.232 6168.717 5880.412 6562.904
2.237 6173.097 5884.653 6567.577
2.242 6177.483 5888.902 6572.245
2.247 6181.873 5893.085 6576.974
2.252 6186.267 5897.325 6581.661
2.257 6190.667 5901.602 6586.398
2.262 6195.071 5905.873 6591.119
2.268 6199.48 5910.106 6595.889
2.273 6203.894 5914.351 6600.598
2.278 6208.313 5918.628 6605.34
2.283 6212.737 5922.875 6610.091
2.288 6217.166 5927.129 6614.856
2.294 6221.599 5931.395 6619.586
2.299 6226.038 5935.669 6624.269
2.304 6230.482 5940.029 6629.05
2.309 6234.931 5944.393 6633.84
2.315 6239.386 5948.697 6638.503
2.32 6243.845 5953.009 6643.258
2.326 6248.31 5957.348 6648.097
2.331 6252.78 5961.691 6652.869
2.336 6257.255 5965.967 6657.64
2.342 6261.736 5970.337 6662.399
2.347 6266.222 5974.606 6667.168
2.353 6270.713 5978.96 6672.016
2.358 6275.21 5983.25 6676.798
2.364 6279.712 5987.637 6681.574
2.37 6284.22 5991.944 6686.393
2.375 6288.734 5996.293 6691.232
2.381 6293.253 6000.669 6696.07
2.387 6297.778 6004.998 6700.905
2.392 6302.309 6009.325 6705.787
2.398 6306.845 6013.71 6710.683
2.404 6311.387 6018.126 6715.573
2.41 6315.935 6022.507 6720.366
2.415 6320.489 6026.869 6725.27
2.421 6325.049 6031.311 6730.185
2.427 6329.614 6035.725 6735.126
2.433 6334.186 6040.127 6740
2.439 6338.764 6044.506 6744.907
2.445 6343.348 6048.938 6749.829
2.451 6347.938 6053.364 6754.726
2.457 6352.534 6057.778 6759.571
2.463 6357.136 6062.19 6764.451
2.469 6361.744 6066.669 6769.419
2.475 6366.359 6071.1 6774.424
2.481 6370.98 6075.605 6779.338
2.488 6375.608 6080.094 6784.271
2.494 6380.242 6084.526 6789.193
2.5 6384.882 6089.002 6794.162
2.506 6389.529 6093.559 6799.257
2.513 6394.183 6098.108 6804.211
2.519 6398.843 6102.6 6809.204
2.525 6403.51 6107.06 6814.268
2.532 6408.183 6111.569 6819.26
2.538 6412.863 6116.067 6824.316
2.545 6417.55 6120.578 6829.347
2.551 6422.244 6125.065 6834.385
2.558 6426.945 6129.555 6839.473
2.564 6431.652 6134.032 6844.518
2.571 6436.367 6138.543 6849.524
2.577 6441.089 6143.037 6854.644
2.584 6445.817 6147.532 6859.75
2.591 6450.553 6152.005 6864.825
2.597 6455.296 6156.527 6870
2.604 6460.046 6161.06 6875.096
2.611 6464.804 6165.594 6880.179
2.618 6469.569 6170.098 6885.295
2.625 6474.341 6174.697 6890.384
2.632 6479.12 6179.264 6895.435
2.639 6483.907 6183.874 6900.567
2.646 6488.702 6188.428 6905.69
2.653 6493.504 6193.051 6910.884
2.66 6498.314 6197.652 6916.06
2.667 6503.131 6202.352 6921.236
2.674 6507.956 6206.97 6926.39
2.681 6512.789 6211.582 6931.533
2.688 6517.63 6216.251 6936.657
2.695 6522.479 6220.889 6941.874
2.703 6527.335 6225.575 6947.216
2.71 6532.2 6230.254 6952.437
2.717 6537.072 6234.931 6957.651
2.725 6541.953 6239.61 6962.886
2.732 6546.842 6244.284 6968.145
2.74 6551.739 6248.993 6973.274
2.747 6556.644 6253.674 6978.582
2.755 6561.558 6258.384 6983.874
2.762 6566.48 6263.092 6989.185
2.77 6571.411 6267.819 6994.502
2.778 6576.35 6272.56 6999.825
2.786 6581.297 6277.324 7005.225
2.793 6586.253 6282.083 7010.565
2.801 6591.218 6286.868 7015.923
2.809 6596.192 6291.699 7021.334
2.817 6601.174 6296.475 7026.645
2.825 6606.165 6301.265 7031.995
2.833 6611.165 6306.058 7037.452
2.841 6616.175 6310.889 7042.887
2.849 6621.193 6315.713 7048.307
2.857 6626.22 6320.499 7053.754
2.865 6631.256 6325.274 7059.214
2.874 6636.302 6330.102 7064.668
2.882 6641.357 6334.935 7070.216
2.89 6646.421 6339.727 7075.739
2.899 6651.495 6344.573 7081.216
2.907 6656.578 6349.414 7086.632
2.915 6661.671 6354.31 7092.159
2.924 6666.773 6359.232 7097.711
2.933 6671.885 6364.126 7103.222
2.941 6677.007 6369.055 7108.736
2.95 6682.139 6374.063 7114.171
2.959 6687.28 6378.99 7119.783
2.967 6692.432 6383.88 7125.358
2.976 6697.593 6388.747 7130.902
2.985 6702.765 6393.693 7136.411
2.994 6707.947 6398.658 7142.035
3.003 6713.139 6403.583 7147.632
3.012 6718.341 6408.607 7153.233
3.021 6723.554 6413.704 7158.894
3.03 6728.777 6418.691 7164.45
3.04 6734.01 6423.663 7170.016
3.049 6739.255 6428.709 7175.608
3.058 6744.51 6433.745 7181.316
3.067 6749.775 6438.804 7186.966
3.077 6755.052 6443.805 7192.676
3.086 6760.339 6448.783 7198.439
3.096 6765.638 6453.907 7204.133
3.106 6770.947 6459.028 7209.885
3.115 6776.268 6464.049 7215.667
3.125 6781.599 6469.101 7221.381
3.135 6786.942 6474.185 7227.227
3.145 6792.297 6479.277 7232.993
3.155 6797.663 6484.411 7238.744
3.165 6803.04 6489.518 7244.557
3.175 6808.429 6494.662 7250.362
3.185 6813.83 6499.753 7256.218
3.195 6819.243 6504.881 7262.134
3.205 6824.667 6510.074 7267.944
3.215 6830.104 6515.189 7273.818
3.226 6835.552 6520.444 7279.852
3.236 6841.013 6525.632 7285.833
3.247 6846.486 6530.812 7291.822
3.257 6851.971 6536.082 7297.765
3.268 6857.468 6541.322 7303.739
3.279 6862.978 6546.51 7309.746
3.289 6868.501 6551.751 7315.67
3.3 6874.036 6557.039 7321.627
3.311 6879.585 6562.31 7327.649
3.322 6885.145 6567.549 7333.667
3.333 6890.719 6572.891 7339.63
3.344 6896.306 6578.179 7345.577
3.356 6901.906 6583.47 7351.564
3.367 6907.52 6588.802 7357.583
3.378 6913.146 6594.145 7363.694
3.39 6918.787 6599.479 7369.791
3.401 6924.44 6604.879 7375.925
3.413 6930.108 6610.285 7382.116
3.425 6935.789 6615.706 7388.299
3.436 6941.484 6621.2 7394.513
3.448 6947.193 6626.649 7400.662
3.46 6952.916 6632.022 7406.783
3.472 6958.653 6637.486 7413.089
3.484 6964.404 6642.928 7419.281
3.497 6970.17 6648.384 7425.56
3.509 6975.95 6653.823 7431.731
3.521 6981.745 6659.301 7438.103
3.534 6987.555 6664.885 7444.388
3.546 6993.379 6670.349 7450.734
3.559 6999.218 6675.826 7456.968
3.571 7005.073 6681.303 7463.368
3.584 7010.942 6686.853 7469.789
3.597 7016.827 6692.396 7476.251
3.61 7022.728 6697.941 7482.64
3.623 7028.643 6703.527 7489.161
3.636 7034.575 6709.089 7495.707
3.65 7040.522 6714.713 7502.123
3.663 7046.485 6720.399 7508.583
3.676 7052.464 6726.022 7515.114
3.69 7058.46 6731.666 7521.62
3.704 7064.471 6737.305 7528.074
3.717 7070.499 6742.91 7534.68
3.731 7076.544 6748.678 7541.252
3.745 7082.605 6754.442 7547.794
3.759 7088.683 6760.133 7554.472
3.774 7094.778 6765.912 7561.053
3.788 7100.89 6771.661 7567.794
3.802 7107.019 6777.388 7574.53
3.817 7113.166 6783.174 7581.21
3.831 7119.33 6789.03 7587.941
3.846 7125.511 6794.881 7594.656
3.861 7131.711 6800.644 7601.44
3.876 7137.928 6806.512 7608.235
3.891 7144.163 6812.322 7615.015
3.906 7150.417 6818.167 7621.782
3.922 7156.689 6824.086 7628.599
3.937 7162.979 6829.997 7635.415
3.953 7169.289 6835.952 7642.229
3.968 7175.616 6841.966 7649.284
3.984 7181.963 6847.885 7656.124
4 7188.329 6853.91 7663.02
4.016 7194.715 6859.955 7669.998
4.032 7201.12 6865.995 7677.079
4.049 7207.544 6872.069 7683.925
4.065 7213.988 6878.129 7690.901
4.082 7220.453 6884.201 7698.029
4.098 7226.937 6890.276 7705.052
4.115 7233.442 6896.281 7712.037
4.132 7239.967 6902.372 7719.172
4.149 7246.512 6908.43 7726.324
4.167 7253.079 6914.61 7733.434
4.184 7259.667 6920.813 7740.669
4.202 7266.275 6926.921 7747.92
4.219 7272.905 6933.233 7755.254
4.237 7279.557 6939.478 7762.522
4.255 7286.231 6945.733 7769.849
4.274 7292.926 6952.091 7777.168
4.292 7299.644 6958.387 7784.494
4.31 7306.384 6964.744 7791.866
4.329 7313.146 6971.122 7799.327
4.348 7319.931 6977.456 7806.717
4.367 7326.739 6983.795 7814.251
4.386 7333.571 6990.17 7821.759
4.405 7340.425 6996.636 7829.341
4.425 7347.303 7003.045 7836.983
4.444 7354.205 7009.465 7844.679
4.464 7361.131 7015.997 7852.28
4.484 7368.082 7022.461 7859.949
4.505 7375.056 7028.982 7867.612
4.525 7382.056 7035.477 7875.378
4.545 7389.08 7042.111 7883.116
4.566 7396.129 7048.716 7890.835
4.587 7403.204 7055.282 7898.673
4.608 7410.304 7061.834 7906.458
4.63 7417.431 7068.407 7914.319
4.651 7424.583 7075.14 7922.216
4.673 7431.762 7081.805 7929.967
4.695 7438.967 7088.535 7937.779
4.717 7446.199 7095.209 7945.763
4.739 7453.458 7101.958 7953.658
4.762 7460.745 7108.779 7961.62
4.785 7468.059 7115.606 7969.686
4.808 7475.401 7122.465 7977.785
4.831 7482.771 7129.291 7985.891
4.854 7490.17 7136.302 7993.959
4.878 7497.598 7143.237 8002.054
4.902 7505.054 7150.136 8010.245
4.926 7512.54 7157.084 8018.412
4.95 7520.055 7164.143 8026.761
4.975 7527.601 7171.116 8035.285
5 7535.176 7178.222 8043.557
5.025 7542.782 7185.293 8051.981
5.051 7550.419 7192.416 8060.399
5.076 7558.087 7199.541 8068.883
5.102 7565.787 7206.704 8077.38
5.128 7573.518 7213.793 8085.801
5.155 7581.281 7220.974 8094.455
5.181 7589.077 7228.227 8103.099
5.208 7596.906 7235.587 8111.766
5.236 7604.768 7242.798 8120.544
5.263 7612.663 7250.139 8129.292
5.291 7620.592 7257.518 8138.073
5.319 7628.555 7264.813 8146.926
5.348 7636.553 7272.155 8155.786
5.376 7644.586 7279.62 8164.787
5.405 7652.654 7287.07 8173.686
5.435 7660.758 7294.544 8182.738
5.464 7668.898 7301.947 8191.679
5.495 7677.074 7309.531 8200.751
5.525 7685.287 7317.062 8210.023
5.556 7693.538 7324.692 8219.108
5.587 7701.826 7332.278 8228.341
5.618 7710.153 7339.963 8237.556
5.65 7718.518 7347.668 8246.794
5.682 7726.922 7355.354 8256.187
5.714 7735.365 7363.143 8265.623
5.747 7743.849 7370.919 8275.185
5.78 7752.372 7378.775 8284.652
5.814 7760.937 7386.671 8294.148
5.848 7769.543 7394.633 8303.788
5.882 7778.191 7402.512 8313.419
5.917 7786.881 7410.635 8323.09
5.952 7795.613 7418.504 8332.804
5.988 7804.389 7426.566 8342.524
6.024 7813.209 7434.561 8352.338
6.061 7822.073 7442.764 8362.292
6.098 7830.983 7450.951 8372.164
6.135 7839.937 7459.244 8381.908
6.173 7848.938 7467.46 8392
6.211 7857.985 7475.703 8402.125
6.25 7867.079 7484.019 8412.271
6.289 7876.221 7492.392 8422.641
6.329 7885.411 7500.862 8433.022
6.369 7894.65 7509.317 8443.317
6.41 7903.939 7517.717 8453.871
6.452 7913.278 7526.255 8464.346
6.494 7922.667 7534.866 8475.077
6.536 7932.108 7543.514 8485.819
6.579 7941.602 7552.208 8496.552
6.623 7951.148 7560.777 8507.338
6.667 7960.747 7569.602 8518.257
6.711 7970.401 7578.504 8529.083
6.757 7980.11 7587.395 8539.892
6.803 7989.874 7596.291 8550.823
6.849 7999.695 7605.141 8561.973
6.897 8009.573 7614.095 8573.062
6.944 8019.51 7623.051 8584.117
6.993 8029.504 7632.281 8595.369
7.042 8039.559 7641.404 8606.808
7.092 8049.674 7650.653 8618.179
7.143 8059.85 7659.813 8629.679
7.194 8070.089 7669.138 8641.221
7.246 8080.39 7678.379 8652.91
7.299 8090.756 7687.77 8664.782
7.353 8101.186 7697.239 8676.65
7.407 8111.682 7706.645 8688.463
7.463 8122.245 7716.194 8700.639
7.519 8132.876 7725.864 8712.835
7.576 8143.575 7735.567 8725.012
7.634 8154.344 7745.31 8737.241
7.692 8165.185 7755.2 8749.568
7.752 8176.097 7764.956 8762.047
7.812 8187.082 7774.863 8774.542
7.874 8198.141 7784.81 8787.024
7.937 8209.276 7794.895 8799.722
8 8220.487 7804.944 8812.702
8.065 8231.776 7815.215 8825.446
8.13 8243.144 7825.465 8838.479
8.197 8254.592 7835.798 8851.66
8.264 8266.121 7846.217 8864.882
8.333 8277.734 7856.624 8878.218
8.403 8289.43 7867.142 8891.839
8.475 8301.213 7877.772 8905.193
8.547 8313.082 7888.302 8918.85
8.621 8325.04 7899.068 8932.613
8.696 8337.088 7909.897 8946.508
8.772 8349.227 7920.775 8960.608
8.85 8361.46 7931.681 8974.714
8.929 8373.787 7942.668 8989.101
9.009 8386.211 7953.767 9003.285
9.091 8398.733 7964.944 9017.651
9.174 8411.354 7976.254 9032.416
9.259 8424.078 7987.515 9047.018
9.346 8436.905 7998.857 9061.765
9.434 8449.838 8010.405 9076.732
9.524 8462.878 8022.139 9092.052
9.615 8476.027 8033.704 9107.419
9.709 8489.288 8045.38 9122.895
9.804 8502.662 8057.167 9138.464
9.901 8516.153 8069.244 9154.224
10 8529.761 8081.239 9170.02
10.101 8543.49 8093.5 9186.22
10.204 8557.342 8105.709 9202.307
10.309 8571.319 8117.992 9218.487
10.417 8585.424 8130.434 9235.002
10.526 8599.659 8143.06 9251.767
10.638 8614.027 8155.58 9268.425
10.753 8628.532 8168.351 9285.494
10.87 8643.175 8181.227 9302.557
10.989 8657.96 8194.269 9320.002
11.111 8672.889 8207.507 9337.594
11.236 8687.967 8220.768 9355.331
11.364 8703.196 8234.198 9373.164
11.494 8718.579 8247.836 9391.31
11.628 8734.121 8261.414 9409.674
11.765 8749.824 8275.011 9428.37
11.905 8765.693 8288.894 9447.159
12.048 8781.731 8302.922 9466.354
12.195 8797.942 8317.126 9485.639
12.346 8814.331 8331.348 9505.337
12.5 8830.901 8345.861 9525.064
12.658 8847.658 8360.395 9545.142
12.821 8864.606 8375.055 9565.472
12.987 8881.749 8389.917 9585.915
13.158 8899.093 8405.073 9606.677
13.333 8916.643 8420.132 9627.765
13.514 8934.404 8435.579 9649.056
13.699 8952.382 8451.043 9670.671
13.889 8970.583 8466.747 9692.362
14.085 8989.012 8482.877 9714.636
14.286 9007.677 8499.074 9737.471
14.493 9026.583 8515.252 9760.068
14.706 9045.737 8531.722 9783.323
14.925 9065.148 8548.304 9806.725
15.152 9084.821 8565.196 9830.554
15.385 9104.765 8582.311 9855.016
15.625 9124.989 8599.713 9879.596
15.873 9145.5 8617.346 9904.584
16.129 9166.309 8635.287 9929.915
16.393 9187.423 8653.115 9955.492
16.667 9208.853 8671.314 9981.518
16.949 9230.609 8689.775 10008.011
17.241 9252.703 8708.56 10035.217
17.544 9275.145 8727.512 10062.963
17.857 9297.948 8746.732 10091.056
18.182 9321.123 8766.301 10119.886
18.519 9344.686 8786.237 10148.787
18.868 9368.649 8806.484 10178.742
19.231 9393.027 8826.974 10209.383
19.608 9417.837 8847.826 10240.188
20 9443.094 8869.041 10271.607
20.408 9468.816 8890.66 10303.576
20.833 9495.023 8912.684 10336.596
21.277 9521.733 8935.033 10370.009
21.739 9548.968 8957.841 10404.43
22.222 9576.75 8981.028 10439.26
22.727 9605.103 9004.501 10474.705
23.256 9634.053 9028.556 10511.506
23.81 9663.627 9052.743 10549.345
24.39 9693.854 9077.73 10587.515
25 9724.765 9103.312 10626.905
25.641 9756.395 9129.105 10666.78
26.316 9788.779 9155.772 10708.569
27.027 9821.956 9182.913 10751.036
27.778 9855.969 9210.607 10794.669
28.571 9890.863 9239.146 10839.518
29.412 9926.689 9268.274 10886.15
30.303 9963.499 9298.133 10933.86
31.25 10001.353 9328.768 10982.661
32.258 10040.316 9360.188 11033.441
33.333 10080.457 9392.32 11086.112
34.483 10121.854 9425.46 11140.706
35.714 10164.593 9459.814 11196.564
37.037 10208.769 9494.967 11254.757
38.462 10254.487 9531.241 11315.999
40 10301.864 9568.623 11379.41
41.667 10351.031 9607.436 11444.503
43.478 10402.137 9647.694 11513.212
45.455 10455.348 9689.196 11585.338
47.619 10510.855 9732.31 11660.651
50 10568.875 9777.249 11739.611
52.632 10629.658 9824.513 11823.217
55.556 10693.494 9873.764 11910.753
58.824 10760.721 9925.359 12003.053
62.5 10831.737 9979.578 12101.53
66.667 10907.018 10036.824 12207.257
71.429 10987.134 10096.792 12320.094
76.923 11072.778 10160.556 12440.802
83.333 11164.811 10229.005 12572.729
90.909 11264.307 10301.901 12716.429
100 11372.648 10380.616 12873.942
111.111 11491.639 10466.501 13049.478
125 11623.712 10561.167 13245.009
142.857 11772.253 10665.934 13467.205
166.667 11942.184 10784.888 13725.965
200 12141.069 10922.662 14032.409
250 12381.447 11085.276 14410.698
333.333 12686.53 11286.467 14897.867
500 13107.553 11554.108 15594.495
1000 13803.885 11976.917 16807.107
1111.111 13907.219 12037.074 16996.081
1250 14021.969 12103.495 17203.687
1428.571 14151.09 12177.24 17439.108
1666.667 14298.875 12260.057 17715.109
2000 14471.923 12357.148 18044.722
2500 14681.176 12470.816 18446.857
3333.333 14946.883 12611.886 18968.005
5000 15313.742 12801.796 19713.179
10000 15920.791 13098.723 20994.875
