"Pr" "Mp" "Q_2" "Q_9"
1.01 3121.665 2665.37 3403.99
1.011 3152.816 2702.29 3433.342
1.012 3181.794 2736.296 3460.625
1.013 3208.923 2767.995 3486.284
1.014 3234.457 2797.995 3510.339
1.015 3258.602 2826.301 3533.29
1.016 3281.523 2852.91 3555.125
1.017 3303.359 2878.527 3576.089
1.018 3324.225 2902.746 3595.962
1.019 3344.217 2926.185 3615.263
1.02 3363.42 2948.72 3633.681
1.021 3381.903 2970.289 3651.459
1.022 3399.73 2991.002 3668.594
1.024 3416.953 3010.815 3685.166
1.025 3433.621 3030.402 3701.057
1.026 3449.775 3049.202 3716.472
1.027 3465.453 3067.37 3731.601
1.028 3480.687 3084.962 3746.323
1.029 3495.508 3102.072 3760.589
1.03 3509.942 3118.677 3774.532
1.031 3524.013 3134.93 3788.141
1.032 3537.744 3150.571 3801.339
1.033 3551.153 3165.951 3814.413
1.034 3564.26 3180.892 3827.159
1.035 3577.082 3195.512 3839.682
1.036 3589.632 3209.821 3851.939
1.037 3601.926 3223.642 3863.768
1.038 3613.976 3237.349 3875.52
1.04 3625.794 3250.878 3887.074
1.041 3637.392 3264.034 3898.426
1.042 3648.779 3276.904 3909.541
1.043 3659.966 3289.638 3920.382
1.044 3670.961 3302.159 3931.126
1.045 3681.772 3314.525 3941.601
1.046 3692.407 3326.715 3952.012
1.047 3702.874 3338.624 3962.302
1.048 3713.179 3350.311 3972.453
1.049 3723.329 3361.673 3982.481
1.05 3733.33 3372.84 3992.369
1.052 3743.186 3383.903 4002.029
1.053 3752.905 3394.868 4011.672
1.054 3762.491 3405.613 4021.06
1.055 3771.948 3416.222 4030.352
1.056 3781.281 3426.76 4039.59
1.057 3790.494 3437.205 4048.675
1.058 3799.592 3447.364 4057.613
1.059 3808.578 3457.518 4066.531
1.06 3817.456 3467.412 4075.375
1.062 3826.229 3477.274 4084.042
1.063 3834.901 3487.057 4092.549
1.064 3843.475 3496.694 4101.065
1.065 3851.953 3506.251 4109.367
1.066 3860.34 3515.714 4117.616
1.067 3868.636 3524.924 4125.732
1.068 3876.846 3534.147 4133.921
1.07 3884.971 3543.33 4141.845
1.071 3893.014 3552.362 4149.783
1.072 3900.977 3561.26 4157.704
1.073 3908.862 3570.016 4165.489
1.074 3916.672 3578.677 4173.261
1.075 3924.409 3587.203 4180.902
1.076 3932.073 3595.81 4188.557
1.078 3939.668 3604.11 4196.146
1.079 3947.196 3612.473 4203.709
1.08 3954.656 3620.833 4211.13
1.081 3962.053 3629.057 4218.605
1.082 3969.386 3637.208 4225.841
1.083 3976.658 3645.377 4233.019
1.085 3983.87 3653.415 4240.23
1.086 3991.023 3661.337 4247.316
1.087 3998.119 3669.227 4254.322
1.088 4005.159 3676.988 4261.244
1.089 4012.145 3684.732 4268.174
1.091 4019.077 3692.432 4275.096
1.092 4025.957 3700.097 4281.983
1.093 4032.786 3707.608 4288.718
1.094 4039.565 3715.065 4295.413
1.095 4046.296 3722.373 4302.104
1.096 4052.978 3729.73 4308.724
1.098 4059.614 3737.02 4315.444
1.099 4066.204 3744.364 4321.994
1.1 4072.75 3751.618 4328.506
1.101 4079.251 3758.9 4334.972
1.103 4085.709 3766.115 4341.488
1.104 4092.125 3773.259 4347.952
1.105 4098.5 3780.457 4354.284
1.106 4104.835 3787.465 4360.553
1.107 4111.129 3794.345 4366.888
1.109 4117.385 3801.13 4373.153
1.11 4123.602 3808.008 4379.436
1.111 4129.782 3814.86 4385.598
1.112 4135.926 3821.535 4391.76
1.114 4142.033 3828.198 4397.796
1.115 4148.105 3834.917 4404.022
1.116 4154.142 3841.596 4410.076
1.117 4160.144 3848.131 4416.097
1.119 4166.114 3854.785 4422.059
1.12 4172.05 3861.285 4428.057
1.121 4177.954 3867.771 4433.98
1.122 4183.826 3874.191 4439.873
1.124 4189.668 3880.582 4445.793
1.125 4195.478 3886.83 4451.597
1.126 4201.258 3893.105 4457.358
1.127 4207.009 3899.382 4463.211
1.129 4212.73 3905.573 4468.882
1.13 4218.423 3911.735 4474.613
1.131 4224.088 3917.974 4480.372
1.133 4229.725 3924.201 4486.066
1.134 4235.334 3930.293 4491.72
1.135 4240.917 3936.351 4497.331
1.136 4246.473 3942.331 4502.955
1.138 4252.004 3948.393 4508.488
1.139 4257.509 3954.42 4514.086
1.14 4262.989 3960.341 4519.662
1.142 4268.444 3966.324 4525.227
1.143 4273.874 3972.223 4530.604
1.144 4279.281 3978.087 4536.022
1.145 4284.664 3983.887 4541.454
1.147 4290.024 3989.756 4546.794
1.148 4295.361 3995.515 4552.171
1.149 4300.675 4001.257 4557.469
1.151 4305.967 4007.007 4562.688
1.152 4311.237 4012.699 4568.029
1.153 4316.486 4018.383 4573.288
1.155 4321.713 4024.091 4578.52
1.156 4326.92 4029.655 4583.73
1.157 4332.106 4035.278 4588.98
1.159 4337.271 4040.899 4594.207
1.16 4342.416 4046.524 4599.397
1.161 4347.542 4052.156 4604.521
1.163 4352.648 4057.716 4609.733
1.164 4357.735 4063.209 4614.829
1.166 4362.803 4068.65 4619.942
1.167 4367.852 4073.994 4625.018
1.168 4372.883 4079.357 4630.132
1.17 4377.896 4084.721 4635.158
1.171 4382.891 4090.046 4640.168
1.172 4387.868 4095.309 4645.19
1.174 4392.828 4100.566 4650.31
1.175 4397.77 4106.003 4655.301
1.176 4402.696 4111.323 4660.31
1.178 4407.605 4116.61 4665.238
1.179 4412.497 4121.871 4670.203
1.181 4417.373 4127.123 4675.154
1.182 4422.233 4132.298 4680.055
1.183 4427.077 4137.477 4684.935
1.185 4431.906 4142.744 4689.826
1.186 4436.718 4147.91 4694.703
1.188 4441.516 4153.19 4699.555
1.189 4446.299 4158.318 4704.39
1.19 4451.067 4163.376 4709.213
1.192 4455.82 4168.543 4714.077
1.193 4460.558 4173.529 4718.931
1.195 4465.283 4178.617 4723.7
1.196 4469.993 4183.641 4728.54
1.198 4474.689 4188.655 4733.235
1.199 4479.372 4193.737 4737.976
1.2 4484.04 4198.651 4742.704
1.202 4488.696 4203.599 4747.422
1.203 4493.338 4208.504 4752.151
1.205 4497.967 4213.447 4756.924
1.206 4502.583 4218.525 4761.656
1.208 4507.187 4223.43 4766.352
1.209 4511.777 4228.368 4770.938
1.211 4516.356 4233.249 4775.65
1.212 4520.922 4238.12 4780.258
1.214 4525.475 4242.927 4784.949
1.215 4530.017 4247.766 4789.606
1.217 4534.547 4252.581 4794.185
1.218 4539.065 4257.319 4798.772
1.22 4543.572 4262.13 4803.371
1.221 4548.067 4266.863 4808.005
1.222 4552.55 4271.64 4812.637
1.224 4557.023 4276.465 4817.241
1.225 4561.484 4281.23 4821.755
1.227 4565.935 4285.928 4826.304
1.229 4570.374 4290.678 4830.765
1.23 4574.804 4295.361 4835.274
1.232 4579.222 4300.037 4839.77
1.233 4583.63 4304.725 4844.251
1.235 4588.028 4309.335 4848.737
1.236 4592.415 4314.039 4853.212
1.238 4596.793 4318.735 4857.665
1.239 4601.16 4323.367 4862.072
1.241 4605.518 4327.991 4866.587
1.242 4609.866 4332.575 4871.078
1.244 4614.204 4337.143 4875.552
1.245 4618.533 4341.708 4879.983
1.247 4622.853 4346.282 4884.404
1.248 4627.163 4350.839 4888.814
1.25 4631.464 4355.416 4893.21
1.252 4635.755 4360.006 4897.624
1.253 4640.038 4364.458 4901.948
1.255 4644.312 4368.992 4906.326
1.256 4648.577 4373.547 4910.682
1.258 4652.834 4378.058 4914.957
1.259 4657.082 4382.524 4919.325
1.261 4661.321 4386.944 4923.716
1.263 4665.552 4391.359 4927.994
1.264 4669.775 4395.871 4932.234
1.266 4673.99 4400.302 4936.479
1.267 4678.196 4404.731 4940.758
1.269 4682.394 4409.224 4945.038
1.271 4686.585 4413.638 4949.336
1.272 4690.767 4418.028 4953.609
1.274 4694.942 4422.471 4957.92
1.276 4699.109 4426.909 4962.137
1.277 4703.269 4431.361 4966.388
1.279 4707.421 4435.804 4970.65
1.28 4711.565 4440.142 4974.898
1.282 4715.703 4444.47 4979.179
1.284 4719.833 4448.805 4983.361
1.285 4723.955 4453.139 4987.606
1.287 4728.071 4457.515 4991.786
1.289 4732.18 4461.84 4995.964
1.29 4736.281 4466.098 5000.189
1.292 4740.376 4470.419 5004.448
1.294 4744.464 4474.688 5008.621
1.295 4748.546 4479.021 5012.814
1.297 4752.62 4483.362 5017.034
1.299 4756.688 4487.637 5021.244
1.3 4760.75 4491.905 5025.451
1.302 4764.805 4496.097 5029.585
1.304 4768.854 4500.399 5033.67
1.305 4772.896 4504.631 5037.757
1.307 4776.933 4508.826 5041.942
1.309 4780.963 4513.029 5046.054
1.311 4784.987 4517.267 5050.097
1.312 4789.005 4521.532 5054.26
1.314 4793.017 4525.737 5058.356
1.316 4797.023 4529.968 5062.486
1.318 4801.023 4534.179 5066.623
1.319 4805.018 4538.413 5070.744
1.321 4809.007 4542.622 5074.836
1.323 4812.99 4546.743 5078.883
1.325 4816.968 4550.98 5083.021
1.326 4820.94 4555.253 5087.106
1.328 4824.906 4559.422 5091.122
1.33 4828.868 4563.541 5095.143
1.332 4832.824 4567.749 5099.25
1.333 4836.774 4571.924 5103.315
1.335 4840.72 4576.086 5107.307
1.337 4844.66 4580.199 5111.356
1.339 4848.595 4584.352 5115.412
1.34 4852.526 4588.488 5119.476
1.342 4856.451 4592.578 5123.527
1.344 4860.371 4596.653 5127.589
1.346 4864.286 4600.725 5131.617
1.348 4868.197 4604.804 5135.617
1.35 4872.103 4608.895 5139.602
1.351 4876.004 4612.976 5143.572
1.353 4879.9 4617.023 5147.499
1.355 4883.792 4621.17 5151.543
1.357 4887.679 4625.152 5155.563
1.359 4891.562 4629.17 5159.542
1.361 4895.441 4633.282 5163.546
1.362 4899.315 4637.387 5167.462
1.364 4903.184 4641.459 5171.455
1.366 4907.049 4645.471 5175.46
1.368 4910.91 4649.547 5179.343
1.37 4914.767 4653.653 5183.299
1.372 4918.62 4657.657 5187.274
1.374 4922.469 4661.702 5191.203
1.376 4926.313 4665.753 5195.187
1.377 4930.154 4669.855 5199.198
1.379 4933.99 4673.759 5203.145
1.381 4937.823 4677.743 5207.068
1.383 4941.652 4681.792 5210.972
1.385 4945.477 4685.736 5214.896
1.387 4949.298 4689.707 5218.827
1.389 4953.115 4693.747 5222.721
1.391 4956.929 4697.709 5226.667
1.393 4960.739 4701.655 5230.552
1.395 4964.546 4705.64 5234.497
1.397 4968.349 4709.651 5238.408
1.399 4972.148 4713.586 5242.324
1.401 4975.944 4717.531 5246.182
1.403 4979.737 4721.517 5250.104
1.404 4983.526 4725.467 5254.026
1.406 4987.312 4729.353 5258.011
1.408 4991.094 4733.322 5261.863
1.41 4994.874 4737.222 5265.74
1.412 4998.65 4741.195 5269.651
1.414 5002.423 4745.132 5273.498
1.416 5006.192 4749.023 5277.405
1.418 5009.959 4752.941 5281.401
1.42 5013.723 4756.766 5285.307
1.422 5017.483 4760.681 5289.192
1.425 5021.241 4764.627 5293.052
1.427 5024.996 4768.578 5296.875
1.429 5028.747 4772.395 5300.773
1.431 5032.496 4776.342 5304.612
1.433 5036.242 4780.121 5308.485
1.435 5039.986 4783.999 5312.327
1.437 5043.726 4787.892 5316.163
1.439 5047.464 4791.816 5319.975
1.441 5051.2 4795.714 5323.831
1.443 5054.932 4799.6 5327.655
1.445 5058.662 4803.394 5331.497
1.447 5062.39 4807.219 5335.374
1.449 5066.114 4811.063 5339.226
1.451 5069.837 4814.921 5343.072
1.453 5073.557 4818.705 5346.823
1.456 5077.274 4822.553 5350.603
1.458 5080.99 4826.403 5354.408
1.46 5084.702 4830.227 5358.196
1.462 5088.413 4834.035 5361.974
1.464 5092.121 4837.92 5365.784
1.466 5095.827 4841.701 5369.575
1.468 5099.531 4845.502 5373.373
1.471 5103.233 4849.299 5377.2
1.473 5106.932 4853.082 5381.032
1.475 5110.629 4856.863 5384.848
1.477 5114.325 4860.62 5388.674
1.479 5118.018 4864.481 5392.482
1.481 5121.709 4868.243 5396.362
1.484 5125.398 4872.124 5400.153
1.486 5129.086 4875.975 5404.058
1.488 5132.771 4879.772 5407.865
1.49 5136.455 4883.516 5411.646
1.493 5140.137 4887.313 5415.505
1.495 5143.816 4891.048 5419.304
1.497 5147.495 4894.846 5423.163
1.499 5151.171 4898.668 5426.911
1.502 5154.846 4902.512 5430.641
1.504 5158.519 4906.314 5434.448
1.506 5162.19 4910.036 5438.321
1.508 5165.86 4913.804 5442.116
1.511 5169.528 4917.64 5445.976
1.513 5173.194 4921.402 5449.768
1.515 5176.859 4925.175 5453.487
1.517 5180.523 4928.94 5457.301
1.52 5184.185 4932.695 5461.032
1.522 5187.845 4936.556 5464.826
1.524 5191.505 4940.332 5468.582
1.527 5195.162 4944.111 5472.355
1.529 5198.819 4947.927 5476.146
1.531 5202.474 4951.75 5479.943
1.534 5206.128 4955.469 5483.754
1.536 5209.781 4959.23 5487.538
1.538 5213.432 4963.018 5491.276
1.541 5217.082 4966.797 5495.008
1.543 5220.731 4970.499 5498.716
1.546 5224.379 4974.222 5502.443
1.548 5228.026 4977.947 5506.245
1.55 5231.671 4981.714 5510.013
1.553 5235.316 4985.487 5513.793
1.555 5238.959 4989.207 5517.594
1.558 5242.602 4992.985 5521.395
1.56 5246.243 4996.76 5525.112
1.563 5249.884 5000.45 5528.842
1.565 5253.524 5004.205 5532.628
1.567 5257.163 5007.933 5536.348
1.57 5260.8 5011.611 5540.069
1.572 5264.438 5015.335 5543.827
1.575 5268.074 5019.064 5547.603
1.577 5271.709 5022.775 5551.387
1.58 5275.344 5026.476 5555.104
1.582 5278.978 5030.165 5558.858
1.585 5282.611 5033.901 5562.593
1.587 5286.244 5037.619 5566.404
1.59 5289.876 5041.281 5570.129
1.592 5293.507 5044.996 5573.834
1.595 5297.138 5048.694 5577.679
1.597 5300.768 5052.453 5581.494
1.6 5304.398 5056.213 5585.239
1.603 5308.027 5059.937 5589.015
1.605 5311.656 5063.708 5592.808
1.608 5315.284 5067.452 5596.569
1.61 5318.912 5071.123 5600.343
1.613 5322.539 5074.879 5604.136
1.616 5326.166 5078.621 5607.9
1.618 5329.793 5082.351 5611.74
1.621 5333.419 5086.056 5615.532
1.623 5337.045 5089.826 5619.263
1.626 5340.671 5093.524 5622.985
1.629 5344.296 5097.215 5626.72
1.631 5347.921 5100.961 5630.439
1.634 5351.546 5104.65 5634.185
1.637 5355.171 5108.317 5637.951
1.639 5358.796 5112.018 5641.745
1.642 5362.42 5115.743 5645.5
1.645 5366.045 5119.466 5649.279
1.647 5369.669 5123.266 5653.029
1.65 5373.294 5126.997 5656.839
1.653 5376.918 5130.65 5660.617
1.656 5380.542 5134.327 5664.394
1.658 5384.166 5138.026 5668.1
1.661 5387.791 5141.771 5671.884
1.664 5391.415 5145.498 5675.658
1.667 5395.04 5149.225 5679.409
1.669 5398.664 5152.858 5683.206
1.672 5402.289 5156.506 5686.943
1.675 5405.914 5160.189 5690.699
1.678 5409.539 5163.799 5694.383
1.681 5413.165 5167.472 5698.164
1.684 5416.79 5171.167 5701.972
1.686 5420.416 5174.927 5705.788
1.689 5424.042 5178.568 5709.557
1.692 5427.669 5182.377 5713.3
1.695 5431.296 5186.126 5717.124
1.698 5434.923 5189.85 5720.898
1.701 5438.551 5193.555 5724.657
1.704 5442.179 5197.233 5728.416
1.706 5445.807 5200.971 5732.19
1.709 5449.436 5204.659 5735.966
1.712 5453.065 5208.333 5739.762
1.715 5456.695 5212.037 5743.569
1.718 5460.326 5215.729 5747.243
1.721 5463.957 5219.433 5751.003
1.724 5467.589 5223.122 5754.787
1.727 5471.221 5226.823 5758.585
1.73 5474.854 5230.513 5762.375
1.733 5478.487 5234.253 5766.113
1.736 5482.121 5237.936 5769.972
1.739 5485.756 5241.728 5773.746
1.742 5489.392 5245.454 5777.531
1.745 5493.028 5249.119 5781.325
1.748 5496.665 5252.824 5785.1
1.751 5500.303 5256.506 5788.844
1.754 5503.942 5260.254 5792.627
1.757 5507.582 5263.948 5796.379
1.761 5511.222 5267.644 5800.169
1.764 5514.864 5271.35 5804.02
1.767 5518.506 5275.053 5807.841
1.77 5522.149 5278.713 5811.668
1.773 5525.794 5282.422 5815.407
1.776 5529.439 5286.114 5819.223
1.779 5533.085 5289.791 5823.058
1.783 5536.732 5293.489 5826.862
1.786 5540.381 5297.155 5830.604
1.789 5544.03 5300.922 5834.396
1.792 5547.681 5304.696 5838.206
1.795 5551.333 5308.443 5841.981
1.799 5554.985 5312.125 5845.793
1.802 5558.639 5315.797 5849.603
1.805 5562.295 5319.535 5853.336
1.808 5565.951 5323.293 5857.142
1.812 5569.609 5326.975 5860.879
1.815 5573.268 5330.702 5864.636
1.818 5576.928 5334.392 5868.481
1.821 5580.59 5338.103 5872.323
1.825 5584.253 5341.79 5876.134
1.828 5587.917 5345.43 5879.893
1.832 5591.583 5349.143 5883.692
1.835 5595.25 5352.897 5887.495
1.838 5598.919 5356.586 5891.358
1.842 5602.589 5360.353 5895.183
1.845 5606.26 5364.174 5898.959
1.848 5609.934 5367.903 5902.85
1.852 5613.608 5371.658 5906.699
1.855 5617.284 5375.367 5910.507
1.859 5620.962 5379.053 5914.264
1.862 5624.642 5382.81 5918.02
1.866 5628.323 5386.581 5921.825
1.869 5632.005 5390.3 5925.642
1.873 5635.69 5394.018 5929.497
1.876 5639.376 5397.783 5933.329
1.88 5643.064 5401.543 5937.16
1.883 5646.753 5405.251 5940.966
1.887 5650.445 5409.046 5944.867
1.89 5654.138 5412.799 5948.664
1.894 5657.833 5416.628 5952.498
1.898 5661.53 5420.312 5956.379
1.901 5665.229 5424.025 5960.174
1.905 5668.929 5427.749 5964.015
1.908 5672.632 5431.574 5967.888
1.912 5676.336 5435.317 5971.733
1.916 5680.043 5439.069 5975.539
1.919 5683.751 5442.878 5979.392
1.923 5687.462 5446.637 5983.322
1.927 5691.175 5450.43 5987.175
1.931 5694.889 5454.175 5991.098
1.934 5698.606 5457.932 5994.999
1.938 5702.325 5461.686 5998.862
1.942 5706.046 5465.496 6002.711
1.946 5709.769 5469.276 6006.565
1.949 5713.495 5473.01 6010.469
1.953 5717.222 5476.815 6014.325
1.957 5720.952 5480.57 6018.305
1.961 5724.684 5484.314 6022.158
1.965 5728.419 5488.101 6026.094
1.969 5732.156 5491.875 6030.02
1.972 5735.895 5495.67 6033.928
1.976 5739.636 5499.485 6037.796
1.98 5743.38 5503.243 6041.668
1.984 5747.127 5507.027 6045.524
1.988 5750.875 5510.86 6049.435
1.992 5754.627 5514.62 6053.313
1.996 5758.38 5518.413 6057.283
2 5762.137 5522.181 6061.233
2.004 5765.896 5525.977 6065.1
2.008 5769.657 5529.754 6068.981
2.012 5773.421 5533.559 6072.921
2.016 5777.188 5537.377 6076.826
2.02 5780.957 5541.192 6080.735
2.024 5784.729 5544.954 6084.64
2.028 5788.504 5548.781 6088.543
2.033 5792.281 5552.577 6092.491
2.037 5796.061 5556.391 6096.412
2.041 5799.844 5560.221 6100.366
2.045 5803.63 5564.017 6104.252
2.049 5807.419 5567.841 6108.194
2.053 5811.21 5571.725 6112.144
2.058 5815.005 5575.52 6116.04
2.062 5818.802 5579.345 6119.962
2.066 5822.602 5583.208 6123.96
2.07 5826.406 5587.007 6127.925
2.075 5830.212 5590.841 6131.89
2.079 5834.021 5594.642 6135.906
2.083 5837.834 5598.456 6139.855
2.088 5841.649 5602.296 6143.871
2.092 5845.468 5606.12 6147.785
2.096 5849.289 5609.948 6151.805
2.101 5853.114 5613.84 6155.811
2.105 5856.942 5617.725 6159.872
2.11 5860.773 5621.546 6163.9
2.114 5864.608 5625.421 6167.883
2.119 5868.446 5629.355 6171.763
2.123 5872.287 5633.188 6175.735
2.128 5876.131 5637.068 6179.738
2.132 5879.979 5640.942 6183.756
2.137 5883.83 5644.835 6187.751
2.141 5887.684 5648.662 6191.765
2.146 5891.542 5652.54 6195.795
2.151 5895.404 5656.452 6199.832
2.155 5899.269 5660.356 6203.797
2.16 5903.137 5664.289 6207.776
2.165 5907.009 5668.209 6211.785
2.169 5910.885 5672.077 6215.794
2.174 5914.764 5676 6219.838
2.179 5918.647 5679.94 6223.931
2.183 5922.534 5683.873 6227.958
2.188 5926.424 5687.823 6231.982
2.193 5930.318 5691.675 6236.08
2.198 5934.216 5695.597 6240.17
2.203 5938.117 5699.59 6244.283
2.208 5942.023 5703.542 6248.325
2.212 5945.932 5707.458 6252.428
2.217 5949.845 5711.357 6256.476
2.222 5953.762 5715.276 6260.554
2.227 5957.683 5719.251 6264.595
2.232 5961.608 5723.218 6268.662
2.237 5965.537 5727.237 6272.759
2.242 5969.47 5731.176 6276.871
2.247 5973.407 5735.132 6280.967
2.252 5977.348 5739.109 6285.022
2.257 5981.293 5743.056 6289.147
2.262 5985.243 5747.051 6293.282
2.268 5989.196 5751.074 6297.395
2.273 5993.154 5755.08 6301.534
2.278 5997.116 5759.058 6305.643
2.283 6001.083 5763.058 6309.787
2.288 6005.053 5767.014 6313.919
2.294 6009.028 5771.005 6318.07
2.299 6013.008 5775.022 6322.249
2.304 6016.992 5778.998 6326.331
2.309 6020.98 5782.994 6330.474
2.315 6024.973 5787 6334.625
2.32 6028.97 5791.058 6338.848
2.326 6032.972 5795.027 6342.997
2.331 6036.978 5799.041 6347.145
2.336 6040.989 5803.11 6351.272
2.342 6045.005 5807.141 6355.49
2.347 6049.025 5811.167 6359.67
2.353 6053.051 5815.253 6363.856
2.358 6057.08 5819.34 6368.119
2.364 6061.115 5823.366 6372.308
2.37 6065.154 5827.45 6376.579
2.375 6069.199 5831.527 6380.763
2.381 6073.248 5835.596 6385.034
2.387 6077.302 5839.766 6389.282
2.392 6081.361 5843.839 6393.499
2.398 6085.425 5847.865 6397.673
2.404 6089.494 5851.962 6401.841
2.41 6093.568 5856.043 6406.101
2.415 6097.648 5860.119 6410.387
2.421 6101.732 5864.227 6414.667
2.427 6105.822 5868.393 6418.922
2.433 6109.916 5872.479 6423.202
2.439 6114.016 5876.549 6427.49
2.445 6118.122 5880.708 6431.821
2.451 6122.232 5884.768 6436.144
2.457 6126.348 5888.828 6440.399
2.463 6130.47 5892.919 6444.66
2.469 6134.597 5897.061 6448.938
2.475 6138.729 5901.202 6453.245
2.481 6142.867 5905.334 6457.561
2.488 6147.01 5909.493 6461.893
2.494 6151.159 5913.63 6466.223
2.5 6155.313 5917.872 6470.514
2.506 6159.474 5922.043 6474.82
2.513 6163.64 5926.233 6479.179
2.519 6167.811 5930.379 6483.495
2.525 6171.989 5934.615 6487.807
2.532 6176.172 5938.775 6492.145
2.538 6180.361 5942.856 6496.481
2.545 6184.556 5947.013 6500.831
2.551 6188.757 5951.192 6505.209
2.558 6192.965 5955.391 6509.613
2.564 6197.178 5959.637 6513.924
2.571 6201.397 5963.897 6518.325
2.577 6205.622 5968.119 6522.774
2.584 6209.853 5972.399 6527.2
2.591 6214.091 5976.625 6531.602
2.597 6218.335 5980.912 6536.131
2.604 6222.585 5985.153 6540.617
2.611 6226.841 5989.377 6545.034
2.618 6231.104 5993.659 6549.585
2.625 6235.374 5997.965 6554.013
2.632 6239.649 6002.273 6558.478
2.639 6243.931 6006.546 6562.903
2.646 6248.22 6010.809 6567.361
2.653 6252.516 6015.062 6571.851
2.66 6256.818 6019.383 6576.383
2.667 6261.126 6023.698 6580.906
2.674 6265.442 6027.977 6585.388
2.681 6269.764 6032.223 6589.885
2.688 6274.093 6036.506 6594.427
2.695 6278.429 6040.846 6598.937
2.703 6282.772 6045.181 6603.46
2.71 6287.121 6049.539 6608.003
2.717 6291.478 6053.945 6612.526
2.725 6295.842 6058.277 6617.066
2.732 6300.213 6062.625 6621.616
2.74 6304.591 6066.97 6626.198
2.747 6308.977 6071.355 6630.791
2.755 6313.369 6075.647 6635.349
2.762 6317.769 6079.952 6639.935
2.77 6322.176 6084.359 6644.597
2.778 6326.591 6088.789 6649.165
2.786 6331.013 6093.228 6653.778
2.793 6335.443 6097.678 6658.354
2.801 6339.88 6102.11 6662.938
2.809 6344.325 6106.54 6667.663
2.817 6348.778 6110.949 6672.284
2.825 6353.238 6115.417 6676.92
2.833 6357.706 6119.866 6681.519
2.841 6362.182 6124.33 6686.212
2.849 6366.665 6128.849 6690.905
2.857 6371.157 6133.398 6695.589
2.865 6375.657 6137.953 6700.304
2.874 6380.165 6142.437 6705.074
2.882 6384.68 6146.871 6709.84
2.89 6389.204 6151.517 6714.598
2.899 6393.737 6156.052 6719.257
2.907 6398.277 6160.572 6723.997
2.915 6402.826 6165.043 6728.753
2.924 6407.383 6169.586 6733.516
2.933 6411.949 6174.124 6738.3
2.941 6416.523 6178.679 6743.079
2.95 6421.106 6183.249 6747.844
2.959 6425.697 6187.782 6752.612
2.967 6430.297 6192.369 6757.396
2.976 6434.906 6196.988 6762.2
2.985 6439.523 6201.646 6767.036
2.994 6444.15 6206.194 6771.797
3.003 6448.785 6210.817 6776.599
3.012 6453.43 6215.384 6781.433
3.021 6458.083 6220.067 6786.272
3.03 6462.746 6224.681 6791.127
3.04 6467.417 6229.403 6795.99
3.049 6472.098 6234.179 6800.908
3.058 6476.789 6238.826 6805.788
3.067 6481.488 6243.504 6810.689
3.077 6486.198 6248.145 6815.543
3.086 6490.916 6252.842 6820.425
3.096 6495.644 6257.555 6825.344
3.106 6500.382 6262.142 6830.314
3.115 6505.13 6266.92 6835.257
3.125 6509.887 6271.61 6840.212
3.135 6514.655 6276.325 6845.214
3.145 6519.432 6281.06 6850.164
3.155 6524.219 6285.739 6855.204
3.165 6529.016 6290.503 6860.152
3.175 6533.824 6295.253 6865.19
3.185 6538.642 6300.045 6870.285
3.195 6543.47 6304.891 6875.286
3.205 6548.308 6309.676 6880.34
3.215 6553.157 6314.488 6885.435
3.226 6558.016 6319.271 6890.459
3.236 6562.886 6324.11 6895.601
3.247 6567.766 6328.982 6900.745
3.257 6572.658 6333.86 6905.849
3.268 6577.56 6338.643 6910.933
3.279 6582.473 6343.459 6916.095
3.289 6587.397 6348.339 6921.386
3.3 6592.332 6353.161 6926.55
3.311 6597.278 6358.074 6931.741
3.322 6602.236 6362.96 6936.862
3.333 6607.204 6367.845 6942.101
3.344 6612.184 6372.782 6947.345
3.356 6617.176 6377.714 6952.569
3.367 6622.179 6382.714 6957.831
3.378 6627.194 6387.646 6963.088
3.39 6632.221 6392.604 6968.288
3.401 6637.259 6397.538 6973.571
3.413 6642.31 6402.601 6978.843
3.425 6647.372 6407.572 6984.137
3.436 6652.446 6412.598 6989.422
3.448 6657.533 6417.633 6994.665
3.46 6662.632 6422.693 6999.961
3.472 6667.743 6427.698 7005.318
3.484 6672.867 6432.765 7010.675
3.497 6678.003 6437.869 7016.024
3.509 6683.152 6442.974 7021.367
3.521 6688.314 6448.106 7026.752
3.534 6693.488 6453.156 7032.203
3.546 6698.676 6458.181 7037.631
3.559 6703.876 6463.399 7043.054
3.571 6709.09 6468.597 7048.542
3.584 6714.317 6473.719 7054.132
3.597 6719.557 6479.035 7059.603
3.61 6724.811 6484.202 7065.164
3.623 6730.078 6489.399 7070.663
3.636 6735.359 6494.62 7076.2
3.65 6740.654 6499.778 7081.714
3.663 6745.962 6504.944 7087.2
3.676 6751.285 6510.194 7092.828
3.69 6756.622 6515.45 7098.395
3.704 6761.972 6520.751 7104.037
3.717 6767.338 6526.018 7109.63
3.731 6772.717 6531.311 7115.281
3.745 6778.111 6536.608 7120.873
3.759 6783.52 6541.926 7126.496
3.774 6788.944 6547.271 7132.115
3.788 6794.382 6552.618 7137.746
3.802 6799.836 6557.944 7143.49
3.817 6805.305 6563.351 7149.183
3.831 6810.788 6568.722 7154.85
3.846 6816.288 6574.159 7160.665
3.861 6821.803 6579.617 7166.47
3.876 6827.333 6585 7172.286
3.891 6832.879 6590.531 7178.162
3.906 6838.441 6595.969 7183.971
3.922 6844.019 6601.397 7189.797
3.937 6849.614 6606.873 7195.624
3.953 6855.224 6612.396 7201.505
3.968 6860.851 6618.019 7207.409
3.984 6866.495 6623.532 7213.331
4 6872.155 6629.08 7219.263
4.016 6877.832 6634.664 7225.07
4.032 6883.526 6640.243 7230.939
4.049 6889.238 6645.836 7236.941
4.065 6894.966 6651.493 7242.978
4.082 6900.712 6657.165 7248.934
4.098 6906.476 6662.774 7254.94
4.115 6912.257 6668.454 7260.97
4.132 6918.056 6674.095 7267.113
4.149 6923.873 6679.759 7273.251
4.167 6929.708 6685.499 7279.394
4.184 6935.562 6691.226 7285.52
4.202 6941.434 6697.006 7291.586
4.219 6947.324 6702.854 7297.795
4.237 6953.234 6708.625 7303.948
4.255 6959.162 6714.451 7310.142
4.274 6965.11 6720.295 7316.325
4.292 6971.077 6726.087 7322.584
4.31 6977.064 6731.946 7328.915
4.329 6983.07 6737.87 7335.228
4.348 6989.096 6743.744 7341.56
4.367 6995.142 6749.65 7347.919
4.386 7001.208 6755.574 7354.317
4.405 7007.294 6761.561 7360.641
4.425 7013.401 6767.544 7367.078
4.444 7019.529 6773.555 7373.453
4.464 7025.678 6779.588 7379.96
4.484 7031.848 6785.646 7386.424
4.505 7038.039 6791.685 7392.875
4.525 7044.252 6797.757 7399.433
4.545 7050.486 6803.848 7405.986
4.566 7056.743 6809.962 7412.498
4.587 7063.021 6816.164 7419.1
4.608 7069.322 6822.34 7425.744
4.63 7075.646 6828.592 7432.45
4.651 7081.992 6834.828 7439.021
4.673 7088.361 6841.063 7445.697
4.695 7094.753 6847.282 7452.425
4.717 7101.169 6853.459 7459.124
4.739 7107.608 6859.736 7465.904
4.762 7114.071 6866.039 7472.644
4.785 7120.559 6872.367 7479.412
4.808 7127.07 6878.654 7486.189
4.831 7133.607 6885.014 7493.165
4.854 7140.168 6891.374 7500.089
4.878 7146.754 6897.811 7507.085
4.902 7153.365 6904.214 7514.054
4.926 7160.002 6910.662 7520.946
4.95 7166.665 6917.149 7527.997
4.975 7173.353 6923.645 7535.07
5 7180.069 6930.17 7542.036
5.025 7186.81 6936.758 7549.189
5.051 7193.579 6943.351 7556.331
5.076 7200.375 6950.079 7563.415
5.102 7207.198 6956.684 7570.586
5.128 7214.048 6963.26 7577.846
5.155 7220.927 6969.883 7585.118
5.181 7227.834 6976.638 7592.41
5.208 7234.77 6983.378 7599.702
5.236 7241.734 6990.204 7607.007
5.263 7248.728 6996.957 7614.346
5.291 7255.751 7003.782 7621.772
5.319 7262.804 7010.614 7629.212
5.348 7269.887 7017.474 7636.703
5.376 7277.001 7024.356 7644.245
5.405 7284.145 7031.377 7651.722
5.435 7291.32 7038.362 7659.223
5.464 7298.527 7045.462 7666.755
5.495 7305.766 7052.528 7674.366
5.525 7313.036 7059.565 7682.052
5.556 7320.339 7066.797 7689.713
5.587 7327.675 7073.779 7697.491
5.618 7335.045 7080.948 7705.32
5.65 7342.447 7088.114 7713.15
5.682 7349.884 7095.231 7720.925
5.714 7357.355 7102.575 7728.789
5.747 7364.861 7109.849 7736.682
5.78 7372.402 7117.121 7744.63
5.814 7379.979 7124.44 7752.63
5.848 7387.591 7131.868 7760.64
5.882 7395.24 7139.268 7768.699
5.917 7402.926 7146.695 7776.867
5.952 7410.649 7154.07 7785.09
5.988 7418.409 7161.555 7793.301
6.024 7426.208 7169.143 7801.515
6.061 7434.045 7176.819 7809.743
6.098 7441.922 7184.493 7818.09
6.135 7449.838 7192.166 7826.573
6.173 7457.793 7199.858 7835.019
6.211 7465.79 7207.548 7843.448
6.25 7473.827 7215.269 7851.999
6.289 7481.906 7223.194 7860.487
6.329 7490.027 7230.976 7869.009
6.369 7498.19 7238.943 7877.707
6.41 7506.397 7246.853 7886.329
6.452 7514.647 7254.855 7895.068
6.494 7522.941 7262.883 7903.845
6.536 7531.28 7270.92 7912.518
6.579 7539.665 7279.098 7921.37
6.623 7548.095 7287.215 7930.411
6.667 7556.572 7295.439 7939.421
6.711 7565.096 7303.582 7948.466
6.757 7573.668 7311.793 7957.547
6.803 7582.288 7320.096 7966.797
6.849 7590.958 7328.428 7976.035
6.897 7599.677 7336.634 7985.25
6.944 7608.446 7345.108 7994.458
6.993 7617.266 7353.596 8003.789
7.042 7626.139 7362.196 8013.272
7.092 7635.064 7370.775 8022.82
7.143 7644.042 7379.354 8032.327
7.194 7653.074 7388.045 8041.897
7.246 7662.16 7396.777 8051.629
7.299 7671.303 7405.561 8061.388
7.353 7680.502 7414.326 8071.246
7.407 7689.757 7423.271 8081.001
7.463 7699.071 7432.177 8091.036
7.519 7708.444 7441.142 8101.015
7.576 7717.877 7450.166 8111.077
7.634 7727.37 7459.177 8121.126
7.692 7736.924 7468.286 8131.442
7.752 7746.541 7477.44 8141.623
7.812 7756.222 7486.638 8151.969
7.874 7765.967 7496.029 8162.377
7.937 7775.777 7505.445 8172.988
8 7785.654 7514.875 8183.502
8.065 7795.598 7524.34 8194.206
8.13 7805.61 7533.987 8204.967
8.197 7815.692 7543.559 8215.828
8.264 7825.845 7553.172 8226.799
8.333 7836.07 7562.901 8237.734
8.403 7846.368 7572.479 8248.921
8.475 7856.74 7582.343 8260.143
8.547 7867.188 7592.344 8271.362
8.621 7877.712 7602.242 8282.687
8.696 7888.314 7612.371 8294.087
8.772 7898.996 7622.576 8305.552
8.85 7909.759 7632.765 8317.052
8.929 7920.603 7643.078 8328.759
9.009 7931.532 7653.695 8340.541
9.091 7942.545 7664.041 8352.444
9.174 7953.645 7674.63 8364.428
9.259 7964.833 7685.217 8376.478
9.346 7976.111 7695.848 8388.852
9.434 7987.48 7706.469 8400.878
9.524 7998.942 7717.424 8413.262
9.615 8010.499 7728.273 8425.672
9.709 8022.153 7739.236 8438.212
9.804 8033.905 7750.275 8450.821
9.901 8045.757 7761.552 8463.662
10 8057.712 7773.002 8476.584
10.101 8069.77 7784.475 8489.571
10.204 8081.936 7796.025 8502.808
10.309 8094.209 7807.423 8516.169
10.417 8106.593 7819.029 8529.663
10.526 8119.09 7830.839 8543.475
10.638 8131.703 7842.712 8556.976
10.753 8144.432 7854.713 8570.803
10.87 8157.282 7866.821 8584.808
10.989 8170.255 7878.972 8598.907
11.111 8183.352 7891.259 8613.237
11.236 8196.578 7903.713 8627.858
11.364 8209.934 7916.055 8642.28
11.494 8223.424 7928.639 8657.048
11.628 8237.051 7941.352 8671.903
11.765 8250.818 7954.222 8686.918
11.905 8264.727 7967.235 8702.175
12.048 8278.783 7980.274 8717.475
12.195 8292.989 7993.66 8733.107
12.346 8307.348 8007.04 8748.82
12.5 8321.863 8020.528 8764.791
12.658 8336.54 8034.226 8780.946
12.821 8351.382 8047.9 8797.221
12.987 8366.392 8061.937 8813.856
13.158 8381.576 8075.829 8830.667
13.333 8396.937 8090.049 8847.834
13.514 8412.481 8104.503 8864.975
13.699 8428.212 8119.077 8882.38
13.889 8444.135 8133.827 8899.983
14.085 8460.255 8148.794 8917.888
14.286 8476.578 8163.83 8935.931
14.493 8493.109 8178.968 8954.363
14.706 8509.854 8194.43 8972.823
14.925 8526.82 8209.911 8991.475
15.152 8544.013 8225.684 9010.638
15.385 8561.439 8241.928 9029.635
15.625 8579.106 8258.253 9049.365
15.873 8597.021 8274.715 9069.244
16.129 8615.191 8291.32 9089.547
16.393 8633.625 8307.99 9110.174
16.667 8652.331 8325.049 9131.084
16.949 8671.318 8342.322 9152.424
17.241 8690.595 8359.819 9173.96
17.544 8710.172 8377.625 9196.093
17.857 8730.059 8395.68 9218.345
18.182 8750.267 8414.105 9241.3
18.519 8770.807 8432.92 9264.443
18.868 8791.692 8451.927 9288.483
19.231 8812.934 8471.055 9312.707
19.608 8834.547 8490.611 9337.203
20 8856.544 8510.358 9361.861
20.408 8878.941 8530.531 9387.476
20.833 8901.753 8550.901 9413.154
21.277 8924.998 8571.849 9439.875
21.739 8948.693 8593.259 9467.195
22.222 8972.858 8615.011 9494.877
22.727 8997.513 8637.09 9523.362
23.256 9022.68 8659.493 9552.214
23.81 9048.382 8682.438 9581.867
24.39 9074.644 8705.792 9612.255
25 9101.492 8729.7 9643.359
25.641 9128.956 8753.919 9675.4
26.316 9157.065 8778.845 9707.807
27.027 9185.855 8804.291 9741.17
27.778 9215.359 8830.156 9775.302
28.571 9245.618 8856.92 9810.244
29.412 9276.673 8883.883 9846.571
30.303 9308.571 8911.984 9884.245
31.25 9341.361 8940.529 9923.248
32.258 9375.097 8970.008 9962.936
33.333 9409.841 9000.182 10004.454
34.483 9445.658 9031.654 10046.475
35.714 9482.619 9063.77 10089.908
37.037 9520.807 9096.994 10135.576
38.462 9560.309 9131.128 10182.47
40 9601.226 9166.736 10231.309
41.667 9643.668 9203.189 10282.736
43.478 9687.762 9240.877 10335.741
45.455 9733.647 9279.957 10390.558
47.619 9781.486 9320.605 10448.488
50 9831.462 9362.691 10509.541
52.632 9883.785 9406.974 10573.794
55.556 9938.701 9452.825 10641.311
58.824 9996.496 9500.841 10712.793
62.5 10057.505 9551.254 10788.481
66.667 10122.128 9603.955 10868.888
71.429 10190.845 9660.505 10954.772
76.923 10264.241 9720.533 11047.188
83.333 10343.037 9784.425 11146.385
90.909 10428.139 9853.337 11254.718
100 10520.702 9927.662 11373.105
111.111 10622.241 10007.436 11503.583
125 10734.791 10095.991 11650.573
142.857 10861.183 10194.84 11817.145
166.667 11005.524 10305.915 12007.834
200 11174.115 10434.621 12233.661
250 11377.382 10587.773 12508.525
333.333 11634.569 10776.34 12863.638
500 11988.015 11029.26 13362.243
1000 12568.733 11427.031 14213.519
1111.111 12654.493 11483.798 14342.428
1250 12749.6 11546.651 14484.969
1428.571 12856.455 11616.128 14647.361
1666.667 12978.545 11694.337 14836.041
2000 13121.216 11784.761 15058.061
2500 13293.315 11893.237 15329.262
3333.333 13511.172 12027.064 15679.082
5000 13810.715 12207.585 16170.314
10000 14303.112 12490.562 17002.297
