"Pr" "Mp" "Q_2" "Q_9"
1.01 3056.537 2593.406 3384.033
1.011 3090.65 2633.521 3415.586
1.012 3122.389 2670.724 3444.702
1.013 3152.11 2705.601 3472.121
1.014 3180.09 2738.243 3498.186
1.015 3206.553 2769.322 3522.805
1.016 3231.68 2798.47 3546.235
1.017 3255.622 2826.185 3568.518
1.018 3278.504 2852.566 3589.923
1.019 3300.432 2877.725 3610.659
1.02 3321.497 2902.074 3630.553
1.021 3341.777 2925.406 3649.643
1.022 3361.338 2948.008 3668.176
1.024 3380.241 2969.699 3685.97
1.025 3398.537 2990.695 3703.244
1.026 3416.271 3010.86 3720.12
1.027 3433.484 3030.48 3736.539
1.028 3450.212 3049.476 3752.388
1.029 3466.489 3067.773 3767.735
1.03 3482.342 3085.824 3782.692
1.031 3497.8 3103.656 3797.41
1.032 3512.884 3120.864 3811.85
1.033 3527.618 3137.777 3825.891
1.034 3542.021 3154.043 3839.893
1.035 3556.111 3170.075 3853.418
1.036 3569.906 3185.655 3866.675
1.037 3583.419 3200.962 3879.492
1.038 3596.666 3215.856 3892.259
1.04 3609.66 3230.62 3904.619
1.041 3622.412 3245.097 3916.805
1.042 3634.935 3259.087 3928.855
1.043 3647.237 3272.818 3940.758
1.044 3659.33 3286.31 3952.331
1.045 3671.222 3299.479 3963.897
1.046 3682.922 3312.671 3975.224
1.047 3694.437 3325.583 3986.306
1.048 3705.775 3338.344 3997.27
1.049 3716.944 3350.709 4008.078
1.05 3727.949 3362.958 4018.721
1.052 3738.797 3374.915 4029.249
1.053 3749.494 3386.895 4039.523
1.054 3760.045 3398.531 4049.946
1.055 3770.455 3410.062 4060.075
1.056 3780.73 3421.5 4070.173
1.057 3790.874 3432.751 4079.951
1.058 3800.891 3443.949 4089.706
1.059 3810.786 3455.024 4099.426
1.06 3820.563 3465.79 4108.849
1.062 3830.225 3476.417 4118.126
1.063 3839.777 3486.972 4127.435
1.064 3849.221 3497.369 4136.732
1.065 3858.56 3507.505 4145.92
1.066 3867.799 3517.698 4155.044
1.067 3876.94 3527.768 4164.005
1.068 3885.985 3537.734 4172.858
1.07 3894.938 3547.602 4181.693
1.071 3903.801 3557.328 4190.412
1.072 3912.577 3567.081 4199.059
1.073 3921.267 3576.626 4207.703
1.074 3929.875 3585.959 4216.006
1.075 3938.403 3595.301 4224.502
1.076 3946.852 3604.505 4232.757
1.078 3955.225 3613.525 4241.015
1.079 3963.523 3622.519 4249.188
1.08 3971.749 3631.416 4257.283
1.081 3979.904 3640.21 4265.374
1.082 3987.991 3649.055 4273.328
1.083 3996.01 3657.856 4281.289
1.085 4003.963 3666.409 4289.213
1.086 4011.852 3675.129 4296.948
1.087 4019.679 3683.626 4304.684
1.088 4027.445 3692.035 4312.377
1.089 4035.15 3700.31 4320.094
1.091 4042.798 3708.493 4327.698
1.092 4050.388 3716.718 4335.33
1.093 4057.923 3724.772 4342.928
1.094 4065.402 3732.805 4350.367
1.095 4072.829 3740.824 4357.708
1.096 4080.203 3748.723 4365.132
1.098 4087.526 3756.642 4372.539
1.099 4094.799 3764.514 4379.763
1.1 4102.023 3772.286 4387.039
1.101 4109.198 3779.993 4394.226
1.103 4116.327 3787.801 4401.305
1.104 4123.409 3795.555 4408.336
1.105 4130.447 3803.122 4415.451
1.106 4137.44 3810.606 4422.407
1.107 4144.389 3818.203 4429.253
1.109 4151.296 3825.831 4436.192
1.11 4158.161 3832.924 4443.08
1.111 4164.985 3840.339 4449.929
1.112 4171.769 3847.562 4456.645
1.114 4178.513 3854.792 4463.285
1.115 4185.219 3861.979 4470.004
1.116 4191.887 3869.212 4476.72
1.117 4198.517 3876.31 4483.322
1.119 4205.11 3883.44 4489.996
1.12 4211.668 3890.503 4496.566
1.121 4218.19 3897.596 4503.15
1.122 4224.677 3904.467 4509.627
1.124 4231.13 3911.362 4516.015
1.125 4237.55 3918.14 4522.423
1.126 4243.937 3924.848 4528.745
1.127 4250.291 3931.523 4535.168
1.129 4256.613 3938.235 4541.444
1.13 4262.904 3944.875 4547.795
1.131 4269.164 3951.55 4554.141
1.133 4275.394 3958.296 4560.416
1.134 4281.594 3964.743 4566.615
1.135 4287.764 3971.202 4572.818
1.136 4293.906 3977.638 4578.939
1.138 4300.019 3984.154 4585.069
1.139 4306.105 3990.539 4591.207
1.14 4312.163 3996.811 4597.308
1.142 4318.194 4003.246 4603.41
1.143 4324.198 4009.626 4609.436
1.144 4330.176 4015.903 4615.432
1.145 4336.128 4022.141 4621.465
1.147 4342.054 4028.442 4627.541
1.148 4347.956 4034.648 4633.61
1.149 4353.833 4040.933 4639.664
1.151 4359.685 4047.224 4645.512
1.152 4365.514 4053.405 4651.421
1.153 4371.319 4059.494 4657.268
1.155 4377.101 4065.589 4663.121
1.156 4382.86 4071.483 4668.914
1.157 4388.596 4077.594 4674.81
1.159 4394.31 4083.561 4680.633
1.16 4400.003 4089.456 4686.355
1.161 4405.673 4095.215 4692.051
1.163 4411.322 4101.12 4697.774
1.164 4416.951 4107.026 4703.384
1.166 4422.558 4112.939 4709.134
1.167 4428.145 4118.826 4714.812
1.168 4433.712 4124.646 4720.432
1.17 4439.259 4130.433 4726.058
1.171 4444.787 4136.185 4731.738
1.172 4450.295 4141.978 4737.407
1.174 4455.785 4147.665 4743.029
1.175 4461.255 4153.432 4748.691
1.176 4466.707 4159.074 4754.199
1.178 4472.14 4164.707 4759.729
1.179 4477.556 4170.408 4765.225
1.181 4482.954 4175.962 4770.585
1.182 4488.334 4181.593 4776.037
1.183 4493.697 4187.139 4781.515
1.185 4499.042 4192.659 4787.009
1.186 4504.371 4198.056 4792.433
1.188 4509.683 4203.674 4797.916
1.189 4514.979 4209.191 4803.279
1.19 4520.259 4214.695 4808.635
1.192 4525.522 4220.129 4814.047
1.193 4530.77 4225.561 4819.378
1.195 4536.002 4230.969 4824.703
1.196 4541.218 4236.358 4830.072
1.198 4546.42 4241.69 4835.404
1.199 4551.606 4247.071 4840.653
1.2 4556.777 4252.461 4845.899
1.202 4561.934 4257.807 4851.086
1.203 4567.077 4263.088 4856.388
1.205 4572.205 4268.413 4861.531
1.206 4577.318 4273.671 4866.756
1.208 4582.418 4279.008 4871.938
1.209 4587.505 4284.193 4877.18
1.211 4592.577 4289.378 4882.462
1.212 4597.636 4294.629 4887.639
1.214 4602.682 4299.829 4892.788
1.215 4607.715 4305.027 4897.923
1.217 4612.734 4310.262 4903.126
1.218 4617.741 4315.332 4908.3
1.22 4622.735 4320.421 4913.404
1.221 4627.717 4325.559 4918.455
1.222 4632.686 4330.777 4923.439
1.224 4637.644 4335.894 4928.479
1.225 4642.589 4340.897 4933.548
1.227 4647.522 4346.037 4938.545
1.229 4652.443 4351.14 4943.66
1.23 4657.353 4356.136 4948.691
1.232 4662.251 4361.182 4953.761
1.233 4667.138 4366.223 4958.743
1.235 4672.014 4371.369 4963.713
1.236 4676.878 4376.26 4968.626
1.238 4681.732 4381.33 4973.637
1.239 4686.575 4386.384 4978.591
1.241 4691.406 4391.422 4983.546
1.242 4696.228 4396.329 4988.554
1.244 4701.039 4401.247 4993.554
1.245 4705.839 4406.135 4998.556
1.247 4710.629 4411.019 5003.422
1.248 4715.41 4415.905 5008.295
1.25 4720.18 4420.71 5013.113
1.252 4724.94 4425.55 5017.94
1.253 4729.69 4430.465 5022.843
1.255 4734.431 4435.375 5027.723
1.256 4739.162 4440.334 5032.569
1.258 4743.884 4445.188 5037.408
1.259 4748.597 4449.969 5042.291
1.261 4753.3 4454.7 5047.147
1.263 4757.994 4459.543 5051.897
1.264 4762.679 4464.334 5056.698
1.266 4767.355 4469.134 5061.557
1.267 4772.022 4473.824 5066.353
1.269 4776.68 4478.561 5071.142
1.271 4781.33 4483.291 5075.914
1.272 4785.972 4488.109 5080.713
1.274 4790.604 4492.857 5085.471
1.276 4795.229 4497.532 5090.268
1.277 4799.845 4502.277 5095.011
1.279 4804.453 4506.915 5099.724
1.28 4809.053 4511.586 5104.464
1.282 4813.645 4516.281 5109.1
1.284 4818.23 4520.938 5113.841
1.285 4822.806 4525.558 5118.476
1.287 4827.374 4530.248 5123.27
1.289 4831.935 4534.853 5128.009
1.29 4836.489 4539.467 5132.721
1.292 4841.035 4544.095 5137.409
1.294 4845.573 4548.76 5142.014
1.295 4850.105 4553.329 5146.725
1.297 4854.629 4557.882 5151.351
1.299 4859.146 4562.417 5156.001
1.3 4863.656 4566.978 5160.631
1.302 4868.158 4571.528 5165.368
1.304 4872.654 4576.071 5170.001
1.305 4877.144 4580.645 5174.58
1.307 4881.626 4585.151 5179.355
1.309 4886.102 4589.741 5183.968
1.311 4890.571 4594.301 5188.615
1.312 4895.033 4598.825 5193.224
1.314 4899.49 4603.354 5197.879
1.316 4903.939 4607.893 5202.45
1.318 4908.383 4612.424 5206.976
1.319 4912.82 4616.851 5211.645
1.321 4917.251 4621.328 5216.172
1.323 4921.676 4625.789 5220.783
1.325 4926.095 4630.262 5225.275
1.326 4930.508 4634.758 5229.888
1.328 4934.915 4639.199 5234.393
1.33 4939.316 4643.61 5238.932
1.332 4943.711 4647.971 5243.447
1.333 4948.101 4652.318 5248.032
1.335 4952.485 4656.846 5252.552
1.337 4956.864 4661.326 5257.155
1.339 4961.237 4665.672 5261.711
1.34 4965.604 4670.096 5266.189
1.342 4969.966 4674.573 5270.649
1.344 4974.323 4678.993 5275.145
1.346 4978.675 4683.467 5279.667
1.348 4983.021 4687.84 5284.125
1.35 4987.362 4692.202 5288.581
1.351 4991.699 4696.527 5293.118
1.353 4996.03 4700.834 5297.546
1.355 5000.356 4705.112 5302.041
1.357 5004.677 4709.435 5306.63
1.359 5008.994 4713.744 5311.174
1.361 5013.305 4718.037 5315.608
1.362 5017.612 4722.428 5320.116
1.364 5021.914 4726.837 5324.559
1.366 5026.212 4731.098 5329.024
1.368 5030.505 4735.479 5333.456
1.37 5034.793 4739.718 5337.88
1.372 5039.077 4744.063 5342.267
1.374 5043.357 4748.303 5346.734
1.376 5047.632 4752.545 5351.147
1.377 5051.903 4756.84 5355.656
1.379 5056.169 4761.046 5360.162
1.381 5060.432 4765.323 5364.612
1.383 5064.69 4769.655 5369.081
1.385 5068.944 4773.926 5373.475
1.387 5073.195 4778.192 5377.844
1.389 5077.441 4782.521 5382.256
1.391 5081.683 4786.71 5386.724
1.393 5085.921 4790.96 5391.156
1.395 5090.156 4795.217 5395.547
1.397 5094.386 4799.381 5399.975
1.399 5098.613 4803.644 5404.306
1.401 5102.836 4807.868 5408.625
1.403 5107.056 4812.012 5413.087
1.404 5111.271 4816.192 5417.564
1.406 5115.484 4820.353 5421.94
1.408 5119.692 4824.55 5426.321
1.41 5123.898 4828.805 5430.602
1.412 5128.1 4832.971 5434.928
1.414 5132.298 4837.156 5439.37
1.416 5136.493 4841.298 5443.72
1.418 5140.685 4845.492 5448.156
1.42 5144.874 4849.735 5452.555
1.422 5149.059 4853.91 5456.883
1.425 5153.241 4858.114 5461.222
1.427 5157.42 4862.219 5465.515
1.429 5161.596 4866.355 5469.88
1.431 5165.769 4870.54 5474.215
1.433 5169.939 4874.718 5478.631
1.435 5174.106 4878.862 5482.991
1.437 5178.27 4882.941 5487.307
1.439 5182.431 4887.079 5491.566
1.441 5186.589 4891.163 5495.855
1.443 5190.745 4895.28 5500.15
1.445 5194.898 4899.341 5504.507
1.447 5199.048 4903.445 5508.786
1.449 5203.195 4907.628 5513.076
1.451 5207.34 4911.79 5517.479
1.453 5211.482 4915.871 5521.787
1.456 5215.622 4919.868 5526.133
1.458 5219.759 4923.962 5530.467
1.46 5223.894 4928.12 5534.83
1.462 5228.026 4932.149 5539.084
1.464 5232.156 4936.225 5543.422
1.466 5236.283 4940.358 5547.771
1.468 5240.409 4944.486 5552.037
1.471 5244.531 4948.591 5556.354
1.473 5248.652 4952.669 5560.7
1.475 5252.771 4956.747 5564.948
1.477 5256.887 4960.907 5569.282
1.479 5261.001 4964.999 5573.628
1.481 5265.113 4969.086 5578.001
1.484 5269.223 4973.21 5582.249
1.486 5273.331 4977.293 5586.555
1.488 5277.437 4981.352 5590.835
1.49 5281.541 4985.433 5595.161
1.493 5285.643 4989.48 5599.469
1.495 5289.743 4993.523 5603.779
1.497 5293.842 4997.63 5607.99
1.499 5297.938 5001.637 5612.285
1.502 5302.033 5005.707 5616.529
1.504 5306.126 5009.776 5620.777
1.506 5310.217 5013.864 5625.074
1.508 5314.307 5017.898 5629.338
1.511 5318.395 5021.941 5633.633
1.513 5322.482 5025.936 5637.899
1.515 5326.566 5030.014 5642.094
1.517 5330.65 5033.969 5646.337
1.52 5334.732 5037.891 5650.637
1.522 5338.812 5041.841 5654.961
1.524 5342.891 5045.799 5659.169
1.527 5346.968 5049.848 5663.434
1.529 5351.045 5053.827 5667.663
1.531 5355.119 5057.835 5671.913
1.534 5359.193 5061.912 5676.226
1.536 5363.265 5065.907 5680.424
1.538 5367.336 5069.908 5684.615
1.541 5371.406 5073.886 5688.781
1.543 5375.475 5077.852 5693.035
1.546 5379.542 5081.909 5697.342
1.548 5383.609 5085.891 5701.638
1.55 5387.674 5089.923 5705.919
1.553 5391.738 5093.982 5710.167
1.555 5395.801 5098.036 5714.437
1.558 5399.864 5102.079 5718.629
1.56 5403.925 5106.047 5722.909
1.563 5407.985 5110.056 5727.143
1.565 5412.045 5113.983 5731.392
1.567 5416.103 5117.977 5735.637
1.57 5420.161 5122.007 5739.95
1.572 5424.218 5126.014 5744.251
1.575 5428.274 5129.906 5748.467
1.577 5432.33 5133.826 5752.661
1.58 5436.385 5137.851 5756.895
1.582 5440.439 5141.753 5761.091
1.585 5444.492 5145.776 5765.372
1.587 5448.545 5149.732 5769.671
1.59 5452.597 5153.788 5773.915
1.592 5456.649 5157.718 5778.228
1.595 5460.7 5161.744 5782.435
1.597 5464.751 5165.704 5786.664
1.6 5468.801 5169.634 5790.852
1.603 5472.851 5173.698 5795.152
1.605 5476.9 5177.689 5799.414
1.608 5480.949 5181.692 5803.627
1.61 5484.998 5185.753 5807.836
1.613 5489.046 5189.81 5812.065
1.616 5493.094 5193.79 5816.307
1.618 5497.142 5197.809 5820.55
1.621 5501.189 5201.811 5824.836
1.623 5505.237 5205.759 5829.096
1.626 5509.284 5209.772 5833.374
1.629 5513.331 5213.666 5837.671
1.631 5517.377 5217.611 5841.921
1.634 5521.424 5221.584 5846.178
1.637 5525.471 5225.561 5850.408
1.639 5529.518 5229.502 5854.696
1.642 5533.564 5233.461 5858.919
1.645 5537.611 5237.454 5863.155
1.647 5541.658 5241.479 5867.407
1.65 5545.704 5245.463 5871.739
1.653 5549.751 5249.369 5876.006
1.656 5553.798 5253.307 5880.179
1.658 5557.846 5257.185 5884.492
1.661 5561.893 5261.187 5888.737
1.664 5565.941 5265.148 5892.926
1.667 5569.988 5269.144 5897.213
1.669 5574.036 5273.061 5901.422
1.672 5578.085 5277.064 5905.669
1.675 5582.134 5280.981 5909.946
1.678 5586.183 5284.892 5914.173
1.681 5590.232 5288.841 5918.396
1.684 5594.282 5292.891 5922.576
1.686 5598.332 5296.874 5926.897
1.689 5602.383 5300.867 5931.18
1.692 5606.435 5304.721 5935.5
1.695 5610.486 5308.652 5939.865
1.698 5614.539 5312.738 5944.143
1.701 5618.592 5316.705 5948.47
1.704 5622.645 5320.676 5952.822
1.706 5626.699 5324.635 5957.056
1.709 5630.754 5328.547 5961.345
1.712 5634.81 5332.527 5965.591
1.715 5638.866 5336.466 5969.843
1.718 5642.923 5340.422 5974.133
1.721 5646.98 5344.446 5978.394
1.724 5651.039 5348.438 5982.655
1.727 5655.098 5352.397 5987.002
1.73 5659.158 5356.426 5991.318
1.733 5663.219 5360.402 5995.674
1.736 5667.281 5364.344 5999.92
1.739 5671.344 5368.318 6004.182
1.742 5675.408 5372.322 6008.448
1.745 5679.473 5376.229 6012.659
1.748 5683.539 5380.136 6016.968
1.751 5687.605 5384.116 6021.262
1.754 5691.673 5388.047 6025.544
1.757 5695.742 5392.1 6029.827
1.761 5699.812 5396.083 6034.261
1.764 5703.884 5400.07 6038.428
1.767 5707.956 5404.128 6042.73
1.77 5712.03 5408.1 6047.067
1.773 5716.104 5411.984 6051.378
1.776 5720.181 5415.955 6055.642
1.779 5724.258 5419.892 6059.972
1.783 5728.336 5423.832 6064.222
1.786 5732.416 5427.867 6068.591
1.789 5736.498 5431.766 6072.872
1.792 5740.58 5435.691 6077.139
1.795 5744.665 5439.622 6081.454
1.799 5748.75 5443.646 6085.775
1.802 5752.837 5447.596 6090.067
1.805 5756.926 5451.55 6094.283
1.808 5761.016 5455.451 6098.562
1.812 5765.107 5459.37 6102.875
1.815 5769.2 5463.346 6107.202
1.818 5773.295 5467.32 6111.485
1.821 5777.391 5471.256 6115.803
1.825 5781.489 5475.234 6120.134
1.828 5785.589 5479.119 6124.471
1.832 5789.69 5483.156 6128.861
1.835 5793.794 5487.104 6133.154
1.838 5797.898 5491.1 6137.411
1.842 5802.005 5495.085 6141.671
1.845 5806.114 5499.025 6146.006
1.848 5810.224 5503.009 6150.371
1.852 5814.336 5507.013 6154.763
1.855 5818.45 5510.986 6159.087
1.859 5822.566 5514.942 6163.336
1.862 5826.684 5518.908 6167.7
1.866 5830.804 5522.892 6172.019
1.869 5834.926 5526.911 6176.445
1.873 5839.05 5530.916 6180.813
1.876 5843.176 5534.941 6185.199
1.88 5847.304 5538.97 6189.584
1.883 5851.434 5542.966 6193.936
1.887 5855.566 5547.011 6198.289
1.89 5859.701 5551.015 6202.688
1.894 5863.837 5555.055 6207.162
1.898 5867.976 5559.078 6211.492
1.901 5872.117 5563.057 6215.917
1.905 5876.261 5567.042 6220.275
1.908 5880.407 5571.098 6224.671
1.912 5884.555 5575.108 6229.087
1.916 5888.705 5579.175 6233.463
1.919 5892.858 5583.177 6237.815
1.923 5897.013 5587.183 6242.179
1.927 5901.171 5591.216 6246.522
1.931 5905.331 5595.284 6250.917
1.934 5909.494 5599.222 6255.31
1.938 5913.659 5603.264 6259.676
1.942 5917.826 5607.295 6264.106
1.946 5921.997 5611.274 6268.456
1.949 5926.17 5615.302 6272.956
1.953 5930.345 5619.354 6277.327
1.957 5934.523 5623.393 6281.62
1.961 5938.704 5627.424 6286.098
1.965 5942.888 5631.522 6290.448
1.969 5947.074 5635.537 6294.854
1.972 5951.263 5639.599 6299.292
1.976 5955.455 5643.614 6303.872
1.98 5959.65 5647.732 6308.23
1.984 5963.848 5651.791 6312.669
1.988 5968.048 5655.868 6317.126
1.992 5972.252 5659.943 6321.548
1.996 5976.458 5664.029 6326.008
2 5980.668 5668.136 6330.498
2.004 5984.88 5672.251 6334.913
2.008 5989.095 5676.318 6339.362
2.012 5993.314 5680.396 6343.862
2.016 5997.536 5684.504 6348.306
2.02 6001.76 5688.587 6352.763
2.024 6005.988 5692.729 6357.25
2.028 6010.219 5696.77 6361.761
2.033 6014.454 5700.862 6366.269
2.037 6018.691 5704.903 6370.751
2.041 6022.932 5708.896 6375.273
2.045 6027.176 5712.887 6379.796
2.049 6031.424 5717.024 6384.312
2.053 6035.675 5721.084 6388.847
2.058 6039.929 5725.199 6393.378
2.062 6044.187 5729.326 6397.826
2.066 6048.448 5733.374 6402.388
2.07 6052.712 5737.437 6406.915
2.075 6056.98 5741.516 6411.458
2.079 6061.252 5745.626 6416.003
2.083 6065.527 5749.718 6420.567
2.088 6069.806 5753.89 6425.07
2.092 6074.089 5758.062 6429.597
2.096 6078.375 5762.164 6434.056
2.101 6082.665 5766.309 6438.509
2.105 6086.958 5770.378 6443.079
2.11 6091.256 5774.51 6447.636
2.114 6095.557 5778.631 6452.174
2.119 6099.862 5782.791 6456.727
2.123 6104.171 5786.877 6461.234
2.128 6108.484 5791.028 6465.869
2.132 6112.8 5795.222 6470.449
2.137 6117.121 5799.352 6474.997
2.141 6121.446 5803.554 6479.504
2.146 6125.774 5807.677 6484.019
2.151 6130.107 5811.886 6488.7
2.155 6134.444 5816.135 6493.279
2.16 6138.785 5820.302 6498.017
2.165 6143.13 5824.617 6502.644
2.169 6147.479 5828.787 6507.286
2.174 6151.832 5832.903 6511.858
2.179 6156.19 5837.039 6516.495
2.183 6160.552 5841.169 6521.097
2.188 6164.919 5845.346 6525.642
2.193 6169.289 5849.513 6530.325
2.198 6173.664 5853.723 6534.863
2.203 6178.044 5857.964 6539.482
2.208 6182.428 5862.148 6544.14
2.212 6186.816 5866.34 6548.792
2.217 6191.209 5870.58 6553.411
2.222 6195.607 5874.785 6558.102
2.227 6200.009 5878.979 6562.776
2.232 6204.415 5883.186 6567.49
2.237 6208.827 5887.406 6572.18
2.242 6213.243 5891.601 6576.866
2.247 6217.664 5895.872 6581.562
2.252 6222.089 5900.178 6586.186
2.257 6226.52 5904.387 6590.888
2.262 6230.955 5908.662 6595.615
2.268 6235.395 5912.913 6600.358
2.273 6239.84 5917.196 6605.149
2.278 6244.29 5921.521 6609.854
2.283 6248.745 5925.811 6614.559
2.288 6253.205 5930.045 6619.261
2.294 6257.67 5934.351 6623.98
2.299 6262.14 5938.581 6628.672
2.304 6266.615 5942.895 6633.375
2.309 6271.095 5947.153 6638.02
2.315 6275.581 5951.397 6642.796
2.32 6280.072 5955.576 6647.5
2.326 6284.568 5959.986 6652.303
2.331 6289.069 5964.247 6657.061
2.336 6293.576 5968.551 6661.838
2.342 6298.088 5972.813 6666.711
2.347 6302.606 5977.175 6671.536
2.353 6307.129 5981.493 6676.323
2.358 6311.658 5985.827 6681.152
2.364 6316.192 5990.124 6685.957
2.37 6320.731 5994.46 6690.78
2.375 6325.277 5998.783 6695.585
2.381 6329.828 6003.165 6700.352
2.387 6334.385 6007.552 6705.22
2.392 6338.947 6012.037 6710.153
2.398 6343.515 6016.398 6715
2.404 6348.09 6020.79 6719.916
2.41 6352.67 6025.226 6724.734
2.415 6357.256 6029.634 6729.597
2.421 6361.847 6034.009 6734.499
2.427 6366.445 6038.431 6739.334
2.433 6371.049 6042.758 6744.27
2.439 6375.659 6047.04 6749.229
2.445 6380.275 6051.39 6754.15
2.451 6384.898 6055.896 6759.093
2.457 6389.526 6060.347 6763.971
2.463 6394.161 6064.852 6768.938
2.469 6398.802 6069.247 6773.908
2.475 6403.449 6073.653 6778.787
2.481 6408.103 6078.124 6783.749
2.488 6412.763 6082.567 6788.718
2.494 6417.43 6087.006 6793.712
2.5 6422.103 6091.417 6798.653
2.506 6426.783 6095.842 6803.639
2.513 6431.469 6100.363 6808.682
2.519 6436.162 6104.833 6813.686
2.525 6440.862 6109.317 6818.667
2.532 6445.569 6113.814 6823.664
2.538 6450.282 6118.318 6828.75
2.545 6455.002 6122.857 6833.769
2.551 6459.729 6127.291 6838.817
2.558 6464.463 6131.815 6843.805
2.564 6469.204 6136.316 6848.921
2.571 6473.952 6140.839 6853.97
2.577 6478.707 6145.351 6859.046
2.584 6483.469 6149.807 6864.149
2.591 6488.238 6154.322 6869.242
2.597 6493.015 6158.859 6874.338
2.604 6497.798 6163.323 6879.38
2.611 6502.589 6167.925 6884.467
2.618 6507.388 6172.534 6889.624
2.625 6512.194 6177.18 6894.725
2.632 6517.007 6181.755 6899.843
2.639 6521.828 6186.384 6905.013
2.646 6526.657 6191.007 6910.209
2.653 6531.493 6195.59 6915.368
2.66 6536.336 6200.186 6920.486
2.667 6541.188 6204.841 6925.615
2.674 6546.047 6209.414 6930.711
2.681 6550.914 6214.026 6935.829
2.688 6555.789 6218.672 6940.959
2.695 6560.672 6223.296 6946.175
2.703 6565.563 6227.99 6951.398
2.71 6570.462 6232.646 6956.607
2.717 6575.369 6237.243 6961.817
2.725 6580.285 6241.984 6967.085
2.732 6585.208 6246.688 6972.374
2.74 6590.14 6251.408 6977.551
2.747 6595.08 6256.105 6982.782
2.755 6600.029 6260.697 6988.026
2.762 6604.986 6265.366 6993.416
2.77 6609.951 6270.06 6998.712
2.778 6614.925 6274.798 7004.041
2.786 6619.908 6279.485 7009.292
2.793 6624.899 6284.244 7014.691
2.801 6629.899 6289.018 7020.042
2.809 6634.908 6293.786 7025.389
2.817 6639.926 6298.533 7030.738
2.825 6644.952 6303.376 7036.029
2.833 6649.988 6308.14 7041.41
2.841 6655.033 6312.943 7046.897
2.849 6660.086 6317.817 7052.346
2.857 6665.149 6322.623 7057.663
2.865 6670.222 6327.457 7063.002
2.874 6675.303 6332.181 7068.405
2.882 6680.394 6337.03 7073.826
2.89 6685.494 6341.779 7079.313
2.899 6690.604 6346.616 7084.701
2.907 6695.723 6351.466 7090.138
2.915 6700.852 6356.304 7095.683
2.924 6705.991 6361.181 7101.215
2.933 6711.139 6366.074 7106.718
2.941 6716.297 6370.961 7112.207
2.95 6721.466 6375.832 7117.69
2.959 6726.644 6380.737 7123.191
2.967 6731.832 6385.619 7128.745
2.976 6737.03 6390.57 7134.271
2.985 6742.238 6395.493 7139.76
2.994 6747.457 6400.465 7145.323
3.003 6752.686 6405.4 7150.934
3.012 6757.925 6410.362 7156.536
3.021 6763.175 6415.314 7162.301
3.03 6768.435 6420.291 7167.875
3.04 6773.706 6425.243 7173.502
3.049 6778.988 6430.25 7179.067
3.058 6784.28 6435.301 7184.701
3.067 6789.583 6440.271 7190.258
3.077 6794.897 6445.249 7195.919
3.086 6800.222 6450.18 7201.64
3.096 6805.558 6455.22 7207.266
3.106 6810.906 6460.256 7213.097
3.115 6816.264 6465.261 7218.754
3.125 6821.634 6470.292 7224.472
3.135 6827.015 6475.372 7230.208
3.145 6832.408 6480.448 7235.945
3.155 6837.812 6485.487 7241.854
3.165 6843.228 6490.592 7247.599
3.175 6848.655 6495.722 7253.466
3.185 6854.094 6500.887 7259.313
3.195 6859.546 6505.984 7265.195
3.205 6865.009 6511.228 7271.059
3.215 6870.484 6516.435 7276.881
3.226 6875.971 6521.5 7282.787
3.236 6881.471 6526.703 7288.688
3.247 6886.983 6531.779 7294.654
3.257 6892.507 6537.034 7300.622
3.268 6898.044 6542.241 7306.538
3.279 6903.593 6547.498 7312.622
3.289 6909.155 6552.645 7318.586
3.3 6914.73 6557.869 7324.552
3.311 6920.318 6563.16 7330.551
3.322 6925.918 6568.456 7336.574
3.333 6931.532 6573.69 7342.461
3.344 6937.159 6578.99 7348.319
3.356 6942.799 6584.346 7354.311
3.367 6948.453 6589.702 7360.459
3.378 6954.119 6595.038 7366.488
3.39 6959.8 6600.358 7372.575
3.401 6965.494 6605.725 7378.635
3.413 6971.202 6611.097 7384.767
3.425 6976.924 6616.523 7390.877
3.436 6982.659 6621.965 7397.125
3.448 6988.409 6627.338 7403.349
3.46 6994.173 6632.851 7409.443
3.472 6999.951 6638.311 7415.554
3.484 7005.744 6643.746 7421.778
3.497 7011.551 6649.187 7428.111
3.509 7017.372 6654.641 7434.33
3.521 7023.209 6660.099 7440.551
3.534 7029.06 6665.547 7446.848
3.546 7034.926 6671.07 7453.188
3.559 7040.807 6676.615 7459.59
3.571 7046.703 6682.136 7465.976
3.584 7052.615 6687.733 7472.29
3.597 7058.542 6693.303 7478.63
3.61 7064.485 6698.941 7485.037
3.623 7070.443 6704.511 7491.554
3.636 7076.417 6710.126 7497.992
3.65 7082.407 6715.734 7504.462
3.663 7088.412 6721.421 7510.913
3.676 7094.435 6727.071 7517.522
3.69 7100.473 6732.857 7524.192
3.704 7106.527 6738.445 7530.79
3.717 7112.599 6744.167 7537.455
3.731 7118.687 6749.981 7543.996
3.745 7124.791 6755.721 7550.481
3.759 7130.913 6761.34 7557.213
3.774 7137.051 6767.094 7563.741
3.788 7143.207 6772.804 7570.345
3.802 7149.38 6778.498 7577.006
3.817 7155.571 6784.289 7583.634
3.831 7161.779 6790.062 7590.343
3.846 7168.005 6795.914 7597.156
3.861 7174.249 6801.742 7603.959
3.876 7180.511 6807.595 7610.795
3.891 7186.791 6813.508 7617.478
3.906 7193.09 6819.516 7624.402
3.922 7199.407 6825.365 7631.214
3.937 7205.743 6831.15 7638.164
3.953 7212.097 6837.14 7645.108
3.968 7218.471 6843.054 7652.033
3.984 7224.863 6848.959 7659.007
4 7231.275 6854.971 7666.017
4.016 7237.706 6860.92 7673.025
4.032 7244.157 6866.922 7680.084
4.049 7250.628 6872.966 7687.07
4.065 7257.118 6879.065 7694.127
4.082 7263.629 6885.053 7701.157
4.098 7270.16 6891.167 7708.232
4.115 7276.712 6897.307 7715.331
4.132 7283.284 6903.424 7722.451
4.149 7289.877 6909.625 7729.621
4.167 7296.49 6915.737 7736.883
4.184 7303.125 6921.709 7743.949
4.202 7309.782 6928 7751.227
4.219 7316.46 6934.191 7758.583
4.237 7323.159 6940.379 7765.787
4.255 7329.881 6946.818 7773.11
4.274 7336.625 6953.013 7780.43
4.292 7343.391 6959.333 7787.85
4.31 7350.179 6965.673 7795.307
4.329 7356.99 6971.939 7802.847
4.348 7363.825 6978.333 7810.155
4.367 7370.682 6984.714 7817.567
4.386 7377.562 6991.126 7825.122
4.405 7384.466 6997.519 7832.583
4.425 7391.394 7003.889 7840.102
4.444 7398.346 7010.348 7847.668
4.464 7405.322 7016.798 7855.18
4.484 7412.323 7023.202 7862.788
4.505 7419.348 7029.705 7870.402
4.525 7426.397 7036.333 7878.057
4.545 7433.472 7042.898 7885.689
4.566 7440.573 7049.5 7893.307
4.587 7447.699 7056.102 7900.94
4.608 7454.85 7062.686 7908.768
4.63 7462.028 7069.436 7916.551
4.651 7469.232 7076.025 7924.229
4.673 7476.463 7082.67 7932.142
4.695 7483.72 7089.397 7940.106
4.717 7491.004 7096.11 7947.875
4.739 7498.316 7102.821 7955.908
4.762 7505.655 7109.683 7964.084
4.785 7513.023 7116.432 7971.956
4.808 7520.418 7123.194 7980.078
4.831 7527.841 7130.019 7988.181
4.854 7535.294 7136.752 7996.261
4.878 7542.775 7143.608 8004.482
4.902 7550.286 7150.597 8012.748
4.926 7557.826 7157.54 8021.056
4.95 7565.396 7164.516 8029.348
4.975 7572.996 7171.519 8037.782
5 7580.626 7178.549 8046.23
5.025 7588.287 7185.703 8054.703
5.051 7595.98 7192.928 8063.189
5.076 7603.703 7199.994 8071.633
5.102 7611.459 7207.074 8080.052
5.128 7619.246 7214.191 8088.558
5.155 7627.066 7221.4 8097.309
5.181 7634.918 7228.653 8106.033
5.208 7642.803 7235.778 8114.729
5.236 7650.722 7243.046 8123.484
5.263 7658.675 7250.431 8132.34
5.291 7666.662 7257.746 8141.117
5.319 7674.683 7265.17 8150.103
5.348 7682.739 7272.612 8158.849
5.376 7690.83 7280.041 8167.754
5.405 7698.956 7287.436 8176.734
5.435 7707.119 7294.883 8185.681
5.464 7715.318 7302.364 8194.797
5.495 7723.554 7310.003 8203.94
5.525 7731.827 7317.542 8213.066
5.556 7740.138 7325.133 8222.149
5.587 7748.486 7332.736 8231.283
5.618 7756.873 7340.443 8240.488
5.65 7765.299 7348.154 8249.659
5.682 7773.765 7355.75 8259.028
5.714 7782.269 7363.534 8268.484
5.747 7790.815 7371.4 8278.009
5.78 7799.401 7379.222 8287.491
5.814 7808.028 7387.134 8297.235
5.848 7816.696 7395.037 8306.787
5.882 7825.407 7402.95 8316.463
5.917 7834.16 7410.916 8325.99
5.952 7842.957 7418.967 8335.96
5.988 7851.797 7427.019 8345.813
6.024 7860.681 7435.126 8355.416
6.061 7869.61 7443.179 8365.273
6.098 7878.584 7451.462 8375.241
6.135 7887.604 7459.669 8385.223
6.173 7896.67 7467.924 8395.389
6.211 7905.783 7476.144 8405.452
6.25 7914.944 7484.411 8415.721
6.289 7924.152 7492.729 8425.909
6.329 7933.41 7501.194 8436.232
6.369 7942.716 7509.743 8446.483
6.41 7952.073 7518.295 8457.165
6.452 7961.48 7526.782 8467.602
6.494 7970.938 7535.306 8478.163
6.536 7980.449 7544.038 8488.784
6.579 7990.011 7552.636 8499.63
6.623 7999.627 7561.165 8510.531
6.667 8009.297 7569.832 8521.325
6.711 8019.022 7578.627 8532.094
6.757 8028.802 7587.459 8543.055
6.803 8038.638 7596.464 8554.233
6.849 8048.531 7605.321 8565.436
6.897 8058.481 7614.246 8576.652
6.944 8068.49 7623.284 8587.855
6.993 8078.558 7632.222 8599.38
7.042 8088.687 7641.327 8610.779
7.092 8098.876 7650.516 8621.94
7.143 8109.127 7659.676 8633.551
7.194 8119.44 7669.025 8645.162
7.246 8129.817 7678.433 8656.918
7.299 8140.259 7687.686 8668.631
7.353 8150.766 7697.202 8680.59
7.407 8161.339 7706.62 8692.489
7.463 8171.98 7716.187 8704.552
7.519 8182.688 7726.038 8716.56
7.576 8193.466 7735.654 8728.921
7.634 8204.315 7745.384 8741.443
7.692 8215.235 7755.244 8753.858
7.752 8226.227 7765.077 8766.277
7.812 8237.293 7775.114 8778.782
7.874 8248.434 7784.964 8791.522
7.937 8259.651 7794.903 8804.272
8 8270.944 7804.927 8817.108
8.065 8282.316 7815.165 8829.971
8.13 8293.768 7825.42 8843.055
8.197 8305.3 7835.727 8856.294
8.264 8316.915 7845.994 8869.521
8.333 8328.613 7856.352 8882.606
8.403 8340.396 7866.977 8896.045
8.475 8352.265 7877.501 8909.521
8.547 8364.222 7888.059 8923.156
8.621 8376.268 7898.88 8937.077
8.696 8388.405 7909.565 8950.902
8.772 8400.634 7920.27 8964.948
8.85 8412.957 7931.193 8979.162
8.929 8425.376 7942.139 8993.608
9.009 8437.891 7953.138 9007.996
9.091 8450.506 7964.18 9022.66
9.174 8463.221 7975.333 9037.452
9.259 8476.039 7986.666 9052.183
9.346 8488.961 7998.132 9066.952
9.434 8501.989 8009.645 9082.018
9.524 8515.125 8021.234 9097.316
9.615 8528.372 8032.77 9112.296
9.709 8541.732 8044.365 9127.687
9.804 8555.205 8056.229 9143.419
9.901 8568.796 8068.214 9159.223
10 8582.505 8080.323 9175.261
10.101 8596.336 8092.474 9191.418
10.204 8610.29 8104.775 9207.664
10.309 8624.371 8117.133 9224.178
10.417 8638.581 8129.563 9240.636
10.526 8652.922 8142.166 9257.418
10.638 8667.397 8154.686 9274.238
10.753 8682.009 8167.411 9291.31
10.87 8696.761 8180.298 9308.546
10.989 8711.656 8193.115 9326.021
11.111 8726.697 8206.197 9343.408
11.236 8741.887 8219.271 9361.209
11.364 8757.229 8232.515 9379.148
11.494 8772.727 8246.149 9397.437
11.628 8788.384 8259.719 9415.729
11.765 8804.205 8273.568 9434.485
11.905 8820.192 8287.471 9453.04
12.048 8836.35 8301.474 9471.701
12.195 8852.682 8315.637 9490.69
12.346 8869.193 8329.926 9510.257
12.5 8885.888 8344.313 9530.1
12.658 8902.77 8358.991 9550.158
12.821 8919.844 8373.763 9570.437
12.987 8937.116 8388.765 9590.525
13.158 8954.59 8403.879 9611.399
13.333 8972.271 8419.141 9632.608
13.514 8990.165 8434.564 9654.061
13.699 9008.278 8450.198 9675.79
13.889 9026.615 8465.935 9697.491
14.085 9045.182 8481.901 9719.84
14.286 9063.987 8498.315 9742.372
14.493 9083.035 8514.705 9765.342
14.706 9102.333 8531.123 9788.505
14.925 9121.889 8547.905 9812.116
15.152 9141.711 8564.881 9835.988
15.385 9161.805 8581.855 9860.173
15.625 9182.181 8599.271 9884.241
15.873 9202.847 8616.841 9909.693
16.129 9223.811 8634.588 9935.279
16.393 9245.085 8652.515 9961.153
16.667 9266.676 8670.875 9987.511
16.949 9288.597 8689.032 10014.074
17.241 9310.857 8707.618 10041.07
17.544 9333.469 8726.762 10069.236
17.857 9356.444 8746.074 10097.246
18.182 9379.795 8765.79 10126.003
18.519 9403.535 8785.352 10154.691
18.868 9427.68 8805.867 10184.322
19.231 9452.243 8826.32 10214.189
19.608 9477.24 8846.89 10244.978
20 9502.689 8868.034 10276.438
20.408 9528.606 8889.349 10308.963
20.833 9555.012 8911.189 10341.355
21.277 9581.925 8933.542 10374.72
21.739 9609.367 8956.071 10409.209
22.222 9637.36 8979.008 10444.418
22.727 9665.929 9002.576 10480.626
23.256 9695.1 9026.291 10517.519
23.81 9724.899 9050.832 10555.017
24.39 9755.356 9075.9 10593.27
25 9786.504 9101.114 10632.126
25.641 9818.375 9126.877 10672.254
26.316 9851.006 9153.093 10714.263
27.027 9884.437 9180.096 10756.594
27.778 9918.711 9207.902 10800.83
28.571 9953.873 9236.22 10845.71
29.412 9989.973 9265.249 10892.624
30.303 10027.066 9295.213 10939.917
31.25 10065.211 9325.526 10989.17
32.258 10104.473 9357.128 11040.241
33.333 10144.923 9389.346 11091.974
34.483 10186.64 9422.202 11146.564
35.714 10229.709 9456.575 11202.448
37.037 10274.226 9491.521 11261.294
38.462 10320.297 9527.508 11321.331
40 10368.04 9564.5 11383.632
41.667 10417.589 9602.79 11449.295
43.478 10469.091 9642.702 11518.426
45.455 10522.716 9683.569 11590.087
47.619 10578.655 9726.142 11665.026
50 10637.127 9770.856 11742.859
52.632 10698.384 9817.307 11825.572
55.556 10762.718 9865.986 11912.62
58.824 10830.471 9917.24 12004.767
62.5 10902.045 9970.392 12102.378
66.667 10977.917 10027.45 12206.837
71.429 11058.663 10087.111 12319.675
76.923 11144.984 10151.016 12440.067
83.333 11237.743 10219.048 12569.726
90.909 11338.028 10291.318 12710.851
100 11447.23 10369.757 12866.266
111.111 11567.169 10455.176 13040.075
125 11700.298 10548.597 13234.274
142.857 11850.03 10652.584 13452.816
166.667 12021.33 10770.007 13707.53
200 12221.824 10904.597 14010.291
250 12464.16 11064.137 14382.969
333.333 12771.743 11262.631 14866.169
500 13196.251 11530.662 15549.155
1000 13898.435 11948.45 16731.89
1111.111 14002.647 12007.603 16913.826
1250 14118.374 12074.045 17118.675
1428.571 14248.598 12146.854 17349.941
1666.667 14397.651 12229.386 17617.155
2000 14572.192 12323.959 17937.336
2500 14783.258 12436.495 18329.428
3333.333 15051.282 12577.123 18839.365
5000 15421.372 12764.402 19563.267
10000 16033.84 13057.835 20821.479
