"Pr" "Mp" "Q_2" "Q_9"
1.01 3042.528 2632.218 3377.638
1.011 3073.324 2668.245 3406.309
1.012 3101.983 2701.819 3432.892
1.013 3128.826 2733.4 3457.933
1.014 3154.102 2762.932 3481.479
1.015 3178.011 2790.622 3503.958
1.016 3200.719 2817.029 3525.253
1.017 3222.358 2842.12 3545.433
1.018 3243.043 2866.134 3564.858
1.019 3262.869 2889.102 3583.326
1.02 3281.918 2910.897 3601.093
1.021 3300.258 2932.088 3618.414
1.022 3317.953 2952.346 3635.068
1.024 3335.053 2972.148 3651.183
1.025 3351.606 2991.088 3666.658
1.026 3367.654 3009.676 3681.873
1.027 3383.231 3027.506 3696.645
1.028 3398.373 3044.692 3710.977
1.029 3413.106 3061.547 3724.776
1.03 3427.459 3077.905 3738.296
1.031 3441.454 3094.002 3751.456
1.032 3455.114 3109.548 3764.472
1.033 3468.457 3124.726 3777.197
1.034 3481.502 3139.535 3789.693
1.035 3494.265 3154.104 3801.765
1.036 3506.761 3168.291 3813.665
1.037 3519.004 3182.374 3825.437
1.038 3531.007 3196.01 3837.019
1.04 3542.781 3209.284 3848.266
1.041 3554.338 3222.201 3859.237
1.042 3565.687 3235.014 3870.228
1.043 3576.838 3247.589 3880.905
1.044 3587.8 3260.019 3891.247
1.045 3598.58 3272.149 3901.604
1.046 3609.188 3284.17 3911.784
1.047 3619.629 3296.082 3921.918
1.048 3629.91 3307.661 3931.742
1.049 3640.038 3318.903 3941.5
1.05 3650.019 3329.955 3951.125
1.052 3659.858 3340.909 3960.643
1.053 3669.561 3351.856 3969.995
1.054 3679.132 3362.465 3979.22
1.055 3688.576 3373.016 3988.285
1.056 3697.899 3383.489 3997.412
1.057 3707.102 3393.82 4006.354
1.058 3716.192 3403.99 4015.186
1.059 3725.172 3414.088 4023.967
1.06 3734.045 3424.041 4032.509
1.062 3742.814 3433.926 4040.923
1.063 3751.484 3443.542 4049.386
1.064 3760.056 3453.045 4057.593
1.065 3768.534 3462.405 4065.792
1.066 3776.922 3471.871 4074.014
1.067 3785.221 3481.065 4082.067
1.068 3793.433 3490.177 4090.068
1.07 3801.563 3499.317 4097.945
1.071 3809.611 3508.267 4105.601
1.072 3817.581 3517.041 4113.327
1.073 3825.474 3525.738 4120.94
1.074 3833.292 3534.397 4128.666
1.075 3841.037 3542.993 4136.214
1.076 3848.712 3551.586 4143.674
1.078 3856.318 3559.948 4151.078
1.079 3863.857 3568.254 4158.578
1.08 3871.331 3576.516 4165.865
1.081 3878.741 3584.672 4173.119
1.082 3886.088 3592.84 4180.351
1.083 3893.375 3600.875 4187.4
1.085 3900.603 3608.87 4194.514
1.086 3907.773 3616.747 4201.661
1.087 3914.886 3624.549 4208.656
1.088 3921.944 3632.298 4215.556
1.089 3928.948 3639.977 4222.433
1.091 3935.9 3647.653 4229.285
1.092 3942.8 3655.318 4236.058
1.093 3949.649 3662.781 4242.943
1.094 3956.45 3670.149 4249.545
1.095 3963.202 3677.648 4256.182
1.096 3969.907 3685.132 4262.755
1.098 3976.565 3692.421 4269.334
1.099 3983.179 3699.635 4275.83
1.1 3989.748 3706.779 4282.265
1.101 3996.274 3713.937 4288.684
1.103 4002.758 3720.994 4295.073
1.104 4009.199 3727.986 4301.317
1.105 4015.601 3734.993 4307.597
1.106 4021.962 3741.93 4313.842
1.107 4028.283 3748.79 4320.087
1.109 4034.567 3755.663 4326.308
1.11 4040.812 3762.439 4332.464
1.111 4047.021 3769.218 4338.681
1.112 4053.193 3775.925 4344.808
1.114 4059.33 3782.512 4350.833
1.115 4065.432 3789.198 4356.942
1.116 4071.499 3795.758 4363.016
1.117 4077.533 3802.221 4368.963
1.119 4083.534 3808.711 4374.89
1.12 4089.502 3815.214 4380.761
1.121 4095.438 3821.67 4386.68
1.122 4101.343 3828.008 4392.551
1.124 4107.217 3834.249 4398.302
1.125 4113.061 3840.422 4404.026
1.126 4118.875 3846.752 4409.76
1.127 4124.659 3852.969 4415.403
1.129 4130.415 3859.169 4421.078
1.13 4136.143 3865.325 4426.821
1.131 4141.843 3871.591 4432.425
1.133 4147.516 3877.78 4438.03
1.134 4153.161 3883.743 4443.644
1.135 4158.78 3889.749 4449.228
1.136 4164.374 3895.84 4454.784
1.138 4169.941 3901.767 4460.284
1.139 4175.483 3907.729 4465.818
1.14 4181.001 3913.587 4471.297
1.142 4186.494 3919.544 4476.756
1.143 4191.963 3925.42 4482.1
1.144 4197.409 3931.233 4487.428
1.145 4202.831 3937.102 4492.817
1.147 4208.23 3942.922 4498.109
1.148 4213.606 3948.621 4503.368
1.149 4218.961 3954.433 4508.707
1.151 4224.293 3960.184 4514.07
1.152 4229.604 3965.805 4519.384
1.153 4234.893 3971.597 4524.689
1.155 4240.162 3977.323 4529.976
1.156 4245.41 3982.908 4535.145
1.157 4250.638 3988.488 4540.38
1.159 4255.845 3994.165 4545.469
1.16 4261.033 3999.721 4550.675
1.161 4266.201 4005.303 4555.856
1.163 4271.35 4010.753 4560.96
1.164 4276.481 4016.216 4566.128
1.166 4281.592 4021.66 4571.186
1.167 4286.685 4027.091 4576.21
1.168 4291.76 4032.476 4581.253
1.17 4296.817 4037.795 4586.197
1.171 4301.857 4043.183 4591.249
1.172 4306.879 4048.6 4596.237
1.174 4311.884 4053.926 4601.265
1.175 4316.872 4059.239 4606.222
1.176 4321.843 4064.533 4611.274
1.178 4326.798 4069.647 4616.224
1.179 4331.736 4074.89 4621.102
1.181 4336.659 4080.077 4626.036
1.182 4341.565 4085.325 4631.015
1.183 4346.456 4090.553 4635.966
1.185 4351.332 4095.775 4640.813
1.186 4356.192 4100.951 4645.678
1.188 4361.038 4106.109 4650.48
1.189 4365.868 4111.216 4655.269
1.19 4370.684 4116.277 4660.105
1.192 4375.486 4121.384 4664.946
1.193 4380.273 4126.402 4669.793
1.195 4385.046 4131.458 4674.642
1.196 4389.805 4136.503 4679.41
1.198 4394.551 4141.556 4684.199
1.199 4399.283 4146.614 4688.909
1.2 4404.002 4151.592 4693.598
1.202 4408.707 4156.603 4698.246
1.203 4413.4 4161.597 4702.95
1.205 4418.079 4166.516 4707.682
1.206 4422.746 4171.443 4712.299
1.208 4427.4 4176.347 4716.951
1.209 4432.042 4181.18 4721.617
1.211 4436.672 4186.06 4726.297
1.212 4441.289 4190.893 4730.889
1.214 4445.895 4195.801 4735.482
1.215 4450.489 4200.695 4740.055
1.217 4455.071 4205.558 4744.687
1.218 4459.642 4210.424 4749.3
1.22 4464.201 4215.229 4753.907
1.221 4468.749 4219.991 4758.479
1.222 4473.286 4224.789 4763.096
1.224 4477.811 4229.562 4767.691
1.225 4482.326 4234.293 4772.272
1.227 4486.831 4238.978 4776.834
1.229 4491.324 4243.68 4781.329
1.23 4495.808 4248.4 4785.848
1.232 4500.281 4253.13 4790.401
1.233 4504.743 4257.817 4794.815
1.235 4509.196 4262.55 4799.365
1.236 4513.638 4267.195 4803.799
1.238 4518.071 4271.857 4808.239
1.239 4522.494 4276.524 4812.74
1.241 4526.907 4281.271 4817.143
1.242 4531.311 4285.887 4821.534
1.244 4535.706 4290.535 4825.955
1.245 4540.091 4295.122 4830.44
1.247 4544.467 4299.746 4834.827
1.248 4548.833 4304.405 4839.255
1.25 4553.191 4309.013 4843.602
1.252 4557.54 4313.578 4847.993
1.253 4561.88 4318.084 4852.373
1.255 4566.212 4322.576 4856.719
1.256 4570.534 4327.152 4861.183
1.258 4574.849 4331.721 4865.497
1.259 4579.155 4336.228 4869.804
1.261 4583.452 4340.686 4874.127
1.263 4587.742 4345.142 4878.502
1.264 4592.023 4349.528 4882.861
1.266 4596.297 4354.042 4887.148
1.267 4600.562 4358.504 4891.395
1.269 4604.82 4363.039 4895.716
1.271 4609.069 4367.466 4900.001
1.272 4613.312 4371.859 4904.317
1.274 4617.546 4376.165 4908.564
1.276 4621.773 4380.582 4912.908
1.277 4625.993 4384.975 4917.199
1.279 4630.206 4389.377 4921.403
1.28 4634.411 4393.783 4925.684
1.282 4638.609 4398.172 4929.899
1.284 4642.8 4402.555 4934.093
1.285 4646.984 4406.895 4938.34
1.287 4651.161 4411.192 4942.555
1.289 4655.331 4415.603 4946.769
1.29 4659.494 4419.905 4950.924
1.292 4663.651 4424.322 4955.199
1.294 4667.801 4428.671 4959.358
1.295 4671.945 4433.044 4963.533
1.297 4676.082 4437.382 4967.736
1.299 4680.213 4441.646 4971.938
1.3 4684.337 4446.036 4976.073
1.302 4688.455 4450.284 4980.266
1.304 4692.567 4454.603 4984.412
1.305 4696.673 4458.837 4988.564
1.307 4700.773 4463.117 4992.733
1.309 4704.867 4467.463 4996.857
1.311 4708.955 4471.67 5001.032
1.312 4713.037 4475.866 5005.122
1.314 4717.114 4480.082 5009.249
1.316 4721.185 4484.351 5013.339
1.318 4725.25 4488.614 5017.481
1.319 4729.309 4492.853 5021.549
1.321 4733.363 4497.089 5025.699
1.323 4737.412 4501.326 5029.784
1.325 4741.455 4505.541 5033.901
1.326 4745.493 4509.699 5037.96
1.328 4749.525 4513.8 5042.04
1.33 4753.553 4517.955 5046.096
1.332 4757.575 4522.123 5050.193
1.333 4761.592 4526.257 5054.307
1.335 4765.604 4530.438 5058.326
1.337 4769.611 4534.657 5062.335
1.339 4773.613 4538.788 5066.376
1.34 4777.611 4542.848 5070.374
1.342 4781.603 4546.885 5074.489
1.344 4785.591 4550.988 5078.564
1.346 4789.574 4555.04 5082.583
1.348 4793.553 4559.137 5086.591
1.35 4797.527 4563.22 5090.688
1.351 4801.496 4567.307 5094.626
1.353 4805.461 4571.379 5098.636
1.355 4809.422 4575.399 5102.638
1.357 4813.378 4579.468 5106.627
1.359 4817.33 4583.497 5110.613
1.361 4821.277 4587.583 5114.575
1.362 4825.22 4591.65 5118.596
1.364 4829.16 4595.782 5122.62
1.366 4833.095 4599.777 5126.615
1.368 4837.026 4603.779 5130.605
1.37 4840.953 4607.789 5134.615
1.372 4844.876 4611.776 5138.586
1.374 4848.795 4615.814 5142.553
1.376 4852.71 4619.837 5146.504
1.377 4856.622 4623.845 5150.462
1.379 4860.529 4627.832 5154.507
1.381 4864.433 4631.901 5158.478
1.383 4868.334 4635.86 5162.387
1.385 4872.23 4639.825 5166.317
1.387 4876.123 4643.809 5170.308
1.389 4880.013 4647.773 5174.211
1.391 4883.899 4651.782 5178.141
1.393 4887.782 4655.752 5182.014
1.395 4891.661 4659.774 5185.984
1.397 4895.536 4663.775 5189.959
1.399 4899.409 4667.793 5193.853
1.401 4903.278 4671.816 5197.749
1.403 4907.144 4675.797 5201.676
1.404 4911.007 4679.69 5205.549
1.406 4914.867 4683.654 5209.467
1.408 4918.723 4687.593 5213.407
1.41 4922.576 4691.594 5217.306
1.412 4926.427 4695.52 5221.281
1.414 4930.274 4699.409 5225.188
1.416 4934.119 4703.373 5229.08
1.418 4937.96 4707.345 5232.966
1.42 4941.799 4711.338 5236.898
1.422 4945.635 4715.302 5240.81
1.425 4949.468 4719.262 5244.71
1.427 4953.299 4723.098 5248.577
1.429 4957.126 4727.009 5252.537
1.431 4960.951 4730.913 5256.385
1.433 4964.774 4734.88 5260.311
1.435 4968.593 4738.826 5264.193
1.437 4972.411 4742.745 5268.053
1.439 4976.225 4746.631 5271.974
1.441 4980.038 4750.489 5275.815
1.443 4983.848 4754.393 5279.664
1.445 4987.655 4758.269 5283.596
1.447 4991.46 4762.147 5287.391
1.449 4995.263 4766.038 5291.233
1.451 4999.063 4770.015 5295.099
1.453 5002.861 4773.853 5298.919
1.456 5006.657 4777.694 5302.754
1.458 5010.451 4781.473 5306.624
1.46 5014.243 4785.288 5310.499
1.462 5018.032 4789.137 5314.301
1.464 5021.82 4792.948 5318.118
1.466 5025.605 4796.822 5322.002
1.468 5029.389 4800.695 5325.888
1.471 5033.17 4804.566 5329.713
1.473 5036.949 4808.394 5333.539
1.475 5040.727 4812.205 5337.366
1.477 5044.503 4816.037 5341.228
1.479 5048.277 4819.867 5345.019
1.481 5052.049 4823.73 5348.892
1.484 5055.819 4827.552 5352.717
1.486 5059.588 4831.437 5356.6
1.488 5063.354 4835.302 5360.404
1.49 5067.12 4839.103 5364.249
1.493 5070.883 4842.95 5368.109
1.495 5074.645 4846.711 5371.891
1.497 5078.405 4850.501 5375.744
1.499 5082.164 4854.305 5379.602
1.502 5085.922 4858.061 5383.465
1.504 5089.677 4861.816 5387.238
1.506 5093.432 4865.605 5391.1
1.508 5097.185 4869.43 5394.9
1.511 5100.936 4873.264 5398.693
1.513 5104.686 4877.097 5402.526
1.515 5108.435 4880.84 5406.299
1.517 5112.183 4884.658 5410.093
1.52 5115.929 4888.434 5413.892
1.522 5119.674 4892.239 5417.746
1.524 5123.418 4895.981 5421.544
1.527 5127.161 4899.73 5425.358
1.529 5130.903 4903.532 5429.168
1.531 5134.643 4907.315 5432.993
1.534 5138.383 4911.125 5436.826
1.536 5142.121 4914.924 5440.648
1.538 5145.858 4918.71 5444.448
1.541 5149.595 4922.503 5448.282
1.543 5153.33 4926.261 5452.123
1.546 5157.064 4930.054 5455.946
1.548 5160.798 4933.804 5459.74
1.55 5164.531 4937.564 5463.524
1.553 5168.262 4941.368 5467.354
1.555 5171.994 4945.09 5471.086
1.558 5175.724 4948.819 5474.865
1.56 5179.453 4952.557 5478.699
1.563 5183.182 4956.348 5482.508
1.565 5186.91 4960.027 5486.242
1.567 5190.637 4963.793 5490.11
1.57 5194.364 4967.534 5493.9
1.572 5198.09 4971.249 5497.702
1.575 5201.816 4975.034 5501.545
1.577 5205.541 4978.823 5505.391
1.58 5209.265 4982.516 5509.175
1.582 5212.989 4986.226 5512.976
1.585 5216.712 4989.978 5516.865
1.587 5220.435 4993.745 5520.678
1.59 5224.158 4997.553 5524.475
1.592 5227.88 5001.3 5528.317
1.595 5231.602 5005.073 5532.148
1.597 5235.323 5008.819 5535.944
1.6 5239.044 5012.508 5539.784
1.603 5242.765 5016.226 5543.576
1.605 5246.486 5020.016 5547.443
1.608 5250.206 5023.782 5551.235
1.61 5253.926 5027.504 5555.037
1.613 5257.646 5031.194 5558.801
1.616 5261.366 5034.966 5562.596
1.618 5265.086 5038.74 5566.434
1.621 5268.805 5042.512 5570.269
1.623 5272.525 5046.313 5574.017
1.626 5276.244 5050.105 5577.834
1.629 5279.964 5053.831 5581.67
1.631 5283.683 5057.575 5585.493
1.634 5287.403 5061.388 5589.316
1.637 5291.122 5065.113 5593.066
1.639 5294.842 5068.788 5596.792
1.642 5298.561 5072.503 5600.635
1.645 5302.281 5076.272 5604.48
1.647 5306.001 5080.032 5608.255
1.65 5309.722 5083.748 5612.073
1.653 5313.442 5087.433 5615.869
1.656 5317.163 5091.2 5619.624
1.658 5320.884 5095.032 5623.451
1.661 5324.605 5098.772 5627.287
1.664 5328.326 5102.465 5631.076
1.667 5332.048 5106.254 5634.852
1.669 5335.77 5110.06 5638.752
1.672 5339.493 5113.773 5642.467
1.675 5343.216 5117.607 5646.258
1.678 5346.939 5121.249 5650.107
1.681 5350.663 5124.938 5653.922
1.684 5354.388 5128.643 5657.728
1.686 5358.113 5132.397 5661.533
1.689 5361.838 5136.168 5665.331
1.692 5365.564 5139.913 5669.116
1.695 5369.291 5143.624 5672.88
1.698 5373.018 5147.377 5676.661
1.701 5376.746 5151.161 5680.421
1.704 5380.475 5154.861 5684.269
1.706 5384.204 5158.562 5688.129
1.709 5387.934 5162.29 5692.01
1.712 5391.665 5166.005 5695.86
1.715 5395.396 5169.719 5699.626
1.718 5399.129 5173.458 5703.438
1.721 5402.862 5177.18 5707.313
1.724 5406.596 5180.919 5711.098
1.727 5410.331 5184.613 5714.909
1.73 5414.067 5188.397 5718.756
1.733 5417.803 5192.16 5722.565
1.736 5421.541 5195.833 5726.369
1.739 5425.279 5199.596 5730.196
1.742 5429.019 5203.329 5734.005
1.745 5432.76 5207.051 5737.79
1.748 5436.501 5210.817 5741.69
1.751 5440.244 5214.568 5745.546
1.754 5443.988 5218.267 5749.353
1.757 5447.733 5222.047 5753.187
1.761 5451.479 5225.753 5757.075
1.764 5455.226 5229.428 5760.933
1.767 5458.975 5233.199 5764.796
1.77 5462.724 5236.975 5768.679
1.773 5466.475 5240.723 5772.51
1.776 5470.227 5244.447 5776.386
1.779 5473.981 5248.208 5780.246
1.783 5477.735 5251.914 5784.054
1.786 5481.492 5255.608 5787.875
1.789 5485.249 5259.336 5791.777
1.792 5489.008 5263.052 5795.592
1.795 5492.768 5266.851 5799.373
1.799 5496.53 5270.605 5803.231
1.802 5500.293 5274.4 5807.08
1.805 5504.058 5278.031 5810.966
1.808 5507.824 5281.732 5814.819
1.812 5511.592 5285.504 5818.664
1.815 5515.361 5289.176 5822.537
1.818 5519.132 5292.921 5826.401
1.821 5522.904 5296.702 5830.247
1.825 5526.679 5300.469 5834.096
1.828 5530.454 5304.258 5837.953
1.832 5534.232 5307.996 5841.865
1.835 5538.011 5311.67 5845.787
1.838 5541.792 5315.397 5849.701
1.842 5545.575 5319.21 5853.633
1.845 5549.359 5322.987 5857.477
1.848 5553.146 5326.771 5861.324
1.852 5556.934 5330.54 5865.161
1.855 5560.724 5334.284 5869.041
1.859 5564.516 5338.049 5872.987
1.862 5568.31 5341.824 5876.783
1.866 5572.105 5345.583 5880.729
1.869 5575.903 5349.367 5884.595
1.873 5579.703 5353.165 5888.539
1.876 5583.505 5356.971 5892.464
1.88 5587.308 5360.689 5896.366
1.883 5591.114 5364.508 5900.325
1.887 5594.922 5368.293 5904.168
1.89 5598.732 5372.038 5908.051
1.894 5602.545 5375.765 5912.003
1.898 5606.359 5379.54 5915.883
1.901 5610.176 5383.323 5919.816
1.905 5613.994 5387.204 5923.735
1.908 5617.815 5390.986 5927.599
1.912 5621.639 5394.801 5931.475
1.916 5625.464 5398.548 5935.424
1.919 5629.292 5402.33 5939.372
1.923 5633.123 5406.171 5943.228
1.927 5636.955 5409.923 5947.18
1.931 5640.79 5413.762 5951.108
1.934 5644.628 5417.549 5955.103
1.938 5648.468 5421.353 5959.067
1.942 5652.31 5425.171 5963.014
1.946 5656.155 5428.933 5966.983
1.949 5660.003 5432.802 5970.9
1.953 5663.853 5436.582 5974.802
1.957 5667.705 5440.392 5978.738
1.961 5671.56 5444.249 5982.665
1.965 5675.418 5448.102 5986.665
1.969 5679.279 5451.901 5990.613
1.972 5683.142 5455.671 5994.529
1.976 5687.008 5459.507 5998.464
1.98 5690.877 5463.319 6002.395
1.984 5694.748 5467.092 6006.359
1.988 5698.622 5470.916 6010.317
1.992 5702.499 5474.738 6014.357
1.996 5706.379 5478.503 6018.324
2 5710.262 5482.238 6022.343
2.004 5714.148 5486.098 6026.333
2.008 5718.036 5489.912 6030.332
2.012 5721.928 5493.705 6034.415
2.016 5725.823 5497.544 6038.406
2.02 5729.72 5501.391 6042.434
2.024 5733.621 5505.252 6046.435
2.028 5737.525 5509.117 6050.498
2.033 5741.431 5512.947 6054.534
2.037 5745.341 5516.796 6058.505
2.041 5749.254 5520.653 6062.506
2.045 5753.171 5524.515 6066.464
2.049 5757.09 5528.431 6070.524
2.053 5761.013 5532.242 6074.574
2.058 5764.939 5536.123 6078.583
2.062 5768.868 5540.031 6082.583
2.066 5772.801 5543.999 6086.59
2.07 5776.737 5547.82 6090.605
2.075 5780.676 5551.678 6094.675
2.079 5784.619 5555.647 6098.648
2.083 5788.565 5559.599 6102.749
2.088 5792.514 5563.539 6106.705
2.092 5796.468 5567.471 6110.76
2.096 5800.424 5571.405 6114.771
2.101 5804.384 5575.296 6118.799
2.105 5808.348 5579.217 6122.806
2.11 5812.316 5583.116 6126.874
2.114 5816.287 5587.097 6130.964
2.119 5820.261 5591.066 6134.993
2.123 5824.24 5594.963 6139.169
2.128 5828.222 5598.893 6143.326
2.132 5832.208 5602.819 6147.482
2.137 5836.197 5606.774 6151.593
2.141 5840.191 5610.704 6155.763
2.146 5844.188 5614.655 6159.884
2.151 5848.189 5618.642 6163.987
2.155 5852.195 5622.556 6168.138
2.16 5856.204 5626.463 6172.28
2.165 5860.217 5630.429 6176.477
2.169 5864.234 5634.341 6180.535
2.174 5868.255 5638.319 6184.699
2.179 5872.28 5642.31 6188.796
2.183 5876.309 5646.279 6192.955
2.188 5880.343 5650.204 6197.065
2.193 5884.38 5654.271 6201.277
2.198 5888.422 5658.208 6205.447
2.203 5892.468 5662.151 6209.669
2.208 5896.518 5666.134 6213.873
2.212 5900.572 5670.149 6217.999
2.217 5904.631 5674.193 6222.212
2.222 5908.694 5678.175 6226.388
2.227 5912.762 5682.164 6230.58
2.232 5916.834 5686.108 6234.724
2.237 5920.91 5690.099 6238.97
2.242 5924.991 5694.221 6243.149
2.247 5929.077 5698.2 6247.464
2.252 5933.166 5702.267 6251.629
2.257 5937.261 5706.238 6255.794
2.262 5941.36 5710.297 6260.054
2.268 5945.464 5714.284 6264.297
2.273 5949.572 5718.344 6268.674
2.278 5953.686 5722.367 6272.914
2.283 5957.804 5726.426 6277.156
2.288 5961.926 5730.461 6281.432
2.294 5966.054 5734.565 6285.703
2.299 5970.186 5738.578 6289.985
2.304 5974.323 5742.699 6294.234
2.309 5978.466 5746.83 6298.557
2.315 5982.613 5750.907 6302.903
2.32 5986.765 5755.038 6307.241
2.326 5990.922 5759.175 6311.544
2.331 5995.085 5763.27 6315.886
2.336 5999.252 5767.399 6320.179
2.342 6003.424 5771.479 6324.565
2.347 6007.602 5775.582 6328.904
2.353 6011.785 5779.632 6333.246
2.358 6015.973 5783.75 6337.545
2.364 6020.167 5787.866 6341.846
2.37 6024.365 5792.001 6346.25
2.375 6028.569 5796.15 6350.522
2.381 6032.779 5800.236 6354.864
2.387 6036.994 5804.349 6359.206
2.392 6041.214 5808.473 6363.552
2.398 6045.44 5812.663 6367.951
2.404 6049.672 5816.834 6372.386
2.41 6053.909 5821.016 6376.804
2.415 6058.151 5825.21 6381.214
2.421 6062.4 5829.348 6385.627
2.427 6066.654 5833.503 6390.08
2.433 6070.914 5837.674 6394.548
2.439 6075.179 5841.844 6398.913
2.445 6079.451 5845.996 6403.321
2.451 6083.728 5850.257 6407.752
2.457 6088.011 5854.429 6412.231
2.463 6092.3 5858.559 6416.68
2.469 6096.595 5862.684 6421.096
2.475 6100.896 5866.961 6425.571
2.481 6105.204 5871.133 6430.035
2.488 6109.517 5875.304 6434.538
2.494 6113.836 5879.57 6438.96
2.5 6118.162 5883.743 6443.416
2.506 6122.494 5888.02 6447.837
2.513 6126.832 5892.28 6452.389
2.519 6131.177 5896.525 6456.899
2.525 6135.528 5900.809 6461.419
2.532 6139.885 5905.056 6465.981
2.538 6144.249 5909.27 6470.423
2.545 6148.619 5913.511 6474.903
2.551 6152.996 5917.775 6479.374
2.558 6157.379 5922.057 6483.954
2.564 6161.769 5926.341 6488.504
2.571 6166.166 5930.646 6493.101
2.577 6170.569 5934.913 6497.633
2.584 6174.979 5939.215 6502.19
2.591 6179.396 5943.525 6506.805
2.597 6183.82 5947.808 6511.371
2.604 6188.25 5952.201 6515.895
2.611 6192.688 5956.521 6520.465
2.618 6197.133 5960.876 6525.078
2.625 6201.585 5965.16 6529.62
2.632 6206.043 5969.532 6534.243
2.639 6210.509 5973.862 6538.826
2.646 6214.982 5978.139 6543.444
2.653 6219.463 5982.549 6548.073
2.66 6223.95 5986.944 6552.646
2.667 6228.445 5991.294 6557.312
2.674 6232.948 5995.742 6561.903
2.681 6237.458 6000.132 6566.62
2.688 6241.975 6004.544 6571.267
2.695 6246.5 6008.977 6575.884
2.703 6251.032 6013.395 6580.591
2.71 6255.572 6017.844 6585.315
2.717 6260.12 6022.235 6589.986
2.725 6264.676 6026.645 6594.762
2.732 6269.239 6031.154 6599.522
2.74 6273.81 6035.616 6604.252
2.747 6278.389 6040.065 6609.03
2.755 6282.976 6044.53 6613.82
2.762 6287.571 6049.015 6618.525
2.77 6292.174 6053.498 6623.27
2.778 6296.786 6057.979 6628.044
2.786 6301.405 6062.377 6632.87
2.793 6306.033 6066.837 6637.609
2.801 6310.668 6071.368 6642.452
2.809 6315.313 6075.855 6647.269
2.817 6319.965 6080.405 6651.954
2.825 6324.627 6084.895 6656.805
2.833 6329.296 6089.38 6661.653
2.841 6333.974 6093.919 6666.573
2.849 6338.661 6098.531 6671.296
2.857 6343.357 6103.094 6676.182
2.865 6348.061 6107.671 6681.071
2.874 6352.774 6112.24 6685.908
2.882 6357.496 6116.837 6690.776
2.89 6362.227 6121.39 6695.631
2.899 6366.967 6126.009 6700.569
2.907 6371.716 6130.633 6705.531
2.915 6376.474 6135.272 6710.553
2.924 6381.242 6139.905 6715.501
2.933 6386.018 6144.528 6720.507
2.941 6390.804 6149.106 6725.499
2.95 6395.6 6153.758 6730.515
2.959 6400.404 6158.437 6735.472
2.967 6405.218 6163.155 6740.525
2.976 6410.042 6167.792 6745.52
2.985 6414.876 6172.494 6750.483
2.994 6419.719 6177.112 6755.489
3.003 6424.572 6181.806 6760.541
3.012 6429.434 6186.524 6765.592
3.021 6434.307 6191.256 6770.631
3.03 6439.19 6195.958 6775.688
3.04 6444.083 6200.633 6780.795
3.049 6448.985 6205.361 6785.847
3.058 6453.898 6210.103 6790.939
3.067 6458.822 6214.89 6796.051
3.077 6463.755 6219.658 6801.182
3.086 6468.699 6224.457 6806.274
3.096 6473.654 6229.249 6811.409
3.106 6478.619 6234 6816.583
3.115 6483.595 6238.842 6821.759
3.125 6488.581 6243.607 6826.938
3.135 6493.578 6248.447 6832.149
3.145 6498.586 6253.286 6837.343
3.155 6503.606 6258.102 6842.493
3.165 6508.636 6262.941 6847.719
3.175 6513.677 6267.829 6852.856
3.185 6518.729 6272.692 6858.107
3.195 6523.793 6277.63 6863.267
3.205 6528.868 6282.569 6868.574
3.215 6533.954 6287.459 6873.822
3.226 6539.052 6292.463 6879.214
3.236 6544.161 6297.344 6884.527
3.247 6549.282 6302.207 6889.85
3.257 6554.415 6307.17 6895.064
3.268 6559.56 6312.182 6900.477
3.279 6564.717 6317.138 6905.885
3.289 6569.885 6322.192 6911.266
3.3 6575.066 6327.133 6916.692
3.311 6580.259 6332.095 6922.112
3.322 6585.464 6337.07 6927.494
3.333 6590.682 6342.104 6932.9
3.344 6595.912 6347.165 6938.32
3.356 6601.155 6352.146 6943.819
3.367 6606.41 6357.253 6949.263
3.378 6611.678 6362.352 6954.684
3.39 6616.959 6367.384 6960.179
3.401 6622.252 6372.472 6965.709
3.413 6627.559 6377.652 6971.231
3.425 6632.879 6382.791 6976.833
3.436 6638.212 6388.002 6982.407
3.448 6643.559 6393.131 6987.929
3.46 6648.919 6398.254 6993.563
3.472 6654.292 6403.432 6999.164
3.484 6659.679 6408.589 7004.736
3.497 6665.08 6413.75 7010.455
3.509 6670.495 6418.922 7016.069
3.521 6675.923 6424.12 7021.723
3.534 6681.366 6429.368 7027.34
3.546 6686.823 6434.642 7033.144
3.559 6692.294 6439.857 7038.861
3.571 6697.779 6445.044 7044.572
3.584 6703.279 6450.268 7050.35
3.597 6708.794 6455.583 7056.15
3.61 6714.323 6460.935 7061.997
3.623 6719.867 6466.265 7067.795
3.636 6725.426 6471.706 7073.659
3.65 6731 6477.062 7079.564
3.663 6736.59 6482.418 7085.297
3.676 6742.194 6487.879 7091.171
3.69 6747.814 6493.245 7097.038
3.704 6753.45 6498.667 7103.002
3.717 6759.101 6504.079 7108.865
3.731 6764.768 6509.567 7114.837
3.745 6770.451 6514.95 7120.742
3.759 6776.15 6520.39 7126.67
3.774 6781.865 6525.848 7132.729
3.788 6787.596 6531.366 7138.61
3.802 6793.344 6536.932 7144.524
3.817 6799.108 6542.418 7150.584
3.831 6804.89 6547.962 7156.584
3.846 6810.688 6553.485 7162.628
3.861 6816.502 6559.092 7168.776
3.876 6822.334 6564.717 7174.873
3.891 6828.184 6570.297 7181.008
3.906 6834.05 6575.93 7187.083
3.922 6839.935 6581.479 7193.159
3.937 6845.836 6587.104 7199.385
3.953 6851.756 6592.743 7205.593
3.968 6857.694 6598.414 7211.791
3.984 6863.65 6604.102 7217.908
4 6869.624 6609.745 7224.147
4.016 6875.616 6615.553 7230.362
4.032 6881.627 6621.294 7236.745
4.049 6887.657 6627.036 7243.179
4.065 6893.706 6632.846 7249.537
4.082 6899.774 6638.667 7255.949
4.098 6905.861 6644.456 7262.399
4.115 6911.967 6650.222 7268.814
4.132 6918.093 6655.951 7275.227
4.149 6924.239 6661.772 7281.706
4.167 6930.405 6667.69 7288.137
4.184 6936.59 6673.638 7294.529
4.202 6942.796 6679.587 7300.904
4.219 6949.023 6685.519 7307.553
4.237 6955.27 6691.49 7314.144
4.255 6961.537 6697.467 7320.695
4.274 6967.826 6703.382 7327.283
4.292 6974.136 6709.36 7333.951
4.31 6980.467 6715.412 7340.519
4.329 6986.82 6721.472 7347.173
4.348 6993.195 6727.647 7353.93
4.367 6999.591 6733.73 7360.56
4.386 7006.01 6739.867 7367.248
4.405 7012.45 6745.979 7374.057
4.425 7018.914 6752.169 7380.823
4.444 7025.4 6758.363 7387.707
4.464 7031.909 6764.578 7394.577
4.484 7038.441 6770.754 7401.501
4.505 7044.997 6777.003 7408.481
4.525 7051.576 6783.281 7415.394
4.545 7058.179 6789.576 7422.363
4.566 7064.806 6795.865 7429.268
4.587 7071.457 6802.124 7436.232
4.608 7078.133 6808.375 7443.333
4.63 7084.834 6814.732 7450.54
4.651 7091.559 6821.137 7457.736
4.673 7098.31 6827.484 7464.836
4.695 7105.086 6833.843 7471.965
4.717 7111.887 6840.297 7479.204
4.739 7118.715 6846.737 7486.27
4.762 7125.569 6853.252 7493.437
4.785 7132.449 6859.841 7500.699
4.808 7139.356 6866.361 7508.012
4.831 7146.29 6872.88 7515.278
4.854 7153.251 6879.402 7522.688
4.878 7160.239 6885.903 7530.041
4.902 7167.256 6892.559 7537.39
4.926 7174.3 6899.171 7544.78
4.95 7181.373 6905.807 7552.254
4.975 7188.474 6912.473 7559.905
5 7195.604 6919.221 7567.432
5.025 7202.764 6925.94 7574.858
5.051 7209.952 6932.677 7582.402
5.076 7217.171 6939.401 7590.077
5.102 7224.42 6946.274 7597.63
5.128 7231.699 6953.237 7605.358
5.155 7239.009 6959.994 7613.176
5.181 7246.35 6966.918 7621.021
5.208 7253.722 6973.884 7628.995
5.236 7261.126 6980.917 7636.753
5.263 7268.562 6987.901 7644.686
5.291 7276.03 6994.949 7652.545
5.319 7283.531 7001.918 7660.51
5.348 7291.066 7008.985 7668.452
5.376 7298.633 7015.964 7676.571
5.405 7306.235 7023.088 7684.562
5.435 7313.87 7030.196 7692.746
5.464 7321.54 7037.431 7700.803
5.495 7329.245 7044.609 7708.963
5.525 7336.986 7051.88 7717.275
5.556 7344.762 7059.107 7725.448
5.587 7352.574 7066.427 7733.85
5.618 7360.423 7073.775 7742.243
5.65 7368.309 7081.228 7750.674
5.682 7376.232 7088.693 7759.027
5.714 7384.192 7096.121 7767.553
5.747 7392.191 7103.599 7776.065
5.78 7400.229 7111.098 7784.696
5.814 7408.306 7118.614 7793.314
5.848 7416.422 7126.198 7802.009
5.882 7424.579 7133.914 7810.817
5.917 7432.775 7141.468 7819.636
5.952 7441.013 7149.036 7828.393
5.988 7449.293 7156.722 7837.336
6.024 7457.614 7164.535 7846.273
6.061 7465.978 7172.285 7855.333
6.098 7474.384 7180.097 7864.517
6.135 7482.835 7187.928 7873.693
6.173 7491.329 7195.797 7882.712
6.211 7499.868 7203.638 7891.939
6.25 7508.452 7211.656 7901.079
6.289 7517.082 7219.698 7910.36
6.329 7525.758 7227.641 7919.647
6.369 7534.481 7235.714 7928.876
6.41 7543.252 7243.88 7938.344
6.452 7552.07 7252.14 7947.764
6.494 7560.938 7260.347 7957.206
6.536 7569.854 7268.612 7966.716
6.579 7578.821 7276.948 7976.273
6.623 7587.838 7285.309 7985.919
6.667 7596.907 7293.797 7995.845
6.711 7606.027 7302.312 8005.792
6.757 7615.201 7310.743 8015.792
6.803 7624.427 7319.29 8025.681
6.849 7633.708 7327.835 8035.686
6.897 7643.044 7336.427 8045.769
6.944 7652.435 7345.106 8055.957
6.993 7661.883 7353.802 8066.097
7.042 7671.388 7362.601 8076.439
7.092 7680.951 7371.386 8086.883
7.143 7690.573 7380.209 8097.343
7.194 7700.254 7389.238 8107.71
7.246 7709.996 7398.172 8118.278
7.299 7719.799 7407.254 8128.931
7.353 7729.665 7416.349 8139.453
7.407 7739.593 7425.558 8150.088
7.463 7749.586 7434.796 8160.854
7.519 7759.644 7444.056 8171.85
7.576 7769.768 7453.258 8182.856
7.634 7779.959 7462.617 8193.915
7.692 7790.218 7472.035 8205.08
7.752 7800.546 7481.545 8216.397
7.812 7810.944 7491.153 8227.644
7.874 7821.413 7500.616 8239.041
7.937 7831.955 7510.271 8250.408
8 7842.57 7520.059 8262.134
8.065 7853.26 7529.827 8273.666
8.13 7864.026 7539.624 8285.385
8.197 7874.869 7549.631 8297.232
8.264 7885.79 7559.571 8309.251
8.333 7896.791 7569.563 8321.213
8.403 7907.873 7579.595 8333.302
8.475 7919.037 7589.637 8345.586
8.547 7930.284 7599.89 8357.982
8.621 7941.617 7610.2 8370.232
8.696 7953.036 7620.588 8382.836
8.772 7964.543 7631.013 8395.507
8.85 7976.14 7641.496 8408.274
8.929 7987.828 7652.16 8421.186
9.009 7999.609 7662.895 8434.361
9.091 8011.484 7673.681 8447.386
9.174 8023.455 7684.602 8460.496
9.259 8035.524 7695.592 8473.58
9.346 8047.693 7706.646 8486.846
9.434 8059.963 7717.897 8500.394
9.524 8072.336 7729.136 8514.153
9.615 8084.815 7740.524 8527.884
9.709 8097.401 7751.783 8541.946
9.804 8110.097 7763.308 8556.023
9.901 8122.904 7774.911 8570.194
10 8135.825 7786.572 8584.361
10.101 8148.861 7798.242 8598.855
10.204 8162.016 7809.931 8613.369
10.309 8175.292 7821.844 8628.415
10.417 8188.69 7833.794 8643.278
10.526 8202.214 7845.953 8658.517
10.638 8215.867 7858.229 8673.889
10.753 8229.65 7870.627 8689.097
10.87 8243.567 7883.149 8704.483
10.989 8257.621 7895.73 8720.107
11.111 8271.814 7908.584 8735.928
11.236 8286.15 7921.234 8751.87
11.364 8300.632 7934.12 8768.146
11.494 8315.263 7947.205 8784.695
11.628 8330.046 7960.427 8801.317
11.765 8344.985 7973.759 8818.037
11.905 8360.084 7987.371 8835.164
12.048 8375.346 8000.917 8852.383
12.195 8390.775 8014.611 8870.004
12.346 8406.375 8028.425 8887.212
12.5 8422.151 8042.389 8905.008
12.658 8438.107 8056.651 8922.696
12.821 8454.247 8070.96 8941.074
12.987 8470.575 8085.342 8959.459
13.158 8487.098 8099.98 8978.213
13.333 8503.819 8114.671 8997.271
13.514 8520.744 8129.572 9016.519
13.699 8537.879 8144.68 9035.853
13.889 8555.229 8159.931 9055.651
14.085 8572.799 8175.454 9075.82
14.286 8590.597 8191.001 9096.12
14.493 8608.629 8206.854 9116.945
14.706 8626.9 8222.944 9137.837
14.925 8645.419 8239.256 9158.887
15.152 8664.192 8255.575 9180.432
15.385 8683.228 8272.359 9202.325
15.625 8702.533 8289.313 9224.668
15.873 8722.117 8306.349 9247.265
16.129 8741.988 8323.667 9270.085
16.393 8762.155 8341.304 9293.342
16.667 8782.628 8359.12 9317.428
16.949 8803.417 8377.078 9341.544
17.241 8824.532 8395.35 9365.875
17.544 8845.985 8413.799 9390.999
17.857 8867.787 8432.604 9415.812
18.182 8889.951 8451.485 9441.68
18.519 8912.489 8470.844 9467.927
18.868 8935.416 8490.543 9494.743
19.231 8958.745 8510.586 9521.875
19.608 8982.492 8530.947 9549.789
20 9006.674 8551.498 9578.346
20.408 9031.306 8572.413 9607.325
20.833 9056.409 8593.575 9637.004
21.277 9082 8615.214 9667.334
21.739 9108.101 8637.263 9697.955
22.222 9134.733 8660.073 9729.199
22.727 9161.92 8682.976 9761.33
23.256 9189.686 8706.372 9794.512
23.81 9218.059 8730.145 9828.302
24.39 9247.066 8754.46 9863.019
25 9276.739 8779.276 9898.311
25.641 9307.111 8804.735 9934.899
26.316 9338.216 8830.791 9972.619
27.027 9370.093 8857.479 10011.746
27.778 9402.784 8885.089 10050.88
28.571 9436.333 8912.843 10091.42
29.412 9470.789 8941.4 10132.693
30.303 9506.204 8970.521 10175.983
31.25 9542.637 9000.818 10220.424
32.258 9580.151 9031.973 10266.53
33.333 9618.814 9063.597 10313.974
34.483 9658.702 9096.398 10363.044
35.714 9699.901 9130.152 10414.127
37.037 9742.502 9164.686 10466.32
38.462 9786.61 9200.396 10521.381
40 9832.339 9237.181 10577.95
41.667 9879.819 9275.162 10637.506
43.478 9929.195 9314.949 10699.421
45.455 9980.631 9356.136 10764.48
47.619 10034.316 9398.782 10832.281
50 10090.463 9443.664 10903.855
52.632 10149.318 9489.807 10979.016
55.556 10211.167 9538.167 11058.469
58.824 10276.345 9589.267 11141.684
62.5 10345.245 9642.648 11229.811
66.667 10418.335 9699.375 11323.667
71.429 10496.181 9759.704 11425.619
76.923 10579.469 9824.18 11535.022
83.333 10669.05 9892.642 11652.325
90.909 10765.992 9966.052 11780.24
100 10871.664 10044.88 11920.58
111.111 10987.86 10131.72 12075.471
125 11116.999 10227.187 12250.301
142.857 11262.455 10333.433 12448.78
166.667 11429.136 10454.033 12677.568
200 11624.603 10592.734 12952.595
250 11861.411 10758.21 13290.275
333.333 12162.859 10964.569 13726.835
500 12580.554 11241.869 14345.142
1000 13275.816 11681.564 15419.754
1111.111 13379.476 11745.48 15582.731
1250 13494.738 11815.389 15767.728
1428.571 13624.625 11894.312 15976.367
1666.667 13773.537 11982.753 16218.866
2000 13948.247 12085.925 16508.496
2500 14160.01 12208.877 16862.397
3333.333 14429.706 12360.713 17322.424
5000 14803.582 12566.531 17976.797
10000 15426.208 12894.801 19104.866
