"Pr" "Mp" "Q_2" "Q_9"
1.01 3375.495 2425.588 3898.229
1.011 3407.314 2472.484 3924.028
1.012 3436.918 2516.61 3948.542
1.013 3464.637 2557.173 3971.282
1.014 3490.731 2595.788 3992.949
1.015 3515.409 2631.961 4013.386
1.016 3538.841 2666.437 4032.922
1.017 3561.166 2698.923 4051.408
1.018 3582.501 2729.761 4069.21
1.019 3602.947 2759.573 4086.421
1.02 3622.586 2788.383 4103.228
1.021 3641.493 2815.941 4119.235
1.022 3659.73 2842.163 4134.657
1.024 3677.351 2867.461 4149.789
1.025 3694.406 2891.854 4164.507
1.026 3710.937 2915.332 4178.869
1.027 3726.982 2937.996 4192.741
1.028 3742.575 2959.791 4206.279
1.029 3757.746 2981.281 4219.67
1.03 3772.522 3002.32 4232.624
1.031 3786.929 3022.663 4245.225
1.032 3800.987 3042.198 4257.752
1.033 3814.719 3061.647 4269.866
1.034 3828.141 3080.438 4281.756
1.035 3841.272 3098.344 4293.542
1.036 3854.127 3116.404 4304.969
1.037 3866.719 3133.895 4316.295
1.038 3879.064 3151.112 4327.239
1.04 3891.171 3168.082 4337.904
1.041 3903.054 3184.62 4348.444
1.042 3914.721 3200.522 4358.896
1.043 3926.184 3216.306 4369.204
1.044 3937.451 3231.7 4379.216
1.045 3948.531 3246.864 4389.291
1.046 3959.431 3261.901 4399.287
1.047 3970.159 3276.401 4409.056
1.048 3980.722 3290.672 4418.562
1.049 3991.127 3304.881 4428.006
1.05 4001.379 3318.963 4437.379
1.052 4011.485 3333.04 4446.659
1.053 4021.45 3346.485 4455.771
1.054 4031.278 3360.053 4464.756
1.055 4040.976 3372.891 4473.666
1.056 4050.547 3385.993 4482.505
1.057 4059.995 3398.722 4491.234
1.058 4069.326 3411.202 4499.942
1.059 4078.543 3423.463 4508.572
1.06 4087.649 3435.654 4516.918
1.062 4096.649 3447.765 4525.312
1.063 4105.545 3459.837 4533.614
1.064 4114.34 3471.625 4541.788
1.065 4123.039 3483.147 4549.748
1.066 4131.643 3494.584 4557.874
1.067 4140.156 3505.987 4565.934
1.068 4148.58 3517.476 4573.719
1.07 4156.917 3528.428 4581.585
1.071 4165.171 3539.486 4589.417
1.072 4173.343 3550.307 4597.196
1.073 4181.437 3561.055 4604.888
1.074 4189.452 3571.633 4612.508
1.075 4197.393 3582.129 4620.041
1.076 4205.261 3592.538 4627.574
1.078 4213.057 3602.616 4635.003
1.079 4220.785 3612.819 4642.453
1.08 4228.444 3623.033 4649.692
1.081 4236.038 3632.874 4656.8
1.082 4243.567 3642.867 4663.971
1.083 4251.033 3652.469 4671.069
1.085 4258.439 3661.971 4678.107
1.086 4265.784 3671.531 4685.159
1.087 4273.071 3680.859 4692.133
1.088 4280.301 3690.378 4699.04
1.089 4287.475 3699.604 4705.888
1.091 4294.595 3708.755 4712.659
1.092 4301.662 3717.974 4719.507
1.093 4308.676 3727.037 4726.191
1.094 4315.639 3735.861 4732.936
1.095 4322.553 3744.759 4739.565
1.096 4329.418 3753.632 4746.247
1.098 4336.235 3762.307 4752.866
1.099 4343.005 3770.814 4759.419
1.1 4349.73 3779.442 4765.943
1.101 4356.41 3787.823 4772.366
1.103 4363.046 3796.271 4778.821
1.104 4369.638 3804.713 4785.237
1.105 4376.189 3813.03 4791.58
1.106 4382.698 3821.494 4798.004
1.107 4389.167 3829.814 4804.237
1.109 4395.596 3838.208 4810.48
1.11 4401.986 3846.409 4816.675
1.111 4408.338 3854.463 4822.887
1.112 4414.652 3862.426 4828.931
1.114 4420.929 3870.427 4835.028
1.115 4427.17 3878.425 4841.073
1.116 4433.376 3886.456 4847.097
1.117 4439.547 3894.314 4853.108
1.119 4445.683 3902.134 4859.108
1.12 4451.786 3909.926 4865.076
1.121 4457.856 3917.433 4870.981
1.122 4463.894 3924.975 4876.992
1.124 4469.899 3932.528 4882.877
1.125 4475.874 3939.781 4888.706
1.126 4481.817 3947.267 4894.525
1.127 4487.731 3954.732 4900.256
1.129 4493.614 3962.25 4906.028
1.13 4499.469 3969.686 4911.814
1.131 4505.294 3976.901 4917.534
1.133 4511.091 3984.03 4923.2
1.134 4516.861 3991.072 4928.867
1.135 4522.603 3998.192 4934.54
1.136 4528.318 4005.298 4940.165
1.138 4534.007 4012.409 4945.74
1.139 4539.669 4019.329 4951.317
1.14 4545.306 4026.229 4956.882
1.142 4550.918 4033.282 4962.5
1.143 4556.504 4040.143 4968.063
1.144 4562.067 4046.844 4973.588
1.145 4567.605 4053.678 4979.12
1.147 4573.119 4060.383 4984.594
1.148 4578.61 4066.984 4990.014
1.149 4584.078 4073.51 4995.455
1.151 4589.524 4080.151 5000.91
1.152 4594.947 4086.72 5006.267
1.153 4600.348 4093.22 5011.702
1.155 4605.727 4099.817 5017.122
1.156 4611.085 4106.25 5022.417
1.157 4616.422 4112.626 5027.721
1.159 4621.738 4119.051 5033.065
1.16 4627.033 4125.49 5038.281
1.161 4632.309 4132.006 5043.541
1.163 4637.564 4138.6 5048.735
1.164 4642.8 4144.918 5053.892
1.166 4648.017 4151.168 5059.133
1.167 4653.215 4157.373 5064.359
1.168 4658.394 4163.5 5069.485
1.17 4663.554 4169.836 5074.541
1.171 4668.696 4175.913 5079.662
1.172 4673.82 4181.956 5084.835
1.174 4678.926 4188.197 5089.943
1.175 4684.015 4194.247 5095.032
1.176 4689.086 4200.385 5100.149
1.178 4694.141 4206.515 5105.218
1.179 4699.178 4212.408 5110.319
1.181 4704.199 4218.331 5115.367
1.182 4709.204 4224.23 5120.379
1.183 4714.192 4230.293 5125.404
1.185 4719.164 4236.228 5130.368
1.186 4724.121 4242.018 5135.314
1.188 4729.062 4247.963 5140.285
1.189 4733.987 4253.812 5145.24
1.19 4738.898 4259.727 5150.186
1.192 4743.793 4265.547 5155.062
1.193 4748.674 4271.326 5159.94
1.195 4753.54 4276.988 5164.791
1.196 4758.392 4282.767 5169.7
1.198 4763.23 4288.377 5174.647
1.199 4768.053 4294.024 5179.557
1.2 4772.863 4299.758 5184.337
1.202 4777.659 4305.409 5189.144
1.203 4782.441 4310.94 5193.99
1.205 4787.21 4316.472 5198.796
1.206 4791.966 4321.954 5203.609
1.208 4796.709 4327.534 5208.393
1.209 4801.439 4332.826 5213.271
1.211 4806.157 4338.41 5218.065
1.212 4810.861 4343.84 5222.895
1.214 4815.554 4349.238 5227.62
1.215 4820.234 4354.699 5232.381
1.217 4824.902 4360.05 5237.096
1.218 4829.558 4365.466 5241.874
1.22 4834.202 4370.773 5246.54
1.221 4838.835 4376.106 5251.21
1.222 4843.456 4381.563 5255.913
1.224 4848.065 4386.826 5260.614
1.225 4852.664 4392.181 5265.263
1.227 4857.251 4397.569 5269.864
1.229 4861.827 4402.87 5274.486
1.23 4866.392 4408.031 5279.104
1.232 4870.947 4413.222 5283.705
1.233 4875.491 4418.567 5288.283
1.235 4880.024 4423.834 5292.839
1.236 4884.547 4428.974 5297.413
1.238 4889.06 4434.223 5302.006
1.239 4893.563 4439.298 5306.589
1.241 4898.056 4444.495 5311.227
1.242 4902.538 4449.708 5315.807
1.244 4907.011 4454.879 5320.405
1.245 4911.475 4459.955 5324.91
1.247 4915.928 4465.033 5329.434
1.248 4920.373 4470.023 5333.967
1.25 4924.808 4474.956 5338.488
1.252 4929.233 4479.857 5343.045
1.253 4933.65 4484.817 5347.51
1.255 4938.057 4489.89 5352.038
1.256 4942.456 4494.827 5356.59
1.258 4946.846 4499.827 5361.192
1.259 4951.227 4504.827 5365.623
1.261 4955.599 4509.678 5370.063
1.263 4959.963 4514.584 5374.457
1.264 4964.318 4519.563 5378.946
1.266 4968.665 4524.366 5383.421
1.267 4973.004 4529.279 5387.832
1.269 4977.335 4534.207 5392.265
1.271 4981.657 4539.15 5396.676
1.272 4985.972 4543.895 5401.043
1.274 4990.279 4548.769 5405.551
1.276 4994.578 4553.606 5409.961
1.277 4998.869 4558.41 5414.36
1.279 5003.152 4563.185 5418.826
1.28 5007.428 4567.873 5423.219
1.282 5011.697 4572.612 5427.596
1.284 5015.958 4577.384 5431.918
1.285 5020.212 4582.064 5436.236
1.287 5024.458 4586.984 5440.582
1.289 5028.698 4591.642 5444.899
1.29 5032.93 4596.381 5449.212
1.292 5037.156 4600.99 5453.551
1.294 5041.374 4605.681 5457.917
1.295 5045.586 4610.44 5462.24
1.297 5049.791 4615.125 5466.614
1.299 5053.99 4619.817 5470.91
1.3 5058.181 4624.497 5475.24
1.302 5062.366 4628.985 5479.47
1.304 5066.545 4633.666 5483.787
1.305 5070.718 4638.238 5488.038
1.307 5074.884 4642.757 5492.286
1.309 5079.043 4647.352 5496.521
1.311 5083.197 4651.893 5500.844
1.312 5087.345 4656.494 5505.128
1.314 5091.486 4661.048 5509.415
1.316 5095.622 4665.773 5513.708
1.318 5099.751 4670.282 5517.847
1.319 5103.875 4674.802 5522.131
1.321 5107.993 4679.328 5526.424
1.323 5112.105 4683.918 5530.655
1.325 5116.212 4688.359 5534.943
1.326 5120.313 4692.787 5539.221
1.328 5124.408 4697.281 5543.498
1.33 5128.499 4701.691 5547.747
1.332 5132.583 4706.226 5551.957
1.333 5136.663 4710.763 5556.124
1.335 5140.737 4715.028 5560.316
1.337 5144.806 4719.535 5564.533
1.339 5148.869 4724.015 5568.692
1.34 5152.928 4728.455 5572.87
1.342 5156.981 4732.886 5577.001
1.344 5161.03 4737.359 5581.206
1.346 5165.074 4741.776 5585.42
1.348 5169.112 4746.27 5589.605
1.35 5173.146 4750.749 5593.777
1.351 5177.176 4755.107 5597.891
1.353 5181.2 4759.433 5602.067
1.355 5185.22 4763.771 5606.195
1.357 5189.235 4768.111 5610.31
1.359 5193.246 4772.428 5614.44
1.361 5197.252 4776.672 5618.644
1.362 5201.254 4781.08 5622.755
1.364 5205.251 4785.306 5626.916
1.366 5209.244 4789.549 5631.006
1.368 5213.233 4793.904 5635.238
1.37 5217.218 4798.163 5639.441
1.372 5221.198 4802.509 5643.568
1.374 5225.174 4806.77 5647.702
1.376 5229.146 4810.989 5651.872
1.377 5233.114 4815.202 5655.982
1.379 5237.078 4819.493 5660.148
1.381 5241.039 4823.658 5664.286
1.383 5244.995 4827.878 5668.447
1.385 5248.947 4832.079 5672.579
1.387 5252.896 4836.293 5676.688
1.389 5256.841 4840.479 5680.765
1.391 5260.782 4844.728 5684.881
1.393 5264.719 4849.003 5688.911
1.395 5268.653 4853.318 5693.02
1.397 5272.583 4857.543 5697.075
1.399 5276.51 4861.706 5701.101
1.401 5280.433 4865.827 5705.217
1.403 5284.353 4870.062 5709.293
1.404 5288.27 4874.333 5713.367
1.406 5292.183 4878.524 5717.462
1.408 5296.093 4882.717 5721.53
1.41 5299.999 4886.852 5725.603
1.412 5303.902 4890.952 5729.721
1.414 5307.803 4895.014 5733.736
1.416 5311.7 4899.129 5737.848
1.418 5315.593 4903.267 5741.932
1.42 5319.484 4907.458 5746.052
1.422 5323.372 4911.634 5750.135
1.425 5327.257 4915.731 5754.218
1.427 5331.139 4919.951 5758.3
1.429 5335.018 4923.956 5762.426
1.431 5338.894 4928.057 5766.513
1.433 5342.767 4932.174 5770.594
1.435 5346.638 4936.319 5774.701
1.437 5350.505 4940.397 5778.734
1.439 5354.371 4944.459 5782.856
1.441 5358.233 4948.577 5786.942
1.443 5362.093 4952.648 5790.964
1.445 5365.95 4956.693 5795.018
1.447 5369.805 4960.692 5799.091
1.449 5373.657 4964.77 5803.079
1.451 5377.506 4968.868 5806.999
1.453 5381.354 4972.81 5811.062
1.456 5385.199 4976.881 5815.079
1.458 5389.041 4980.95 5819.067
1.46 5392.881 4984.99 5823.06
1.462 5396.719 4988.997 5827.086
1.464 5400.555 4993.065 5831.125
1.466 5404.388 4997.03 5835.093
1.468 5408.219 5001.167 5839.059
1.471 5412.048 5005.257 5843.016
1.473 5415.875 5009.284 5846.986
1.475 5419.7 5013.276 5851.017
1.477 5423.523 5017.316 5854.968
1.479 5427.343 5021.389 5858.961
1.481 5431.162 5025.307 5862.916
1.484 5434.979 5029.304 5866.896
1.486 5438.794 5033.311 5870.923
1.488 5442.607 5037.22 5874.902
1.49 5446.418 5041.255 5878.923
1.493 5450.228 5045.284 5882.896
1.495 5454.035 5049.201 5886.892
1.497 5457.841 5053.23 5890.872
1.499 5461.645 5057.214 5894.849
1.502 5465.448 5061.145 5898.886
1.504 5469.249 5065.201 5902.884
1.506 5473.048 5069.126 5906.866
1.508 5476.845 5073.055 5910.82
1.511 5480.641 5077.049 5914.751
1.513 5484.436 5081.018 5918.807
1.515 5488.229 5084.989 5922.783
1.517 5492.021 5088.903 5926.713
1.52 5495.811 5092.792 5930.604
1.522 5499.6 5096.665 5934.55
1.524 5503.387 5100.492 5938.512
1.527 5507.173 5104.338 5942.467
1.529 5510.958 5108.261 5946.445
1.531 5514.741 5112.247 5950.386
1.534 5518.524 5116.264 5954.423
1.536 5522.305 5120.249 5958.422
1.538 5526.085 5124.172 5962.37
1.541 5529.863 5128.062 5966.377
1.543 5533.641 5131.97 5970.371
1.546 5537.417 5135.892 5974.314
1.548 5541.193 5139.835 5978.226
1.55 5544.967 5143.643 5982.181
1.553 5548.741 5147.513 5986.145
1.555 5552.513 5151.267 5990.15
1.558 5556.285 5155.164 5994.092
1.56 5560.055 5159.087 5998.031
1.563 5563.825 5163.027 6001.993
1.565 5567.594 5166.869 6005.942
1.567 5571.362 5170.716 6009.832
1.57 5575.129 5174.569 6013.758
1.572 5578.895 5178.403 6017.714
1.575 5582.661 5182.295 6021.752
1.577 5586.426 5186.071 6025.678
1.58 5590.19 5190.064 6029.672
1.582 5593.954 5193.925 6033.596
1.585 5597.717 5197.691 6037.515
1.587 5601.479 5201.614 6041.448
1.59 5605.241 5205.419 6045.425
1.592 5609.002 5209.298 6049.299
1.595 5612.763 5213.199 6053.184
1.597 5616.523 5217.033 6057.155
1.6 5620.283 5220.871 6061.143
1.603 5624.042 5224.691 6065.031
1.605 5627.801 5228.546 6068.979
1.608 5631.559 5232.347 6072.885
1.61 5635.318 5236.153 6076.785
1.613 5639.075 5239.928 6080.738
1.616 5642.833 5243.735 6084.631
1.618 5646.59 5247.553 6088.572
1.621 5650.347 5251.405 6092.447
1.623 5654.104 5255.25 6096.349
1.626 5657.86 5259.086 6100.34
1.629 5661.617 5262.857 6104.28
1.631 5665.373 5266.689 6108.214
1.634 5669.129 5270.556 6112.089
1.637 5672.885 5274.425 6116.002
1.639 5676.641 5278.25 6119.993
1.642 5680.397 5282.094 6123.977
1.645 5684.153 5285.891 6127.89
1.647 5687.909 5289.684 6131.775
1.65 5691.665 5293.587 6135.765
1.653 5695.421 5297.415 6139.73
1.656 5699.177 5301.283 6143.691
1.658 5702.933 5305.14 6147.615
1.661 5706.69 5309 6151.584
1.664 5710.446 5312.874 6155.495
1.667 5714.203 5316.751 6159.452
1.669 5717.96 5320.54 6163.337
1.672 5721.717 5324.34 6167.304
1.675 5725.475 5328.197 6171.228
1.678 5729.233 5331.991 6175.222
1.681 5732.991 5335.826 6179.197
1.684 5736.749 5339.636 6183.179
1.686 5740.508 5343.469 6187.154
1.689 5744.267 5347.26 6191.054
1.692 5748.027 5351.091 6195.044
1.695 5751.787 5354.867 6199.005
1.698 5755.548 5358.613 6202.915
1.701 5759.309 5362.424 6206.791
1.704 5763.07 5366.15 6210.773
1.706 5766.833 5369.955 6214.727
1.709 5770.595 5373.764 6218.669
1.712 5774.359 5377.539 6222.569
1.715 5778.123 5381.367 6226.529
1.718 5781.887 5385.131 6230.555
1.721 5785.653 5388.978 6234.555
1.724 5789.419 5392.764 6238.526
1.727 5793.185 5396.605 6242.48
1.73 5796.953 5400.452 6246.425
1.733 5800.721 5404.357 6250.397
1.736 5804.49 5408.175 6254.369
1.739 5808.26 5411.983 6258.299
1.742 5812.031 5415.826 6262.261
1.745 5815.802 5419.64 6266.183
1.748 5819.575 5423.465 6270.105
1.751 5823.348 5427.266 6274.038
1.754 5827.123 5431.043 6277.972
1.757 5830.898 5434.791 6281.967
1.761 5834.674 5438.623 6285.933
1.764 5838.452 5442.375 6289.856
1.767 5842.23 5446.113 6293.798
1.77 5846.01 5449.926 6297.802
1.773 5849.79 5453.757 6301.786
1.776 5853.572 5457.668 6305.777
1.779 5857.355 5461.494 6309.759
1.783 5861.139 5465.237 6313.735
1.786 5864.924 5469.027 6317.668
1.789 5868.711 5472.828 6321.67
1.792 5872.498 5476.612 6325.657
1.795 5876.287 5480.493 6329.635
1.799 5880.078 5484.389 6333.68
1.802 5883.869 5488.068 6337.577
1.805 5887.662 5491.882 6341.488
1.808 5891.457 5495.696 6345.437
1.812 5895.252 5499.526 6349.441
1.815 5899.05 5503.417 6353.461
1.818 5902.848 5507.179 6357.44
1.821 5906.648 5511.064 6361.407
1.825 5910.45 5514.986 6365.401
1.828 5914.253 5518.804 6369.39
1.832 5918.058 5522.647 6373.358
1.835 5921.864 5526.46 6377.351
1.838 5925.672 5530.209 6381.368
1.842 5929.481 5534.012 6385.394
1.845 5933.292 5537.841 6389.48
1.848 5937.105 5541.709 6393.514
1.852 5940.92 5545.512 6397.512
1.855 5944.736 5549.254 6401.544
1.859 5948.554 5553.086 6405.54
1.862 5952.374 5556.963 6409.46
1.866 5956.195 5560.796 6413.467
1.869 5960.018 5564.64 6417.412
1.873 5963.844 5568.443 6421.411
1.876 5967.671 5572.313 6425.44
1.88 5971.5 5576.155 6429.42
1.883 5975.33 5580.033 6433.447
1.887 5979.163 5583.976 6437.436
1.89 5982.998 5587.848 6441.472
1.894 5986.835 5591.658 6445.471
1.898 5990.674 5595.424 6449.522
1.901 5994.515 5599.191 6453.589
1.905 5998.358 5602.975 6457.634
1.908 6002.203 5606.813 6461.709
1.912 6006.05 5610.736 6465.756
1.916 6009.899 5614.625 6469.777
1.919 6013.751 5618.501 6473.833
1.923 6017.604 5622.332 6477.853
1.927 6021.46 5626.165 6481.802
1.931 6025.319 5629.994 6485.924
1.934 6029.179 5633.919 6489.914
1.938 6033.042 5637.687 6493.969
1.942 6036.907 5641.501 6498.1
1.946 6040.774 5645.386 6502.171
1.949 6044.644 5649.198 6506.242
1.953 6048.517 5652.996 6510.346
1.957 6052.391 5656.844 6514.428
1.961 6056.269 5660.759 6518.497
1.965 6060.148 5664.645 6522.539
1.969 6064.03 5668.464 6526.557
1.972 6067.915 5672.356 6530.6
1.976 6071.803 5676.188 6534.732
1.98 6075.692 5680.107 6538.773
1.984 6079.585 5684.033 6542.808
1.988 6083.48 5688.044 6546.884
1.992 6087.378 5691.893 6551.001
1.996 6091.279 5695.727 6555.1
2 6095.182 5699.627 6559.234
2.004 6099.088 5703.55 6563.287
2.008 6102.997 5707.417 6567.407
2.012 6106.908 5711.326 6571.511
2.016 6110.823 5715.193 6575.607
2.02 6114.74 5719.11 6579.739
2.024 6118.66 5723.032 6583.873
2.028 6122.584 5726.872 6587.968
2.033 6126.51 5730.805 6592.014
2.037 6130.439 5734.718 6596.119
2.041 6134.371 5738.572 6600.283
2.045 6138.306 5742.503 6604.441
2.049 6142.244 5746.389 6608.532
2.053 6146.185 5750.307 6612.66
2.058 6150.13 5754.237 6616.73
2.062 6154.077 5758.158 6620.819
2.066 6158.028 5762.082 6624.967
2.07 6161.982 5766.102 6629.096
2.075 6165.939 5770.086 6633.241
2.079 6169.899 5774.036 6637.431
2.083 6173.863 5778.007 6641.509
2.088 6177.83 5781.966 6645.7
2.092 6181.8 5786.036 6649.897
2.096 6185.774 5789.962 6654.03
2.101 6189.751 5793.944 6658.267
2.105 6193.731 5797.932 6662.457
2.11 6197.715 5801.906 6666.639
2.114 6201.702 5805.951 6670.77
2.119 6205.693 5809.93 6674.996
2.123 6209.688 5813.88 6679.246
2.128 6213.686 5817.901 6683.365
2.132 6217.687 5821.921 6687.595
2.137 6221.693 5825.862 6691.827
2.141 6225.702 5829.794 6696.025
2.146 6229.714 5833.763 6700.271
2.151 6233.731 5837.805 6704.416
2.155 6237.751 5841.784 6708.628
2.16 6241.774 5845.791 6712.835
2.165 6245.802 5849.879 6717.099
2.169 6249.834 5853.954 6721.264
2.174 6253.869 5858.013 6725.449
2.179 6257.908 5862.068 6729.732
2.183 6261.951 5866.103 6733.981
2.188 6265.999 5870.149 6738.271
2.193 6270.05 5874.17 6742.52
2.198 6274.105 5878.281 6746.771
2.203 6278.164 5882.262 6750.931
2.208 6282.228 5886.319 6755.272
2.212 6286.295 5890.318 6759.538
2.217 6290.367 5894.431 6763.795
2.222 6294.443 5898.481 6768.053
2.227 6298.523 5902.54 6772.285
2.232 6302.607 5906.533 6776.63
2.237 6306.695 5910.54 6780.845
2.242 6310.788 5914.574 6785.175
2.247 6314.885 5918.584 6789.467
2.252 6318.987 5922.716 6793.81
2.257 6323.093 5926.787 6798.138
2.262 6327.203 5930.878 6802.467
2.268 6331.318 5934.891 6806.742
2.273 6335.438 5939.009 6811.032
2.278 6339.562 5943.135 6815.296
2.283 6343.69 5947.301 6819.548
2.288 6347.824 5951.478 6823.874
2.294 6351.961 5955.687 6828.226
2.299 6356.104 5959.791 6832.584
2.304 6360.251 5963.904 6836.934
2.309 6364.403 5968.002 6841.227
2.315 6368.56 5972.206 6845.55
2.32 6372.721 5976.366 6849.831
2.326 6376.888 5980.564 6854.139
2.331 6381.059 5984.718 6858.431
2.336 6385.235 5988.819 6862.855
2.342 6389.416 5992.964 6867.245
2.347 6393.602 5997.028 6871.513
2.353 6397.794 6001.239 6875.888
2.358 6401.99 6005.418 6880.246
2.364 6406.191 6009.61 6884.631
2.37 6410.398 6013.905 6889.082
2.375 6414.61 6018.111 6893.508
2.381 6418.826 6022.238 6897.979
2.387 6423.049 6026.448 6902.358
2.392 6427.276 6030.724 6906.71
2.398 6431.509 6034.972 6911.118
2.404 6435.747 6039.207 6915.469
2.41 6439.99 6043.431 6919.91
2.415 6444.239 6047.646 6924.38
2.421 6448.494 6051.88 6928.738
2.427 6452.754 6056.183 6933.22
2.433 6457.019 6060.502 6937.752
2.439 6461.29 6064.797 6942.18
2.445 6465.567 6068.995 6946.665
2.451 6469.849 6073.173 6951.074
2.457 6474.138 6077.478 6955.52
2.463 6478.431 6081.766 6959.988
2.469 6482.731 6086.119 6964.485
2.475 6487.036 6090.452 6968.878
2.481 6491.348 6094.759 6973.36
2.488 6495.665 6099.043 6977.835
2.494 6499.988 6103.359 6982.296
2.5 6504.317 6107.64 6986.809
2.506 6508.653 6112.023 6991.285
2.513 6512.994 6116.33 6995.821
2.519 6517.341 6120.724 7000.365
2.525 6521.695 6125.106 7004.835
2.532 6526.055 6129.476 7009.409
2.538 6530.421 6133.869 7013.943
2.545 6534.793 6138.325 7018.524
2.551 6539.172 6142.716 7023.077
2.558 6543.557 6147.136 7027.626
2.564 6547.948 6151.554 7032.22
2.571 6552.346 6155.972 7036.822
2.577 6556.751 6160.408 7041.374
2.584 6561.162 6164.839 7045.896
2.591 6565.579 6169.219 7050.529
2.597 6570.004 6173.616 7055.128
2.604 6574.434 6178.015 7059.726
2.611 6578.872 6182.47 7064.312
2.618 6583.317 6186.939 7068.993
2.625 6587.768 6191.389 7073.743
2.632 6592.226 6195.751 7078.478
2.639 6596.691 6200.261 7083.096
2.646 6601.163 6204.66 7087.691
2.653 6605.642 6209.158 7092.364
2.66 6610.128 6213.672 7097.07
2.667 6614.621 6218.105 7101.702
2.674 6619.122 6222.558 7106.383
2.681 6623.629 6227.019 7111.083
2.688 6628.144 6231.564 7115.676
2.695 6632.666 6236.113 7120.39
2.703 6637.196 6240.679 7125.204
2.71 6641.733 6245.214 7129.917
2.717 6646.277 6249.724 7134.606
2.725 6650.829 6254.268 7139.251
2.732 6655.388 6258.854 7144.098
2.74 6659.956 6263.417 7148.923
2.747 6664.53 6267.92 7153.651
2.755 6669.113 6272.464 7158.402
2.762 6673.703 6277.155 7163.18
2.77 6678.301 6281.681 7167.945
2.778 6682.907 6286.325 7172.683
2.786 6687.521 6290.86 7177.547
2.793 6692.143 6295.422 7182.391
2.801 6696.773 6299.976 7187.18
2.809 6701.411 6304.519 7191.962
2.817 6706.057 6309.099 7196.843
2.825 6710.711 6313.757 7201.731
2.833 6715.374 6318.406 7206.602
2.841 6720.045 6323.105 7211.386
2.849 6724.724 6327.796 7216.291
2.857 6729.412 6332.478 7221.199
2.865 6734.108 6337.124 7226.064
2.874 6738.813 6341.849 7230.903
2.882 6743.526 6346.593 7235.872
2.89 6748.248 6351.282 7240.782
2.899 6752.979 6356.079 7245.731
2.907 6757.719 6360.72 7250.704
2.915 6762.467 6365.495 7255.582
2.924 6767.225 6370.252 7260.499
2.933 6771.991 6375.005 7265.454
2.941 6776.766 6379.757 7270.397
2.95 6781.551 6384.463 7275.37
2.959 6786.345 6389.25 7280.367
2.967 6791.147 6394.028 7285.338
2.976 6795.96 6398.848 7290.339
2.985 6800.781 6403.697 7295.35
2.994 6805.612 6408.6 7300.367
3.003 6810.453 6413.329 7305.415
3.012 6815.303 6418.216 7310.41
3.021 6820.162 6423.132 7315.458
3.03 6825.032 6427.933 7320.502
3.04 6829.911 6432.844 7325.525
3.049 6834.8 6437.693 7330.56
3.058 6839.699 6442.523 7335.655
3.067 6844.607 6447.44 7340.835
3.077 6849.526 6452.405 7345.93
3.086 6854.455 6457.304 7351.045
3.096 6859.394 6462.334 7356.223
3.106 6864.344 6467.364 7361.31
3.115 6869.304 6472.376 7366.416
3.125 6874.274 6477.333 7371.584
3.135 6879.254 6482.244 7376.799
3.145 6884.245 6487.249 7381.97
3.155 6889.247 6492.206 7387.201
3.165 6894.26 6497.172 7392.448
3.175 6899.283 6502.216 7397.583
3.185 6904.317 6507.197 7402.822
3.195 6909.362 6512.228 7408.044
3.205 6914.418 6517.39 7413.267
3.215 6919.485 6522.504 7418.491
3.226 6924.564 6527.611 7423.751
3.236 6929.653 6532.671 7429.053
3.247 6934.754 6537.85 7434.341
3.257 6939.867 6542.969 7439.65
3.268 6944.99 6548.143 7444.961
3.279 6950.126 6553.24 7450.324
3.289 6955.273 6558.373 7455.662
3.3 6960.432 6563.61 7461.063
3.311 6965.602 6568.78 7466.521
3.322 6970.785 6573.975 7471.942
3.333 6975.98 6579.098 7477.31
3.344 6981.186 6584.369 7482.654
3.356 6986.405 6589.571 7488.087
3.367 6991.637 6594.811 7493.489
3.378 6996.88 6600.061 7498.84
3.39 7002.136 6605.282 7504.281
3.401 7007.405 6610.546 7509.794
3.413 7012.686 6615.717 7515.298
3.425 7017.98 6621.081 7520.757
3.436 7023.287 6626.489 7526.264
3.448 7028.607 6631.875 7531.842
3.46 7033.94 6637.223 7537.417
3.472 7039.286 6642.573 7543.078
3.484 7044.645 6647.915 7548.697
3.497 7050.017 6653.199 7554.294
3.509 7055.403 6658.635 7559.779
3.521 7060.803 6664.072 7565.424
3.534 7066.216 6669.541 7571.038
3.546 7071.643 6675.001 7576.71
3.559 7077.084 6680.486 7582.353
3.571 7082.539 6685.833 7587.984
3.584 7088.007 6691.28 7593.669
3.597 7093.49 6696.808 7599.345
3.61 7098.988 6702.355 7605.017
3.623 7104.499 6707.843 7610.717
3.636 7110.026 6713.413 7616.45
3.65 7115.566 6718.981 7622.289
3.663 7121.122 6724.611 7628.036
3.676 7126.692 6730.226 7633.867
3.69 7132.278 6735.803 7639.652
3.704 7137.878 6741.359 7645.5
3.717 7143.494 6746.983 7651.351
3.731 7149.125 6752.661 7657.116
3.745 7154.772 6758.339 7662.953
3.759 7160.434 6763.947 7668.731
3.774 7166.111 6769.527 7674.595
3.788 7171.805 6775.157 7680.499
3.802 7177.514 6780.91 7686.402
3.817 7183.24 6786.604 7692.391
3.831 7188.982 6792.426 7698.321
3.846 7194.74 6798.205 7704.341
3.861 7200.515 6804.059 7710.348
3.876 7206.306 6809.81 7716.33
3.891 7212.114 6815.638 7722.406
3.906 7217.939 6821.465 7728.461
3.922 7223.781 6827.36 7734.49
3.937 7229.64 6833.297 7740.649
3.953 7235.516 6839.267 7746.785
3.968 7241.41 6845.138 7752.916
3.984 7247.322 6851 7759.005
4 7253.251 6856.974 7765.032
4.016 7259.198 6862.962 7771.181
4.032 7265.163 6868.944 7777.48
4.049 7271.146 6874.921 7783.688
4.065 7277.148 6880.881 7789.848
4.082 7283.168 6886.965 7796.104
4.098 7289.207 6893.064 7802.418
4.115 7295.265 6899.12 7808.672
4.132 7301.341 6905.315 7814.961
4.149 7307.437 6911.49 7821.318
4.167 7313.552 6917.609 7827.82
4.184 7319.687 6923.708 7834.235
4.202 7325.841 6929.961 7840.558
4.219 7332.015 6936.217 7847.051
4.237 7338.209 6942.458 7853.51
4.255 7344.423 6948.586 7860.01
4.274 7350.658 6954.818 7866.523
4.292 7356.913 6961.129 7873.106
4.31 7363.189 6967.308 7879.649
4.329 7369.485 6973.69 7886.256
4.348 7375.803 6980.028 7892.787
4.367 7382.142 6986.356 7899.431
4.386 7388.503 6992.756 7906.103
4.405 7394.885 6999.173 7912.889
4.425 7401.289 7005.609 7919.546
4.444 7407.715 7012.1 7926.178
4.464 7414.163 7018.573 7932.944
4.484 7420.634 7025.003 7939.685
4.505 7427.128 7031.473 7946.47
4.525 7433.644 7038.031 7953.185
4.545 7440.183 7044.544 7959.95
4.566 7446.746 7051.038 7966.879
4.587 7453.332 7057.596 7973.781
4.608 7459.942 7064.256 7980.62
4.63 7466.576 7070.916 7987.597
4.651 7473.234 7077.579 7994.584
4.673 7479.917 7084.304 8001.622
4.695 7486.624 7091.09 8008.652
4.717 7493.356 7097.863 8015.585
4.739 7500.113 7104.586 8022.635
4.762 7506.896 7111.329 8029.745
4.785 7513.704 7118.265 8036.899
4.808 7520.538 7125.09 8043.998
4.831 7527.398 7131.991 8051.232
4.854 7534.285 7138.944 8058.459
4.878 7541.198 7145.826 8065.73
4.902 7548.138 7152.709 8072.937
4.926 7555.106 7159.621 8080.287
4.95 7562.1 7166.679 8087.717
4.975 7569.123 7173.752 8095.324
5 7576.173 7180.86 8102.763
5.025 7583.252 7187.973 8110.347
5.051 7590.359 7194.992 8118.084
5.076 7597.496 7202.034 8125.698
5.102 7604.661 7209.246 8133.262
5.128 7611.856 7216.512 8140.845
5.155 7619.08 7223.67 8148.467
5.181 7626.335 7230.839 8156.073
5.208 7633.62 7238.153 8163.831
5.236 7640.936 7245.429 8171.532
5.263 7648.282 7252.737 8179.265
5.291 7655.661 7260.168 8187.135
5.319 7663.07 7267.547 8195.032
5.348 7670.512 7274.932 8203.043
5.376 7677.986 7282.405 8210.969
5.405 7685.493 7289.854 8219.031
5.435 7693.033 7297.401 8227.116
5.464 7700.607 7304.913 8235.087
5.495 7708.214 7312.557 8243.218
5.525 7715.856 7320.157 8251.463
5.556 7723.532 7327.733 8259.577
5.587 7731.243 7335.4 8267.87
5.618 7738.989 7343.107 8276.277
5.65 7746.771 7350.903 8284.591
5.682 7754.59 7358.757 8292.958
5.714 7762.445 7366.626 8301.447
5.747 7770.336 7374.539 8309.903
5.78 7778.266 7382.427 8318.345
5.814 7786.233 7390.402 8327.031
5.848 7794.238 7398.274 8335.717
5.882 7802.282 7406.265 8344.446
5.917 7810.365 7414.297 8353.229
5.952 7818.488 7422.463 8362.155
5.988 7826.651 7430.476 8371.108
6.024 7834.855 7438.747 8380.085
6.061 7843.1 7446.934 8388.99
6.098 7851.386 7455.149 8398.291
6.135 7859.714 7463.418 8407.277
6.173 7868.085 7471.733 8416.398
6.211 7876.499 7480.091 8425.365
6.25 7884.957 7488.44 8434.534
6.289 7893.459 7496.876 8443.959
6.329 7902.006 7505.39 8453.356
6.369 7910.598 7513.872 8462.846
6.41 7919.236 7522.346 8472.333
6.452 7927.92 7530.903 8481.828
6.494 7936.652 7539.535 8491.313
6.536 7945.431 7548.129 8501.078
6.579 7954.258 7556.76 8510.914
6.623 7963.135 7565.649 8520.801
6.667 7972.061 7574.469 8530.64
6.711 7981.037 7583.29 8540.689
6.757 7990.064 7592.182 8550.466
6.803 7999.143 7601.204 8560.502
6.849 8008.274 7610.327 8570.528
6.897 8017.458 7619.375 8581.035
6.944 8026.696 7628.481 8591.312
6.993 8035.988 7637.572 8601.874
7.042 8045.335 7646.644 8612.393
7.092 8054.739 7655.824 8622.897
7.143 8064.199 7665.051 8633.671
7.194 8073.716 7674.33 8644.304
7.246 8083.293 7683.624 8655.058
7.299 8092.928 7693.151 8666.117
7.353 8102.623 7702.696 8676.995
7.407 8112.38 7712.286 8688.147
7.463 8122.198 7721.841 8699.371
7.519 8132.079 7731.475 8710.624
7.576 8142.024 7741.287 8722.129
7.634 8152.033 7750.938 8733.558
7.692 8162.108 7760.759 8745.121
7.752 8172.25 7770.763 8756.686
7.812 8182.459 7780.741 8768.18
7.874 8192.737 7790.655 8780.024
7.937 8203.084 7800.704 8791.841
8 8213.503 7810.83 8803.894
8.065 8223.993 7821.082 8815.933
8.13 8234.557 7831.312 8828.183
8.197 8245.195 7841.606 8840.51
8.264 8255.908 7851.926 8853.031
8.333 8266.698 7862.396 8865.626
8.403 8277.566 7872.877 8878.393
8.475 8288.514 7883.559 8891.283
8.547 8299.542 7894.265 8904.14
8.621 8310.651 7904.978 8917.295
8.696 8321.845 7915.824 8930.358
8.772 8333.123 7926.725 8943.707
8.85 8344.487 7937.731 8957.177
8.929 8355.939 7948.713 8970.707
9.009 8367.48 7959.743 8984.373
9.091 8379.112 7970.913 8998.033
9.174 8390.836 7982.093 9011.906
9.259 8402.655 7993.591 9025.899
9.346 8414.569 8004.986 9040.095
9.434 8426.581 8016.437 9054.403
9.524 8438.693 8028.091 9069.014
9.615 8450.906 8039.778 9083.836
9.709 8463.222 8051.539 9098.732
9.804 8475.643 8063.35 9113.654
9.901 8488.171 8075.245 9128.825
10 8500.809 8087.063 9144.414
10.101 8513.558 8099.229 9160.046
10.204 8526.421 8111.39 9176.049
10.309 8539.4 8123.642 9192.059
10.417 8552.497 8135.946 9208.048
10.526 8565.714 8148.45 9224.456
10.638 8579.055 8161.169 9240.971
10.753 8592.522 8173.946 9257.851
10.87 8606.117 8186.766 9274.682
10.989 8619.843 8199.838 9291.678
11.111 8633.703 8212.845 9309.225
11.236 8647.7 8225.963 9326.997
11.364 8661.837 8239.187 9344.801
11.494 8676.117 8252.495 9363.065
11.628 8690.543 8266.001 9381.548
11.765 8705.119 8279.613 9400.085
11.905 8719.848 8293.453 9419.103
12.048 8734.733 8307.257 9438.358
12.195 8749.779 8321.24 9457.5
12.346 8764.989 8335.429 9477.296
12.5 8780.367 8349.624 9497.53
12.658 8795.917 8363.925 9517.747
12.821 8811.644 8378.427 9538.25
12.987 8827.552 8392.999 9558.992
13.158 8843.645 8407.761 9580.309
13.333 8859.929 8422.532 9602.077
13.514 8876.408 8437.562 9624.064
13.699 8893.087 8452.708 9646.094
13.889 8909.973 8468.017 9668.434
14.085 8927.07 8483.32 9691.2
14.286 8944.384 8498.864 9714.636
14.493 8961.922 8514.806 9738.21
14.706 8979.689 8530.844 9762.127
14.925 8997.693 8546.851 9786.061
15.152 9015.94 8563.157 9810.85
15.385 9034.437 8579.606 9835.69
15.625 9053.193 8596.076 9861.189
15.873 9072.214 8612.985 9887.031
16.129 9091.51 8630.138 9913.875
16.393 9111.089 8647.356 9941.098
16.667 9130.96 8664.853 9968.364
16.949 9151.132 8682.424 9996.331
17.241 9171.616 8700.289 10024.979
17.544 9192.422 8718.241 10054.28
17.857 9213.561 8736.64 10084.303
18.182 9235.044 8755.214 10114.238
18.519 9256.885 8773.881 10145.618
18.868 9279.096 8792.934 10177.235
19.231 9301.691 8812.269 10209.142
19.608 9324.684 8832.125 10242.38
20 9348.091 8852.24 10276.641
20.408 9371.927 8872.273 10311.75
20.833 9396.211 8892.972 10347.274
21.277 9420.959 8914.054 10383.618
21.739 9446.192 8935.199 10420.801
22.222 9471.931 8956.541 10458.898
22.727 9498.197 8978.438 10498.101
23.256 9525.014 9000.669 10538.531
23.81 9552.406 9023.149 10580.133
24.39 9580.402 9046.155 10622.442
25 9609.03 9069.43 10666.308
25.641 9638.321 9093.151 10711.326
26.316 9668.308 9117.419 10757.571
27.027 9699.027 9142.175 10805.167
27.778 9730.517 9167.457 10855.328
28.571 9762.821 9193.343 10906.292
29.412 9795.984 9219.607 10959.567
30.303 9830.056 9246.299 11013.996
31.25 9865.09 9273.621 11070.511
32.258 9901.147 9301.764 11128.377
33.333 9938.292 9330.102 11189.388
34.483 9976.595 9359.317 11251.978
35.714 10016.135 9389.42 11317.436
37.037 10057 9420.481 11386.61
38.462 10099.287 9452.212 11457.584
40 10143.104 9484.842 11531.21
41.667 10188.571 9518.119 11608.547
43.478 10235.825 9552.577 11689.762
45.455 10285.02 9588.231 11775.96
47.619 10336.33 9625.147 11865.68
50 10389.955 9663.467 11961.178
52.632 10446.126 9703.209 12060.704
55.556 10505.109 9744.387 12167.192
58.824 10567.215 9787.442 12280.299
62.5 10632.811 9831.67 12402.854
66.667 10702.333 9878.609 12533.974
71.429 10776.305 9927.652 12674.4
76.923 10855.366 9979.706 12827.64
83.333 10940.304 10035.03 12992.822
90.909 11032.109 10093.208 13175.129
100 11132.047 10155.048 13377.191
111.111 11241.778 10222.066 13602.8
125 11363.532 10294.572 13857.995
142.857 11500.418 10374.074 14150.473
166.667 11656.949 10462.586 14495.462
200 11840.062 10563.101 14910.803
250 12061.246 10680.154 15430.794
333.333 12341.759 10821.166 16123.651
500 12728.485 11003.483 17133.304
1000 13367.074 11277.432 18978.426
1111.111 13461.728 11314.786 19270.646
1250 13566.805 11355.893 19602.6
1428.571 13684.998 11400.865 19985.4
1666.667 13820.219 11451.207 20432.235
2000 13978.478 11508.551 20969.171
2500 14169.735 11575.909 21643.631
3333.333 14412.41 11656.75 22537.924
5000 14747.132 11763.517 23851.141
10000 15300.12 11923.338 26250.078
