"Pr" "Mp" "Q_2" "Q_9"
1.01 3384.499 2459.324 3901.665
1.011 3417.144 2506.555 3927.135
1.012 3447.512 2550.42 3950.962
1.013 3475.943 2591.985 3973.432
1.014 3502.703 2630.296 3994.762
1.015 3528.008 2666.676 4015.153
1.016 3552.031 2700.673 4034.302
1.017 3574.918 2732.796 4052.981
1.018 3596.787 2763.539 4070.972
1.019 3617.742 2792.759 4088.077
1.02 3637.869 2821.094 4104.584
1.021 3657.243 2848.057 4120.748
1.022 3675.929 2873.794 4136.216
1.024 3693.983 2898.673 4151.228
1.025 3711.455 2922.887 4165.825
1.026 3728.388 2946.428 4180.075
1.027 3744.823 2969.205 4193.919
1.028 3760.792 2991.587 4207.519
1.029 3776.329 3012.679 4220.626
1.03 3791.46 3033.381 4233.577
1.031 3806.211 3053.801 4246.135
1.032 3820.606 3073.907 4258.496
1.033 3834.664 3093.047 4270.472
1.034 3848.405 3111.846 4282.412
1.035 3861.846 3130.264 4294.076
1.036 3875.004 3148.064 4305.562
1.037 3887.893 3165.452 4316.641
1.038 3900.526 3182.763 4327.73
1.04 3912.917 3199.762 4338.584
1.041 3925.077 3215.791 4349.301
1.042 3937.016 3231.902 4359.78
1.043 3948.745 3247.45 4370.079
1.044 3960.272 3262.925 4380.276
1.045 3971.608 3278.091 4390.301
1.046 3982.759 3293.186 4400.255
1.047 3993.733 3307.808 4409.871
1.048 4004.538 3322.086 4419.506
1.049 4015.181 3336.221 4429.044
1.05 4025.667 3349.999 4438.437
1.052 4036.002 3363.628 4447.62
1.053 4046.193 3377.002 4456.796
1.054 4056.244 3390.224 4465.812
1.055 4066.16 3403.74 4474.768
1.056 4075.947 3416.659 4483.816
1.057 4085.608 3429.272 4492.566
1.058 4095.148 3441.736 4501.19
1.059 4104.571 3453.916 4509.772
1.06 4113.881 3466.141 4518.128
1.062 4123.081 3478.011 4526.513
1.063 4132.175 3489.997 4534.62
1.064 4141.166 3501.631 4542.757
1.065 4150.057 3513.272 4550.977
1.066 4158.851 3524.708 4559.092
1.067 4167.552 3535.825 4566.952
1.068 4176.161 3546.768 4574.84
1.07 4184.682 3557.872 4582.637
1.071 4193.116 3568.802 4590.47
1.072 4201.467 3579.707 4598.227
1.073 4209.737 3590.447 4605.963
1.074 4217.928 3600.882 4613.505
1.075 4226.041 3611.456 4621.134
1.076 4234.079 3621.718 4628.537
1.078 4242.045 3632.013 4636.071
1.079 4249.939 3642.084 4643.409
1.08 4257.764 3651.982 4650.736
1.081 4265.521 3661.743 4658.069
1.082 4273.212 3671.532 4665.307
1.083 4280.839 3681.35 4672.486
1.085 4288.402 3691.108 4679.524
1.086 4295.905 3700.635 4686.549
1.087 4303.347 3709.972 4693.598
1.088 4310.731 3719.22 4700.664
1.089 4318.058 3728.359 4707.642
1.091 4325.329 3737.512 4714.506
1.092 4332.545 3746.519 4721.402
1.093 4339.708 3755.644 4728.265
1.094 4346.818 3764.584 4735.039
1.095 4353.877 3773.49 4741.719
1.096 4360.887 3782.253 4748.468
1.098 4367.847 3790.992 4755.125
1.099 4374.759 3799.492 4761.652
1.1 4381.624 3808.165 4768.249
1.101 4388.444 3816.668 4774.772
1.103 4395.218 3825.229 4781.323
1.104 4401.948 3833.755 4787.792
1.105 4408.635 3842.05 4794.329
1.106 4415.279 3850.146 4800.68
1.107 4421.882 3858.171 4806.981
1.109 4428.443 3865.995 4813.277
1.11 4434.965 3874.121 4819.514
1.111 4441.448 3882.165 4825.813
1.112 4447.892 3890.066 4831.965
1.114 4454.298 3897.858 4838.236
1.115 4460.667 3905.7 4844.497
1.116 4467 3913.391 4850.669
1.117 4473.297 3921.089 4856.805
1.119 4479.559 3928.677 4862.913
1.12 4485.786 3936.375 4869.055
1.121 4491.979 3943.996 4875.192
1.122 4498.14 3951.454 4881.215
1.124 4504.267 3959.006 4887.187
1.125 4510.362 3966.309 4893.101
1.126 4516.426 3973.699 4899.034
1.127 4522.458 3981.081 4904.904
1.129 4528.461 3988.4 4910.825
1.13 4534.433 3995.538 4916.723
1.131 4540.375 4002.848 4922.569
1.133 4546.289 4009.891 4928.322
1.134 4552.173 4017.007 4934.172
1.135 4558.03 4023.86 4939.959
1.136 4563.859 4030.956 4945.773
1.138 4569.661 4037.986 4951.479
1.139 4575.437 4044.977 4957.242
1.14 4581.185 4051.959 4963.024
1.142 4586.908 4058.95 4968.711
1.143 4592.606 4065.805 4974.414
1.144 4598.278 4072.588 4980.092
1.145 4603.925 4079.299 4985.745
1.147 4609.548 4086.02 4991.32
1.148 4615.148 4092.721 4996.972
1.149 4620.723 4099.438 5002.532
1.151 4626.275 4105.901 5008.047
1.152 4631.804 4112.476 5013.582
1.153 4637.311 4119.045 5019.112
1.155 4642.795 4125.482 5024.55
1.156 4648.258 4131.905 5029.94
1.157 4653.699 4138.313 5035.426
1.159 4659.118 4144.737 5040.958
1.16 4664.517 4151.109 5046.402
1.161 4669.894 4157.562 5051.854
1.163 4675.252 4163.911 5057.274
1.164 4680.589 4170.236 5062.683
1.166 4685.906 4176.481 5067.985
1.167 4691.204 4182.603 5073.317
1.168 4696.483 4188.714 5078.657
1.17 4701.742 4194.865 5084.047
1.171 4706.983 4200.967 5089.43
1.172 4712.205 4207.023 5094.607
1.174 4717.409 4212.937 5099.861
1.175 4722.595 4218.908 5105.059
1.176 4727.763 4224.873 5110.325
1.178 4732.914 4230.823 5115.56
1.179 4738.047 4236.848 5120.818
1.181 4743.163 4242.769 5125.986
1.182 4748.262 4248.646 5131.089
1.183 4753.345 4254.425 5136.216
1.185 4758.412 4260.261 5141.322
1.186 4763.462 4266.057 5146.373
1.188 4768.496 4271.801 5151.611
1.189 4773.514 4277.579 5156.69
1.19 4778.517 4283.382 5161.762
1.192 4783.505 4289.033 5166.848
1.193 4788.477 4294.799 5171.967
1.195 4793.434 4300.521 5177.045
1.196 4798.377 4306.214 5182.101
1.198 4803.305 4311.731 5187.101
1.199 4808.218 4317.386 5192.109
1.2 4813.117 4323.188 5197.108
1.202 4818.003 4329.015 5202.134
1.203 4822.874 4334.663 5207.144
1.205 4827.731 4340.18 5212.151
1.206 4832.575 4345.699 5217.223
1.208 4837.406 4351.209 5222.292
1.209 4842.223 4356.702 5227.297
1.211 4847.027 4362.093 5232.255
1.212 4851.819 4367.606 5237.232
1.214 4856.597 4373.054 5242.172
1.215 4861.363 4378.445 5247.116
1.217 4866.117 4383.803 5251.95
1.218 4870.858 4389.122 5256.844
1.22 4875.587 4394.455 5261.776
1.221 4880.305 4399.807 5266.744
1.222 4885.01 4405.044 5271.712
1.224 4889.703 4410.255 5276.519
1.225 4894.385 4415.44 5281.378
1.227 4899.056 4420.675 5286.245
1.229 4903.715 4425.88 5291.15
1.23 4908.363 4431.1 5295.95
1.232 4913 4436.204 5300.776
1.233 4917.626 4441.387 5305.55
1.235 4922.241 4446.572 5310.318
1.236 4926.846 4451.66 5315.078
1.238 4931.44 4456.711 5319.886
1.239 4936.023 4461.789 5324.66
1.241 4940.596 4466.796 5329.404
1.242 4945.159 4471.695 5334.262
1.244 4949.712 4476.666 5339.044
1.245 4954.255 4481.712 5343.77
1.247 4958.789 4486.746 5348.397
1.248 4963.312 4491.838 5353.194
1.25 4967.826 4496.874 5358.001
1.252 4972.33 4501.87 5362.657
1.253 4976.825 4506.965 5367.422
1.255 4981.31 4511.893 5372.185
1.256 4985.787 4516.735 5376.836
1.258 4990.254 4521.636 5381.563
1.259 4994.712 4526.607 5386.282
1.261 4999.162 4531.549 5390.906
1.263 5003.602 4536.455 5395.54
1.264 5008.034 4541.308 5400.126
1.266 5012.458 4546.029 5404.84
1.267 5016.872 4550.925 5409.366
1.269 5021.279 4555.72 5414.003
1.271 5025.677 4560.55 5418.577
1.272 5030.067 4565.286 5423.181
1.274 5034.448 4570.006 5427.79
1.276 5038.822 4574.749 5432.46
1.277 5043.188 4579.539 5437.051
1.279 5047.546 4584.282 5441.644
1.28 5051.896 4589.072 5446.289
1.282 5056.238 4593.778 5450.891
1.284 5060.573 4598.416 5455.431
1.285 5064.9 4603.141 5460.002
1.287 5069.22 4607.889 5464.651
1.289 5073.533 4612.472 5469.26
1.29 5077.838 4617.007 5473.821
1.292 5082.136 4621.632 5478.387
1.294 5086.427 4626.265 5482.973
1.295 5090.711 4630.924 5487.428
1.297 5094.987 4635.549 5492.002
1.299 5099.257 4640.011 5496.511
1.3 5103.521 4644.567 5501.009
1.302 5107.777 4649.089 5505.552
1.304 5112.027 4653.544 5510.045
1.305 5116.27 4658.111 5514.591
1.307 5120.507 4662.635 5519.125
1.309 5124.737 4667.257 5523.599
1.311 5128.961 4671.691 5528.068
1.312 5133.178 4676.188 5532.531
1.314 5137.39 4680.708 5536.907
1.316 5141.595 4685.231 5541.409
1.318 5145.794 4689.679 5545.877
1.319 5149.987 4694.207 5550.327
1.321 5154.174 4698.682 5554.852
1.323 5158.355 4703.26 5559.301
1.325 5162.53 4707.707 5563.671
1.326 5166.7 4712.176 5568.151
1.328 5170.864 4716.727 5572.58
1.33 5175.022 4721.099 5576.95
1.332 5179.175 4725.469 5581.432
1.333 5183.322 4729.909 5585.903
1.335 5187.463 4734.292 5590.374
1.337 5191.6 4738.76 5594.763
1.339 5195.731 4743.037 5599.26
1.34 5199.856 4747.36 5603.685
1.342 5203.977 4751.627 5608.067
1.344 5208.092 4755.916 5612.552
1.346 5212.202 4760.246 5616.96
1.348 5216.307 4764.575 5621.318
1.35 5220.407 4768.88 5625.663
1.351 5224.503 4773.225 5630.091
1.353 5228.593 4777.594 5634.472
1.355 5232.679 4781.921 5638.949
1.357 5236.759 4786.193 5643.284
1.359 5240.835 4790.466 5647.616
1.361 5244.907 4794.786 5652.009
1.362 5248.974 4799.1 5656.425
1.364 5253.036 4803.461 5660.841
1.366 5257.094 4807.709 5665.182
1.368 5261.147 4811.925 5669.56
1.37 5265.196 4816.151 5673.862
1.372 5269.24 4820.343 5678.247
1.374 5273.281 4824.591 5682.672
1.376 5277.317 4828.899 5687.065
1.377 5281.349 4833.136 5691.466
1.379 5285.376 4837.286 5695.815
1.381 5289.4 4841.517 5700.24
1.383 5293.42 4845.751 5704.62
1.385 5297.435 4849.971 5708.909
1.387 5301.447 4854.104 5713.282
1.389 5305.455 4858.256 5717.675
1.391 5309.458 4862.481 5722.019
1.393 5313.459 4866.551 5726.32
1.395 5317.455 4870.646 5730.657
1.397 5321.448 4874.759 5734.961
1.399 5325.436 4878.981 5739.269
1.401 5329.422 4883.086 5743.548
1.403 5333.403 4887.247 5747.863
1.404 5337.382 4891.374 5752.271
1.406 5341.356 4895.467 5756.559
1.408 5345.328 4899.592 5760.787
1.41 5349.296 4903.665 5765.115
1.412 5353.26 4907.816 5769.453
1.414 5357.221 4911.866 5773.752
1.416 5361.179 4915.964 5778.075
1.418 5365.134 4919.949 5782.399
1.42 5369.085 4924.05 5786.741
1.422 5373.034 4928.102 5791.067
1.425 5376.979 4932.164 5795.425
1.427 5380.921 4936.18 5799.727
1.429 5384.86 4940.262 5803.988
1.431 5388.796 4944.298 5808.341
1.433 5392.729 4948.412 5812.676
1.435 5396.66 4952.485 5816.937
1.437 5400.587 4956.462 5821.158
1.439 5404.512 4960.553 5825.471
1.441 5408.434 4964.626 5829.763
1.443 5412.353 4968.711 5833.961
1.445 5416.269 4972.757 5838.253
1.447 5420.183 4976.769 5842.582
1.449 5424.094 4980.855 5846.794
1.451 5428.002 4984.846 5851.04
1.453 5431.908 4988.816 5855.268
1.456 5435.811 4992.857 5859.533
1.458 5439.712 4996.789 5863.886
1.46 5443.611 5000.818 5868.125
1.462 5447.507 5004.77 5872.371
1.464 5451.4 5008.732 5876.615
1.466 5455.292 5012.671 5880.979
1.468 5459.181 5016.623 5885.251
1.471 5463.067 5020.639 5889.519
1.473 5466.952 5024.645 5893.774
1.475 5470.834 5028.633 5898.06
1.477 5474.714 5032.581 5902.298
1.479 5478.592 5036.517 5906.591
1.481 5482.468 5040.462 5910.768
1.484 5486.342 5044.405 5914.983
1.486 5490.214 5048.379 5919.343
1.488 5494.084 5052.407 5923.628
1.49 5497.952 5056.257 5927.833
1.493 5501.818 5060.171 5931.997
1.495 5505.682 5064.103 5936.281
1.497 5509.544 5067.928 5940.493
1.499 5513.405 5071.761 5944.655
1.502 5517.263 5075.657 5948.961
1.504 5521.12 5079.527 5953.217
1.506 5524.976 5083.408 5957.619
1.508 5528.829 5087.221 5961.865
1.511 5532.681 5091.054 5966.118
1.513 5536.531 5094.99 5970.373
1.515 5540.38 5098.8 5974.573
1.517 5544.227 5102.622 5978.764
1.52 5548.072 5106.532 5982.946
1.522 5551.916 5110.362 5987.18
1.524 5555.759 5114.265 5991.38
1.527 5559.6 5118.126 5995.625
1.529 5563.44 5121.969 5999.913
1.531 5567.278 5125.908 6004.159
1.534 5571.115 5129.762 6008.405
1.536 5574.951 5133.69 6012.611
1.538 5578.785 5137.575 6016.916
1.541 5582.618 5141.438 6021.181
1.543 5586.45 5145.311 6025.321
1.546 5590.281 5149.12 6029.492
1.548 5594.111 5152.941 6033.731
1.55 5597.939 5156.772 6038.009
1.553 5601.767 5160.617 6042.278
1.555 5605.593 5164.429 6046.505
1.558 5609.418 5168.206 6050.785
1.56 5613.242 5172.109 6055.049
1.563 5617.066 5175.911 6059.252
1.565 5620.888 5179.733 6063.436
1.567 5624.709 5183.501 6067.599
1.57 5628.53 5187.362 6071.865
1.572 5632.35 5191.159 6076.031
1.575 5636.168 5194.96 6080.246
1.577 5639.986 5198.794 6084.477
1.58 5643.804 5202.654 6088.772
1.582 5647.62 5206.443 6093.025
1.585 5651.436 5210.259 6097.235
1.587 5655.251 5214.121 6101.406
1.59 5659.065 5217.916 6105.678
1.592 5662.879 5221.698 6109.971
1.595 5666.692 5225.408 6114.245
1.597 5670.505 5229.117 6118.482
1.6 5674.317 5232.771 6122.704
1.603 5678.128 5236.547 6126.901
1.605 5681.939 5240.389 6131.214
1.608 5685.75 5244.174 6135.486
1.61 5689.56 5247.952 6139.763
1.613 5693.369 5251.757 6143.959
1.616 5697.179 5255.573 6148.194
1.618 5700.988 5259.411 6152.442
1.621 5704.796 5263.164 6156.706
1.623 5708.604 5266.931 6160.889
1.626 5712.412 5270.773 6165.078
1.629 5716.22 5274.571 6169.303
1.631 5720.028 5278.271 6173.482
1.634 5723.835 5281.989 6177.731
1.637 5727.642 5285.705 6181.92
1.639 5731.449 5289.491 6186.136
1.642 5735.256 5293.278 6190.379
1.645 5739.063 5297.101 6194.558
1.647 5742.869 5300.787 6198.717
1.65 5746.676 5304.593 6203.003
1.653 5750.483 5308.315 6207.24
1.656 5754.289 5312.039 6211.55
1.658 5758.096 5315.749 6215.841
1.661 5761.903 5319.592 6220.092
1.664 5765.71 5323.31 6224.289
1.667 5769.517 5327.186 6228.482
1.669 5773.324 5330.916 6232.633
1.672 5777.131 5334.572 6236.878
1.675 5780.939 5338.331 6241.109
1.678 5784.746 5342.136 6245.387
1.681 5788.554 5345.85 6249.694
1.684 5792.363 5349.615 6253.94
1.686 5796.171 5353.345 6258.161
1.689 5799.98 5357.1 6262.375
1.692 5803.789 5360.948 6266.612
1.695 5807.599 5364.773 6270.829
1.698 5811.409 5368.507 6275.041
1.701 5815.219 5372.391 6279.308
1.704 5819.03 5376.194 6283.551
1.706 5822.841 5379.963 6287.829
1.709 5826.653 5383.716 6292.08
1.712 5830.466 5387.453 6296.422
1.715 5834.278 5391.23 6300.71
1.718 5838.092 5395.005 6304.963
1.721 5841.906 5398.725 6309.235
1.724 5845.721 5402.402 6313.52
1.727 5849.536 5406.253 6317.835
1.73 5853.352 5409.961 6322.134
1.733 5857.169 5413.707 6326.41
1.736 5860.987 5417.381 6330.693
1.739 5864.805 5421.084 6334.921
1.742 5868.624 5424.81 6339.193
1.745 5872.444 5428.572 6343.455
1.748 5876.264 5432.311 6347.748
1.751 5880.086 5436.121 6352.019
1.754 5883.908 5439.824 6356.346
1.757 5887.732 5443.534 6360.619
1.761 5891.556 5447.216 6364.969
1.764 5895.381 5450.92 6369.354
1.767 5899.207 5454.601 6373.619
1.77 5903.035 5458.316 6377.948
1.773 5906.863 5461.943 6382.248
1.776 5910.692 5465.572 6386.585
1.779 5914.522 5469.384 6390.809
1.783 5918.354 5473.217 6395.099
1.786 5922.187 5476.967 6399.529
1.789 5926.02 5480.728 6403.745
1.792 5929.855 5484.418 6408.021
1.795 5933.691 5488.091 6412.365
1.799 5937.529 5491.817 6416.559
1.802 5941.368 5495.545 6420.95
1.805 5945.207 5499.345 6425.237
1.808 5949.049 5503.155 6429.576
1.812 5952.891 5506.894 6433.89
1.815 5956.735 5510.632 6438.151
1.818 5960.581 5514.443 6442.489
1.821 5964.427 5518.144 6446.85
1.825 5968.275 5521.854 6451.179
1.828 5972.125 5525.623 6455.532
1.832 5975.976 5529.366 6459.894
1.835 5979.829 5533.263 6464.248
1.838 5983.683 5537.032 6468.552
1.842 5987.539 5540.784 6472.832
1.845 5991.396 5544.655 6477.128
1.848 5995.255 5548.443 6481.432
1.852 5999.115 5552.16 6485.869
1.855 6002.978 5555.9 6490.2
1.859 6006.841 5559.741 6494.552
1.862 6010.707 5563.435 6498.944
1.866 6014.574 5567.235 6503.296
1.869 6018.443 5570.966 6507.647
1.873 6022.314 5574.739 6512.112
1.876 6026.187 5578.448 6516.457
1.88 6030.062 5582.297 6520.77
1.883 6033.938 5586.014 6525.12
1.887 6037.816 5589.753 6529.549
1.89 6041.696 5593.496 6533.948
1.894 6045.579 5597.212 6538.365
1.898 6049.463 5601 6542.79
1.901 6053.349 5604.737 6547.117
1.905 6057.237 5608.518 6551.434
1.908 6061.127 5612.32 6555.778
1.912 6065.019 5616.057 6560.134
1.916 6068.913 5619.745 6564.538
1.919 6072.81 5623.49 6568.894
1.923 6076.708 5627.121 6573.222
1.927 6080.609 5630.932 6577.706
1.931 6084.512 5634.777 6582.172
1.934 6088.417 5638.567 6586.622
1.938 6092.325 5642.392 6590.958
1.942 6096.234 5646.229 6595.449
1.946 6100.146 5649.977 6599.813
1.949 6104.061 5653.688 6604.165
1.953 6107.977 5657.516 6608.595
1.957 6111.896 5661.295 6613.065
1.961 6115.818 5665.142 6617.479
1.965 6119.742 5668.923 6621.899
1.969 6123.668 5672.661 6626.349
1.972 6127.597 5676.417 6630.842
1.976 6131.528 5680.236 6635.29
1.98 6135.462 5684.03 6639.686
1.984 6139.399 5687.863 6644.111
1.988 6143.338 5691.705 6648.566
1.992 6147.279 5695.535 6653.1
1.996 6151.223 5699.392 6657.531
2 6155.17 5703.149 6662.018
2.004 6159.12 5706.914 6666.447
2.008 6163.073 5710.667 6670.902
2.012 6167.028 5714.449 6675.303
2.016 6170.986 5718.293 6679.784
2.02 6174.946 5722.155 6684.283
2.024 6178.91 5725.997 6688.797
2.028 6182.876 5729.822 6693.372
2.033 6186.846 5733.695 6697.825
2.037 6190.818 5737.593 6702.376
2.041 6194.793 5741.381 6706.863
2.045 6198.771 5745.256 6711.365
2.049 6202.752 5749.036 6715.903
2.053 6206.737 5752.918 6720.479
2.058 6210.724 5756.775 6725.01
2.062 6214.714 5760.6 6729.452
2.066 6218.708 5764.43 6734.023
2.07 6222.704 5768.309 6738.597
2.075 6226.704 5772.125 6743.154
2.079 6230.707 5776.037 6747.757
2.083 6234.713 5779.916 6752.396
2.088 6238.722 5783.804 6757.012
2.092 6242.735 5787.659 6761.587
2.096 6246.751 5791.533 6766.148
2.101 6250.771 5795.366 6770.658
2.105 6254.793 5799.209 6775.226
2.11 6258.819 5803.12 6779.817
2.114 6262.849 5806.988 6784.516
2.119 6266.882 5810.846 6789.095
2.123 6270.919 5814.664 6793.642
2.128 6274.959 5818.488 6798.145
2.132 6279.002 5822.406 6802.797
2.137 6283.049 5826.39 6807.457
2.141 6287.1 5830.299 6812.029
2.146 6291.154 5834.239 6816.601
2.151 6295.212 5838.182 6821.152
2.155 6299.274 5842.031 6825.727
2.16 6303.34 5845.951 6830.299
2.165 6307.409 5849.894 6834.941
2.169 6311.482 5853.747 6839.568
2.174 6315.559 5857.732 6844.276
2.179 6319.639 5861.727 6849.033
2.183 6323.724 5865.737 6853.687
2.188 6327.812 5869.701 6858.405
2.193 6331.905 5873.597 6863.131
2.198 6336.001 5877.418 6867.777
2.203 6340.102 5881.433 6872.472
2.208 6344.206 5885.383 6877.077
2.212 6348.315 5889.36 6881.795
2.217 6352.427 5893.321 6886.531
2.222 6356.544 5897.362 6891.262
2.227 6360.665 5901.317 6895.943
2.232 6364.79 5905.299 6900.604
2.237 6368.919 5909.207 6905.355
2.242 6373.053 5913.187 6910.084
2.247 6377.19 5917.189 6914.782
2.252 6381.333 5921.178 6919.43
2.257 6385.479 5925.191 6924.139
2.262 6389.63 5929.129 6928.881
2.268 6393.785 5933.091 6933.591
2.273 6397.945 5937.017 6938.401
2.278 6402.109 5941.04 6943.27
2.283 6406.278 5945.018 6948.05
2.288 6410.452 5948.949 6952.79
2.294 6414.63 5953.035 6957.548
2.299 6418.812 5957.093 6962.352
2.304 6422.999 5961.167 6967.109
2.309 6427.191 5965.212 6971.867
2.315 6431.388 5969.215 6976.636
2.32 6435.589 5973.248 6981.488
2.326 6439.796 5977.257 6986.285
2.331 6444.007 5981.241 6991.116
2.336 6448.223 5985.237 6995.882
2.342 6452.444 5989.334 7000.684
2.347 6456.669 5993.405 7005.533
2.353 6460.9 5997.497 7010.362
2.358 6465.136 6001.598 7015.229
2.364 6469.377 6005.733 7020.101
2.37 6473.622 6009.76 7024.963
2.375 6477.873 6013.777 7029.778
2.381 6482.13 6017.944 7034.567
2.387 6486.391 6022.012 7039.425
2.392 6490.658 6026.114 7044.336
2.398 6494.929 6030.238 7049.214
2.404 6499.207 6034.35 7053.984
2.41 6503.489 6038.485 7058.959
2.415 6507.777 6042.582 7063.869
2.421 6512.07 6046.7 7068.824
2.427 6516.369 6050.759 7073.808
2.433 6520.673 6054.866 7078.689
2.439 6524.983 6059.013 7083.582
2.445 6529.299 6063.22 7088.549
2.451 6533.62 6067.277 7093.535
2.457 6537.946 6071.484 7098.419
2.463 6542.279 6075.598 7103.374
2.469 6546.617 6079.741 7108.326
2.475 6550.961 6083.891 7113.262
2.481 6555.31 6088.086 7118.196
2.488 6559.666 6092.244 7123.176
2.494 6564.027 6096.467 7128.216
2.5 6568.394 6100.566 7133.229
2.506 6572.768 6104.815 7138.303
2.513 6577.147 6108.978 7143.323
2.519 6581.533 6113.159 7148.327
2.525 6585.924 6117.287 7153.341
2.532 6590.322 6121.425 7158.484
2.538 6594.726 6125.663 7163.546
2.545 6599.136 6129.876 7168.609
2.551 6603.552 6134.17 7173.811
2.558 6607.975 6138.372 7178.798
2.564 6612.404 6142.593 7183.863
2.571 6616.839 6146.795 7188.964
2.577 6621.281 6151.072 7194.128
2.584 6625.729 6155.297 7199.247
2.591 6630.184 6159.602 7204.307
2.597 6634.646 6163.897 7209.44
2.604 6639.114 6168.067 7214.521
2.611 6643.589 6172.298 7219.64
2.618 6648.07 6176.662 7224.755
2.625 6652.559 6180.887 7229.91
2.632 6657.054 6185.189 7235.026
2.639 6661.556 6189.496 7240.132
2.646 6666.065 6193.826 7245.264
2.653 6670.581 6198.187 7250.387
2.66 6675.103 6202.597 7255.584
2.667 6679.633 6206.973 7260.751
2.674 6684.17 6211.298 7266.058
2.681 6688.714 6215.597 7271.261
2.688 6693.266 6219.951 7276.564
2.695 6697.824 6224.244 7281.918
2.703 6702.39 6228.508 7287.284
2.71 6706.964 6232.81 7292.555
2.717 6711.544 6237.26 7297.879
2.725 6716.132 6241.746 7303.23
2.732 6720.728 6246.188 7308.586
2.74 6725.331 6250.586 7313.831
2.747 6729.942 6254.973 7319.223
2.755 6734.56 6259.403 7324.573
2.762 6739.186 6263.852 7329.857
2.77 6743.82 6268.288 7335.257
2.778 6748.462 6272.724 7340.593
2.786 6753.111 6277.125 7346.018
2.793 6757.769 6281.621 7351.368
2.801 6762.434 6286.097 7356.68
2.809 6767.108 6290.606 7361.948
2.817 6771.789 6295.05 7367.338
2.825 6776.479 6299.557 7372.737
2.833 6781.177 6304.055 7378.197
2.841 6785.883 6308.526 7383.643
2.849 6790.598 6313.02 7389.053
2.857 6795.321 6317.526 7394.392
2.865 6800.052 6322.078 7399.835
2.874 6804.792 6326.634 7405.25
2.882 6809.54 6331.137 7410.859
2.89 6814.297 6335.705 7416.311
2.899 6819.063 6340.281 7421.788
2.907 6823.837 6344.878 7427.342
2.915 6828.62 6349.444 7432.889
2.924 6833.412 6354.037 7438.467
2.933 6838.213 6358.602 7444.075
2.941 6843.023 6363.197 7449.683
2.95 6847.841 6367.811 7455.358
2.959 6852.669 6372.411 7460.921
2.967 6857.507 6377.006 7466.558
2.976 6862.353 6381.649 7472.282
2.985 6867.209 6386.269 7477.902
2.994 6872.074 6390.847 7483.558
3.003 6876.948 6395.498 7489.217
3.012 6881.832 6400.165 7494.908
3.021 6886.725 6404.783 7500.562
3.03 6891.628 6409.443 7506.275
3.04 6896.541 6414.184 7512.037
3.049 6901.464 6418.92 7517.781
3.058 6906.396 6423.64 7523.553
3.067 6911.338 6428.394 7529.418
3.077 6916.29 6433.122 7535.201
3.086 6921.253 6437.839 7541.027
3.096 6926.225 6442.55 7546.655
3.106 6931.207 6447.32 7552.48
3.115 6936.2 6452.131 7558.236
3.125 6941.203 6456.915 7564.115
3.135 6946.217 6461.646 7569.956
3.145 6951.241 6466.406 7575.843
3.155 6956.275 6471.243 7581.66
3.165 6961.32 6476.027 7587.559
3.175 6966.376 6480.825 7593.363
3.185 6971.443 6485.641 7599.265
3.195 6976.52 6490.539 7605.178
3.205 6981.609 6495.395 7611.117
3.215 6986.708 6500.305 7616.979
3.226 6991.818 6505.183 7623.003
3.236 6996.94 6510.053 7629.017
3.247 7002.073 6514.998 7635.016
3.257 7007.217 6519.877 7641.011
3.268 7012.373 6524.797 7647.1
3.279 7017.54 6529.722 7653.117
3.289 7022.719 6534.585 7659.244
3.3 7027.909 6539.472 7665.243
3.311 7033.111 6544.451 7671.287
3.322 7038.325 6549.508 7677.445
3.333 7043.551 6554.454 7683.572
3.344 7048.789 6559.333 7689.715
3.356 7054.039 6564.384 7695.746
3.367 7059.301 6569.486 7702.036
3.378 7064.576 6574.557 7708.197
3.39 7069.863 6579.596 7714.401
3.401 7075.162 6584.608 7720.691
3.413 7080.474 6589.776 7727.07
3.425 7085.799 6594.925 7733.446
3.436 7091.136 6599.992 7739.734
3.448 7096.486 6605.117 7746.063
3.46 7101.849 6610.174 7752.333
3.472 7107.226 6615.3 7758.651
3.484 7112.615 6620.29 7764.98
3.497 7118.017 6625.449 7771.322
3.509 7123.433 6630.544 7777.82
3.521 7128.863 6635.689 7784.241
3.534 7134.306 6640.908 7790.679
3.546 7139.762 6646.068 7797.093
3.559 7145.232 6651.381 7803.581
3.571 7150.716 6656.569 7810.195
3.584 7156.215 6661.757 7816.75
3.597 7161.727 6667.024 7823.442
3.61 7167.253 6672.3 7830.061
3.623 7172.794 6677.476 7836.684
3.636 7178.349 6682.811 7843.234
3.65 7183.918 6688.048 7849.927
3.663 7189.503 6693.273 7856.574
3.676 7195.102 6698.586 7863.151
3.69 7200.715 6703.9 7869.725
3.704 7206.344 6709.196 7876.485
3.717 7211.988 6714.58 7883.118
3.731 7217.647 6719.929 7889.898
3.745 7223.322 6725.252 7896.714
3.759 7229.012 6730.607 7903.374
3.774 7234.717 6735.931 7910.099
3.788 7240.438 6741.413 7916.887
3.802 7246.175 6746.892 7923.686
3.817 7251.928 6752.366 7930.451
3.831 7257.697 6757.817 7937.282
3.846 7263.483 6763.302 7944.166
3.861 7269.284 6768.852 7951.135
3.876 7275.103 6774.363 7958.12
3.891 7280.937 6779.768 7965.052
3.906 7286.789 6785.326 7972.091
3.922 7292.657 6790.98 7979.069
3.937 7298.543 6796.634 7986.001
3.953 7304.445 6802.264 7993.019
3.968 7310.365 6807.817 8000.035
3.984 7316.303 6813.385 8007.047
4 7322.258 6819.078 8014.229
4.016 7328.231 6824.807 8021.354
4.032 7334.221 6830.588 8028.614
4.049 7340.23 6836.346 8035.851
4.065 7346.257 6842.101 8043.195
4.082 7352.302 6847.855 8050.468
4.098 7358.366 6853.687 8057.793
4.115 7364.449 6859.615 8065.229
4.132 7370.55 6865.492 8072.736
4.149 7376.67 6871.223 8080.12
4.167 7382.81 6877.04 8087.519
4.184 7388.969 6882.822 8094.934
4.202 7395.147 6888.686 8102.522
4.219 7401.345 6894.541 8109.916
4.237 7407.563 6900.387 8117.465
4.255 7413.801 6906.266 8124.954
4.274 7420.059 6912.188 8132.619
4.292 7426.337 6918.111 8140.161
4.31 7432.636 6924.084 8147.715
4.329 7438.956 6930.007 8155.44
4.348 7445.297 6936.065 8163.045
4.367 7451.659 6942.022 8170.642
4.386 7458.042 6948.065 8178.341
4.405 7464.446 6954.209 8186.072
4.425 7470.872 6960.306 8193.899
4.444 7477.32 6966.287 8201.76
4.464 7483.79 6972.353 8209.696
4.484 7490.283 6978.452 8217.547
4.505 7496.798 6984.633 8225.694
4.525 7503.335 6990.761 8233.745
4.545 7509.896 6996.976 8241.804
4.566 7516.48 7003.166 8249.942
4.587 7523.087 7009.376 8258.026
4.608 7529.717 7015.661 8266.27
4.63 7536.371 7021.92 8274.379
4.651 7543.05 7028.249 8282.681
4.673 7549.752 7034.61 8290.863
4.695 7556.479 7041.02 8299.22
4.717 7563.231 7047.413 8307.596
4.739 7570.007 7053.905 8315.983
4.762 7576.809 7060.378 8324.366
4.785 7583.636 7066.783 8332.768
4.808 7590.489 7073.279 8341.321
4.831 7597.368 7079.838 8349.831
4.854 7604.272 7086.324 8358.41
4.878 7611.204 7092.944 8366.88
4.902 7618.162 7099.555 8375.561
4.926 7625.147 7106.129 8384.258
4.95 7632.159 7112.727 8392.914
4.975 7639.198 7119.283 8401.603
5 7646.266 7125.982 8410.287
5.025 7653.361 7132.6 8419.095
5.051 7660.485 7139.283 8427.978
5.076 7667.637 7146.169 8436.746
5.102 7674.818 7152.875 8445.62
5.128 7682.029 7159.615 8454.55
5.155 7689.269 7166.353 8463.586
5.181 7696.539 7173.184 8472.689
5.208 7703.839 7179.923 8481.764
5.236 7711.169 7186.805 8491.045
5.263 7718.53 7193.693 8500.164
5.291 7725.922 7200.651 8509.394
5.319 7733.346 7207.579 8518.661
5.348 7740.801 7214.443 8527.829
5.376 7748.289 7221.447 8537.128
5.405 7755.809 7228.453 8546.447
5.435 7763.361 7235.453 8555.936
5.464 7770.947 7242.536 8565.596
5.495 7778.567 7249.652 8575.306
5.525 7786.22 7256.876 8584.681
5.556 7793.908 7264.108 8594.391
5.587 7801.63 7271.39 8604.157
5.618 7809.387 7278.552 8614.109
5.65 7817.18 7285.838 8623.951
5.682 7825.008 7293.091 8633.731
5.714 7832.873 7300.413 8643.99
5.747 7840.774 7307.678 8654.13
5.78 7848.712 7315.043 8664.164
5.814 7856.688 7322.499 8674.389
5.848 7864.702 7329.921 8684.72
5.882 7872.754 7337.323 8695.048
5.917 7880.845 7344.858 8705.245
5.952 7888.976 7352.445 8715.71
5.988 7897.146 7360.151 8726.174
6.024 7905.356 7367.817 8736.624
6.061 7913.607 7375.595 8747.257
6.098 7921.899 7383.314 8758.039
6.135 7930.233 7391.104 8768.858
6.173 7938.609 7398.911 8779.683
6.211 7947.027 7406.685 8790.958
6.25 7955.489 7414.437 8801.99
6.289 7963.995 7422.365 8812.916
6.329 7972.545 7430.273 8823.949
6.369 7981.14 7438.193 8835.161
6.41 7989.78 7446.077 8846.528
6.452 7998.467 7454.114 8857.623
6.494 8007.2 7462.295 8869.037
6.536 8015.98 7470.527 8880.501
6.579 8024.808 7478.689 8892.259
6.623 8033.685 7486.913 8903.995
6.667 8042.61 7495.086 8915.724
6.711 8051.586 7503.46 8927.543
6.757 8060.611 7511.85 8939.561
6.803 8069.688 7520.343 8951.817
6.849 8078.817 7528.779 8963.928
6.897 8087.998 7537.385 8976.218
6.944 8097.232 7545.829 8988.454
6.993 8106.52 7554.465 9001.099
7.042 8115.862 7563.005 9013.596
7.092 8125.261 7571.646 9026.265
7.143 8134.715 7580.324 9038.879
7.194 8144.226 7589.138 9051.61
7.246 8153.795 7597.928 9064.399
7.299 8163.423 7606.759 9077.285
7.353 8173.11 7615.787 9090.477
7.407 8182.857 7624.728 9103.616
7.463 8192.666 7633.663 9116.774
7.519 8202.537 7642.781 9130.251
7.576 8212.47 7651.973 9143.688
7.634 8222.468 7661.204 9157.12
7.692 8232.531 7670.438 9170.658
7.752 8242.659 7679.665 9184.331
7.812 8252.854 7688.971 9198.129
7.874 8263.118 7698.493 9212.224
7.937 8273.45 7707.922 9226.227
8 8283.852 7717.476 9240.505
8.065 8294.326 7727.069 9254.917
8.13 8304.872 7736.753 9269.545
8.197 8315.491 7746.32 9284.169
8.264 8326.185 7756.016 9298.915
8.333 8336.954 7765.773 9313.886
8.403 8347.801 7775.583 9329.083
8.475 8358.726 7785.725 9344.357
8.547 8369.731 7795.521 9359.59
8.621 8380.817 7805.702 9375.008
8.696 8391.985 7815.692 9390.465
8.772 8403.237 7825.795 9406.468
8.85 8414.574 7836.1 9422.405
8.929 8425.998 7846.363 9438.596
9.009 8437.51 7856.695 9454.636
9.091 8449.111 7867.258 9471.204
9.174 8460.805 7877.86 9487.698
9.259 8472.591 7888.551 9504.601
9.346 8484.472 7899.237 9521.342
9.434 8496.449 7909.978 9538.29
9.524 8508.524 7920.84 9555.917
9.615 8520.7 7931.722 9573.522
9.709 8532.977 7942.77 9591.208
9.804 8545.359 7953.849 9608.943
9.901 8557.846 7965.002 9626.761
10 8570.441 7976.318 9645.21
10.101 8583.146 7987.754 9663.505
10.204 8595.963 7999.208 9682.131
10.309 8608.895 8010.988 9701.295
10.417 8621.944 8022.754 9720.667
10.526 8635.111 8034.583 9739.931
10.638 8648.401 8046.388 9759.516
10.753 8661.814 8058.47 9779.282
10.87 8675.354 8070.567 9799.545
10.989 8689.023 8082.789 9819.933
11.111 8702.825 8094.887 9840.297
11.236 8716.762 8107.474 9860.996
11.364 8730.836 8119.937 9881.896
11.494 8745.052 8132.381 9903.049
11.628 8759.412 8145.16 9924.233
11.765 8773.92 8157.864 9946.239
11.905 8788.579 8170.863 9968.226
12.048 8803.392 8183.929 9990.778
12.195 8818.363 8197.248 10013.544
12.346 8833.496 8210.409 10036.658
12.5 8848.795 8223.903 10060.149
12.658 8864.263 8237.287 10083.985
12.821 8879.906 8251.059 10107.675
12.987 8895.727 8264.949 10132.229
13.158 8911.73 8278.824 10156.78
13.333 8927.922 8292.937 10181.781
13.514 8944.306 8307.245 10207.395
13.699 8960.887 8321.674 10233.508
13.889 8977.671 8336.386 10259.751
14.085 8994.664 8351.195 10286.631
14.286 9011.87 8366.128 10313.778
14.493 9029.297 8381.164 10341.344
14.706 9046.95 8396.351 10369.247
14.925 9064.835 8411.87 10397.848
15.152 9082.96 8427.488 10427.627
15.385 9101.332 8443.361 10457.125
15.625 9119.958 8459.348 10487.241
15.873 9138.845 8475.377 10517.421
16.129 9158.003 8491.562 10548.487
16.393 9177.439 8508.17 10580.093
16.667 9197.162 8524.957 10612.189
16.949 9217.182 8541.918 10645.81
17.241 9237.508 8559.323 10679.4
17.544 9258.151 8576.806 10713.602
17.857 9279.121 8594.508 10748.134
18.182 9300.431 8612.446 10783.775
18.519 9322.092 8630.571 10819.87
18.868 9344.116 8649.137 10856.433
19.231 9366.518 8667.808 10894.379
19.608 9389.311 8687.086 10933.812
20 9412.51 8706.335 10973.665
20.408 9436.132 8725.952 11014.221
20.833 9460.192 8745.792 11055.816
21.277 9484.71 8765.776 11098.231
21.739 9509.704 8786.108 11141.295
22.222 9535.193 8807.289 11185.75
22.727 9561.201 8828.568 11231.468
23.256 9587.749 8850.175 11278.506
23.81 9614.862 8872.411 11326.292
24.39 9642.567 8894.961 11375.716
25 9670.892 8917.864 11426.096
25.641 9699.867 8941.41 11478.255
26.316 9729.525 8965.256 11531.642
27.027 9759.901 8989.647 11587.079
27.778 9791.033 9014.332 11644.095
28.571 9822.962 9040.078 11703.697
29.412 9855.733 9066.209 11764.314
30.303 9889.394 9092.903 11827.125
31.25 9923.998 9120.316 11892.55
32.258 9959.603 9148.27 11960.823
33.333 9996.273 9177.246 12031.413
34.483 10034.076 9206.411 12104.059
35.714 10073.091 9236.743 12180.188
37.037 10113.401 9267.797 12258.256
38.462 10155.102 9299.516 12340.858
40 10198.298 9332.424 12426.706
41.667 10243.107 9366.096 12516.304
43.478 10289.662 9401.603 12610.16
45.455 10338.113 9437.952 12710.372
47.619 10388.629 9475.344 12815.124
50 10441.405 9514.865 12925.031
52.632 10496.664 9555.909 13041.47
55.556 10554.667 9598.471 13165.088
58.824 10615.714 9642.486 13296.822
62.5 10680.161 9689 13438.372
66.667 10748.433 9737.281 13590.007
71.429 10821.037 9788.681 13754.281
76.923 10898.593 9842.85 13930.373
83.333 10981.864 9900.171 14124.906
90.909 11071.809 9961.609 14337.099
100 11169.654 10027.08 14574.218
111.111 11277.002 10098.005 14839.865
125 11396.01 10174.939 15143.029
142.857 11529.677 10260.065 15491.468
166.667 11682.359 10355.121 15898.91
200 11860.735 10462.935 16393.212
250 12075.862 10589.014 17011.992
333.333 12348.154 10743.624 17839.99
500 12722.544 10944.07 19071.474
1000 13338.155 11246.153 21339.426
1111.111 13429.12 11287.714 21701.851
1250 13530.016 11333.536 22111.875
1428.571 13643.395 11383.769 22584.865
1666.667 13772.965 11439.708 23141.711
2000 13924.414 11503.028 23822.886
2500 14107.154 11577.573 24676.088
3333.333 14338.567 11668.408 25812.079
5000 14656.904 11787.419 27499.369
10000 15180.606 11969.891 30590.464
