"Pr" "Mp" "Q_2" "Q_9"
1.01 3301.517 2401.471 3882.369
1.011 3334.596 2450.845 3908.587
1.012 3365.366 2495.995 3933.282
1.013 3394.171 2538.054 3956.243
1.014 3421.282 2577.785 3978.249
1.015 3446.917 2614.814 3999.165
1.016 3471.253 2650.041 4019.229
1.017 3494.437 2683.173 4038.304
1.018 3516.589 2715.876 4056.74
1.019 3537.814 2746.429 4074.446
1.02 3558.2 2776.177 4091.438
1.021 3577.822 2804.41 4107.951
1.022 3596.746 2831.361 4123.845
1.024 3615.03 2857.396 4139.55
1.025 3632.723 2882.271 4154.568
1.026 3649.871 2906.879 4169.483
1.027 3666.513 2930.447 4183.877
1.028 3682.684 2953.283 4197.904
1.029 3698.416 2975.386 4211.682
1.03 3713.737 2996.795 4225.047
1.031 3728.673 3017.752 4238.068
1.032 3743.246 3038.134 4250.706
1.033 3757.48 3057.441 4263.393
1.034 3771.391 3076.621 4275.726
1.035 3785 3095.714 4287.838
1.036 3798.32 3114.098 4299.684
1.037 3811.368 3132.251 4311.214
1.038 3824.157 3150.095 4322.717
1.04 3836.701 3167.766 4333.836
1.041 3849.009 3184.664 4344.743
1.042 3861.095 3201.273 4355.815
1.043 3872.967 3217.519 4366.605
1.044 3884.635 3233.946 4377.203
1.045 3896.109 3249.641 4387.627
1.046 3907.395 3264.983 4397.904
1.047 3918.503 3280.515 4407.85
1.048 3929.439 3295.178 4417.725
1.049 3940.21 3309.635 4427.37
1.05 3950.823 3324.346 4436.933
1.052 3961.283 3338.725 4446.433
1.053 3971.596 3352.746 4455.884
1.054 3981.768 3366.49 4465.392
1.055 3991.803 3379.75 4474.68
1.056 4001.707 3392.817 4484.038
1.057 4011.484 3405.93 4493.084
1.058 4021.138 3418.75 4502.166
1.059 4030.673 3431.464 4511.005
1.06 4040.093 3444.05 4519.72
1.062 4049.403 3456.561 4528.226
1.063 4058.604 3468.887 4536.842
1.064 4067.702 3481.239 4545.376
1.065 4076.698 3493.181 4553.822
1.066 4085.596 3504.898 4562.086
1.067 4094.399 3516.269 4570.64
1.068 4103.11 3527.561 4578.832
1.07 4111.731 3538.704 4587.044
1.071 4120.265 3549.803 4594.816
1.072 4128.714 3560.492 4602.907
1.073 4137.08 3571.364 4610.939
1.074 4145.366 3582.042 4618.966
1.075 4153.574 3592.604 4626.883
1.076 4161.707 3603.221 4634.582
1.078 4169.765 3613.292 4642.355
1.079 4177.751 3623.408 4649.943
1.08 4185.666 3633.71 4657.508
1.081 4193.513 3643.966 4665.223
1.082 4201.293 3654.197 4672.713
1.083 4209.008 3663.916 4680.151
1.085 4216.659 3673.801 4687.386
1.086 4224.248 3683.308 4694.729
1.087 4231.777 3692.833 4702.021
1.088 4239.245 3702.307 4709.309
1.089 4246.656 3711.692 4716.371
1.091 4254.011 3721.033 4723.544
1.092 4261.31 3730.337 4730.617
1.093 4268.554 3739.635 4737.686
1.094 4275.746 3748.49 4744.744
1.095 4282.886 3757.659 4751.555
1.096 4289.975 3766.903 4758.493
1.098 4297.014 3775.791 4765.537
1.099 4304.005 3784.171 4772.506
1.1 4310.949 3792.874 4779.323
1.101 4317.845 3801.442 4786.072
1.103 4324.696 3809.703 4792.697
1.104 4331.502 3818.047 4799.445
1.105 4338.265 3826.395 4806.238
1.106 4344.984 3834.82 4812.719
1.107 4351.661 3843.051 4819.266
1.109 4358.297 3851.021 4825.958
1.11 4364.892 3859.308 4832.499
1.111 4371.448 3867.52 4838.942
1.112 4377.964 3875.745 4845.481
1.114 4384.442 3883.89 4852.001
1.115 4390.882 3891.921 4858.398
1.116 4397.286 3899.961 4864.753
1.117 4403.653 3907.805 4871.096
1.119 4409.985 3915.609 4877.461
1.12 4416.282 3923.592 4883.717
1.121 4422.544 3931.126 4890.095
1.122 4428.773 3938.67 4896.289
1.124 4434.968 3946.482 4902.702
1.125 4441.131 3953.934 4908.966
1.126 4447.262 3961.325 4915.054
1.127 4453.361 3968.897 4921.242
1.129 4459.43 3976.268 4927.263
1.13 4465.468 3983.516 4933.273
1.131 4471.476 3990.95 4939.385
1.133 4477.455 3998.062 4945.415
1.134 4483.405 4005.205 4951.301
1.135 4489.326 4012.387 4957.237
1.136 4495.219 4019.454 4963.038
1.138 4501.085 4026.427 4968.98
1.139 4506.923 4033.396 4974.901
1.14 4512.735 4040.247 4980.669
1.142 4518.521 4047.171 4986.54
1.143 4524.28 4053.747 4992.448
1.144 4530.014 4060.587 4998.078
1.145 4535.723 4067.225 5004.01
1.147 4541.408 4074.124 5009.772
1.148 4547.068 4080.799 5015.659
1.149 4552.704 4087.531 5021.186
1.151 4558.316 4094.477 5026.996
1.152 4563.906 4101.092 5032.69
1.153 4569.472 4107.757 5038.332
1.155 4575.016 4114.578 5044.032
1.156 4580.537 4120.968 5049.701
1.157 4586.037 4127.38 5055.478
1.159 4591.515 4133.984 5061.065
1.16 4596.972 4140.305 5066.591
1.161 4602.407 4146.883 5072.39
1.163 4607.822 4153.289 5078.008
1.164 4613.217 4159.557 5083.567
1.166 4618.591 4165.923 5089.033
1.167 4623.946 4172.401 5094.46
1.168 4629.281 4178.822 5099.967
1.17 4634.597 4184.866 5105.333
1.171 4639.894 4191.244 5110.855
1.172 4645.172 4197.327 5116.205
1.174 4650.431 4203.751 5121.673
1.175 4655.672 4209.823 5127.101
1.176 4660.896 4215.852 5132.619
1.178 4666.101 4222.222 5138.096
1.179 4671.289 4227.949 5143.565
1.181 4676.46 4234.091 5148.841
1.182 4681.613 4239.974 5154.122
1.183 4686.75 4245.819 5159.487
1.185 4691.87 4251.719 5164.893
1.186 4696.974 4257.712 5170.07
1.188 4702.061 4263.476 5175.462
1.189 4707.132 4269.246 5180.736
1.19 4712.188 4275.055 5185.989
1.192 4717.228 4281.06 5191.229
1.193 4722.253 4286.811 5196.547
1.195 4727.262 4292.573 5201.89
1.196 4732.257 4298.321 5207.125
1.198 4737.236 4303.997 5212.361
1.199 4742.201 4309.702 5217.442
1.2 4747.152 4315.535 5222.707
1.202 4752.088 4321.26 5227.895
1.203 4757.01 4326.916 5232.877
1.205 4761.919 4332.5 5237.951
1.206 4766.813 4338.177 5243.054
1.208 4771.694 4343.782 5248.17
1.209 4776.562 4349.394 5253.263
1.211 4781.416 4354.946 5258.378
1.212 4786.257 4360.329 5263.482
1.214 4791.086 4365.968 5268.604
1.215 4795.901 4371.299 5273.737
1.217 4800.704 4376.65 5278.9
1.218 4805.494 4382.058 5283.805
1.22 4810.272 4387.451 5288.77
1.221 4815.038 4392.725 5293.79
1.222 4819.792 4398.105 5298.808
1.224 4824.534 4403.317 5303.856
1.225 4829.264 4408.804 5308.828
1.227 4833.983 4413.956 5313.675
1.229 4838.69 4419.213 5318.75
1.23 4843.386 4424.475 5323.701
1.232 4848.071 4429.686 5328.717
1.233 4852.744 4434.776 5333.689
1.235 4857.407 4439.776 5338.569
1.236 4862.058 4444.919 5343.618
1.238 4866.699 4450.181 5348.409
1.239 4871.33 4455.347 5353.272
1.241 4875.95 4460.517 5358.087
1.242 4880.559 4465.619 5363.006
1.244 4885.159 4470.687 5367.952
1.245 4889.748 4475.884 5372.675
1.247 4894.327 4481.132 5377.467
1.248 4898.897 4486.059 5382.338
1.25 4903.456 4491.31 5387.283
1.252 4908.006 4496.54 5392.192
1.253 4912.547 4501.452 5396.955
1.255 4917.078 4506.427 5401.855
1.256 4921.6 4511.279 5406.497
1.258 4926.112 4516.273 5411.259
1.259 4930.616 4521.229 5416.233
1.261 4935.11 4526.326 5420.913
1.263 4939.595 4531.362 5425.769
1.264 4944.072 4536.251 5430.626
1.266 4948.54 4541.329 5435.449
1.267 4952.999 4546.222 5440.081
1.269 4957.45 4551.495 5444.722
1.271 4961.892 4556.385 5449.572
1.272 4966.326 4561.338 5454.362
1.274 4970.751 4566.175 5459.077
1.276 4975.169 4570.999 5463.903
1.277 4979.578 4575.887 5468.553
1.279 4983.98 4580.783 5473.272
1.28 4988.373 4585.748 5477.94
1.282 4992.759 4590.404 5482.619
1.284 4997.137 4595.433 5487.385
1.285 5001.507 4600.127 5491.992
1.287 5005.87 4604.853 5496.598
1.289 5010.226 4609.489 5501.218
1.29 5014.574 4614.379 5505.973
1.292 5018.914 4619.198 5510.517
1.294 5023.248 4623.983 5515.309
1.295 5027.574 4628.672 5519.969
1.297 5031.893 4633.377 5524.654
1.299 5036.205 4638.029 5529.359
1.3 5040.511 4642.653 5533.962
1.302 5044.809 4647.408 5538.487
1.304 5049.101 4652.022 5543.169
1.305 5053.386 4656.581 5547.905
1.307 5057.664 4661.302 5552.641
1.309 5061.936 4666.045 5557.241
1.311 5066.201 4670.852 5561.771
1.312 5070.46 4675.712 5566.375
1.314 5074.713 4680.39 5571.091
1.316 5078.959 4685.091 5575.62
1.318 5083.2 4689.638 5580.089
1.319 5087.434 4694.142 5584.68
1.321 5091.662 4698.731 5589.176
1.323 5095.884 4703.324 5593.801
1.325 5100.1 4707.957 5598.322
1.326 5104.31 4712.502 5602.864
1.328 5108.514 4717.237 5607.403
1.33 5112.713 4721.814 5611.95
1.332 5116.906 4726.246 5616.513
1.333 5121.093 4730.925 5621.144
1.335 5125.275 4735.315 5625.807
1.337 5129.452 4739.854 5630.49
1.339 5133.623 4744.277 5635.108
1.34 5137.788 4748.759 5639.676
1.342 5141.948 4753.312 5644.252
1.344 5146.104 4757.659 5648.81
1.346 5150.253 4762.007 5653.322
1.348 5154.398 4766.501 5657.875
1.35 5158.538 4770.801 5662.381
1.351 5162.672 4775.095 5667.049
1.353 5166.802 4779.339 5671.547
1.355 5170.927 4783.917 5676.068
1.357 5175.047 4788.262 5680.439
1.359 5179.162 4792.687 5684.884
1.361 5183.273 4797.109 5689.475
1.362 5187.378 4801.56 5693.898
1.364 5191.479 4805.96 5698.372
1.366 5195.576 4810.146 5702.863
1.368 5199.668 4814.472 5707.339
1.37 5203.756 4818.832 5711.871
1.372 5207.839 4823.156 5716.413
1.374 5211.918 4827.494 5720.911
1.376 5215.992 4831.816 5725.395
1.377 5220.062 4836.074 5729.913
1.379 5224.128 4840.41 5734.339
1.381 5228.19 4844.691 5738.732
1.383 5232.248 4848.921 5743.292
1.385 5236.301 4853.047 5747.845
1.387 5240.351 4857.383 5752.246
1.389 5244.397 4861.661 5756.709
1.391 5248.438 4865.901 5761.049
1.393 5252.476 4870.005 5765.404
1.395 5256.51 4874.266 5769.916
1.397 5260.541 4878.451 5774.399
1.399 5264.567 4882.683 5778.701
1.401 5268.59 4887.142 5783.202
1.403 5272.609 4891.379 5787.806
1.404 5276.625 4895.644 5792.265
1.406 5280.637 4899.879 5796.683
1.408 5284.645 4904.018 5801.11
1.41 5288.65 4908.363 5805.635
1.412 5292.652 4912.454 5809.906
1.414 5296.65 4916.579 5814.411
1.416 5300.645 4920.67 5818.824
1.418 5304.636 4924.893 5823.093
1.42 5308.625 4929.022 5827.443
1.422 5312.61 4933.353 5831.861
1.425 5316.592 4937.448 5836.288
1.427 5320.571 4941.553 5840.617
1.429 5324.546 4945.579 5845.047
1.431 5328.519 4949.655 5849.413
1.433 5332.489 4953.689 5853.826
1.435 5336.456 4957.638 5858.223
1.437 5340.419 4961.898 5862.605
1.439 5344.38 4966.157 5866.935
1.441 5348.338 4970.344 5871.383
1.443 5352.294 4974.515 5875.705
1.445 5356.246 4978.622 5880.086
1.447 5360.196 4982.756 5884.485
1.449 5364.143 4986.95 5888.815
1.451 5368.087 4990.92 5893.2
1.453 5372.029 4994.99 5897.665
1.456 5375.968 4999.006 5901.968
1.458 5379.905 5003.16 5906.425
1.46 5383.839 5007.214 5910.724
1.462 5387.771 5011.267 5915.312
1.464 5391.7 5015.286 5919.656
1.466 5395.627 5019.519 5924.091
1.468 5399.552 5023.643 5928.332
1.471 5403.474 5027.704 5932.716
1.473 5407.394 5031.829 5936.973
1.475 5411.311 5035.826 5941.434
1.477 5415.227 5039.766 5945.69
1.479 5419.14 5043.807 5950.094
1.481 5423.051 5047.758 5954.469
1.484 5426.96 5051.561 5958.912
1.486 5430.867 5055.57 5963.197
1.488 5434.772 5059.788 5967.473
1.49 5438.675 5063.777 5971.913
1.493 5442.576 5067.889 5976.23
1.495 5446.475 5071.942 5980.624
1.497 5450.372 5075.924 5985.002
1.499 5454.268 5079.934 5989.331
1.502 5458.161 5084.052 5993.757
1.504 5462.053 5088.024 5998.068
1.506 5465.943 5091.954 6002.513
1.508 5469.831 5095.975 6006.875
1.511 5473.717 5100.011 6011.213
1.513 5477.602 5104.015 6015.597
1.515 5481.485 5108.116 6019.964
1.517 5485.367 5111.974 6024.381
1.52 5489.246 5115.881 6028.716
1.522 5493.125 5119.783 6033.23
1.524 5497.002 5123.624 6037.601
1.527 5500.877 5127.711 6041.998
1.529 5504.751 5131.625 6046.362
1.531 5508.624 5135.639 6050.706
1.534 5512.495 5139.674 6055.123
1.536 5516.365 5143.669 6059.405
1.538 5520.233 5147.679 6063.619
1.541 5524.1 5151.646 6068.12
1.543 5527.966 5155.758 6072.375
1.546 5531.831 5159.801 6076.652
1.548 5535.694 5163.8 6080.965
1.55 5539.557 5167.792 6085.204
1.553 5543.418 5171.708 6089.527
1.555 5547.278 5175.65 6093.892
1.558 5551.137 5179.686 6098.306
1.56 5554.995 5183.564 6102.637
1.563 5558.852 5187.579 6107.042
1.565 5562.708 5191.478 6111.47
1.567 5566.563 5195.467 6115.813
1.57 5570.417 5199.296 6120.077
1.572 5574.27 5203.134 6124.51
1.575 5578.122 5206.944 6128.927
1.577 5581.974 5210.948 6133.174
1.58 5585.824 5214.872 6137.515
1.582 5589.674 5218.759 6141.843
1.585 5593.523 5222.623 6146.139
1.587 5597.371 5226.583 6150.376
1.59 5601.219 5230.51 6154.682
1.592 5605.066 5234.475 6159.05
1.595 5608.912 5238.363 6163.316
1.597 5612.758 5242.245 6167.549
1.6 5616.603 5246.009 6171.804
1.603 5620.448 5249.957 6176.303
1.605 5624.292 5253.934 6180.544
1.608 5628.135 5257.892 6184.844
1.61 5631.978 5261.83 6189.324
1.613 5635.821 5265.728 6193.655
1.616 5639.663 5269.491 6198.021
1.618 5643.505 5273.399 6202.47
1.621 5647.346 5277.298 6206.803
1.623 5651.187 5281.124 6210.995
1.626 5655.028 5284.981 6215.392
1.629 5658.868 5288.866 6219.611
1.631 5662.708 5292.699 6224.127
1.634 5666.548 5296.61 6228.521
1.637 5670.388 5300.505 6232.79
1.639 5674.228 5304.308 6237.156
1.642 5678.067 5308.194 6241.523
1.645 5681.906 5312.043 6245.871
1.647 5685.746 5315.908 6250.196
1.65 5689.585 5319.665 6254.594
1.653 5693.424 5323.424 6258.931
1.656 5697.263 5327.281 6263.413
1.658 5701.102 5331.029 6267.756
1.661 5704.941 5334.915 6272.126
1.664 5708.78 5338.731 6276.593
1.667 5712.619 5342.579 6281.06
1.669 5716.459 5346.379 6285.526
1.672 5720.298 5350.27 6289.932
1.675 5724.138 5354.196 6294.271
1.678 5727.978 5358.134 6298.629
1.681 5731.818 5361.98 6303.032
1.684 5735.658 5365.808 6307.416
1.686 5739.499 5369.578 6311.816
1.689 5743.34 5373.319 6316.269
1.692 5747.181 5377.121 6320.693
1.695 5751.022 5380.923 6325
1.698 5754.864 5384.68 6329.359
1.701 5758.707 5388.603 6333.695
1.704 5762.549 5392.471 6338.217
1.706 5766.393 5396.387 6342.545
1.709 5770.236 5400.256 6346.819
1.712 5774.08 5404.08 6351.19
1.715 5777.925 5407.8 6355.633
1.718 5781.77 5411.734 6360.101
1.721 5785.616 5415.563 6364.482
1.724 5789.463 5419.439 6368.868
1.727 5793.31 5423.223 6373.253
1.73 5797.157 5427.185 6377.636
1.733 5801.006 5430.744 6381.981
1.736 5804.855 5434.66 6386.386
1.739 5808.705 5438.652 6390.912
1.742 5812.555 5442.423 6395.232
1.745 5816.407 5446.278 6399.51
1.748 5820.259 5450.113 6403.853
1.751 5824.112 5453.913 6408.194
1.754 5827.966 5457.757 6412.569
1.757 5831.821 5461.701 6416.92
1.761 5835.676 5465.66 6421.296
1.764 5839.533 5469.368 6425.685
1.767 5843.39 5473.13 6429.97
1.77 5847.249 5476.896 6434.254
1.773 5851.109 5480.639 6438.549
1.776 5854.969 5484.377 6442.91
1.779 5858.831 5488.237 6447.445
1.783 5862.693 5492.072 6452.039
1.786 5866.557 5495.867 6456.43
1.789 5870.422 5499.762 6460.925
1.792 5874.288 5503.443 6465.237
1.795 5878.156 5507.133 6469.612
1.799 5882.024 5511.013 6474.146
1.802 5885.894 5514.744 6478.632
1.805 5889.765 5518.698 6482.959
1.808 5893.637 5522.521 6487.275
1.812 5897.511 5526.346 6491.686
1.815 5901.386 5530.114 6496.193
1.818 5905.262 5533.822 6500.569
1.821 5909.14 5537.58 6505.082
1.825 5913.019 5541.416 6509.665
1.828 5916.9 5545.235 6514.161
1.832 5920.782 5549.076 6518.681
1.835 5924.665 5553.026 6523.136
1.838 5928.55 5556.761 6527.648
1.842 5932.437 5560.575 6532.235
1.845 5936.325 5564.411 6536.758
1.848 5940.215 5568.35 6541.234
1.852 5944.106 5572.227 6545.747
1.855 5947.999 5576.057 6550.305
1.859 5951.894 5580.025 6554.825
1.862 5955.79 5583.947 6559.279
1.866 5959.688 5587.76 6563.754
1.869 5963.588 5591.614 6568.383
1.873 5967.49 5595.33 6573.045
1.876 5971.393 5599.18 6577.627
1.88 5975.298 5603.05 6582.243
1.883 5979.205 5606.784 6586.835
1.887 5983.114 5610.844 6591.381
1.89 5987.025 5614.767 6595.869
1.894 5990.938 5618.568 6600.34
1.898 5994.852 5622.398 6604.768
1.901 5998.769 5626.18 6609.259
1.905 6002.687 5629.933 6613.77
1.908 6006.608 5633.861 6618.222
1.912 6010.531 5637.842 6622.768
1.916 6014.456 5641.776 6627.278
1.919 6018.383 5645.655 6631.958
1.923 6022.312 5649.591 6636.451
1.927 6026.243 5653.46 6641.023
1.931 6030.176 5657.504 6645.445
1.934 6034.112 5661.387 6649.988
1.938 6038.049 5665.302 6654.523
1.942 6041.99 5669.164 6659.041
1.946 6045.932 5673.039 6663.586
1.949 6049.877 5676.886 6668.259
1.953 6053.823 5680.751 6672.85
1.957 6057.773 5684.671 6677.437
1.961 6061.725 5688.588 6682.082
1.965 6065.679 5692.436 6686.59
1.969 6069.635 5696.294 6691.157
1.972 6073.594 5700.24 6695.705
1.976 6077.556 5704.148 6700.413
1.98 6081.52 5707.99 6704.978
1.984 6085.487 5711.864 6709.535
1.988 6089.456 5715.661 6714.132
1.992 6093.428 5719.377 6718.706
1.996 6097.402 5723.338 6723.367
2 6101.379 5727.305 6728.099
2.004 6105.359 5731.305 6732.692
2.008 6109.342 5735.078 6737.327
2.012 6113.327 5738.969 6741.992
2.016 6117.315 5743.028 6746.54
2.02 6121.306 5746.919 6751.237
2.024 6125.3 5750.835 6755.976
2.028 6129.296 5754.801 6760.561
2.033 6133.295 5758.688 6765.147
2.037 6137.298 5762.55 6769.897
2.041 6141.303 5766.364 6774.598
2.045 6145.311 5770.259 6779.289
2.049 6149.322 5774.173 6783.957
2.053 6153.336 5778.174 6788.555
2.058 6157.354 5781.968 6793.136
2.062 6161.374 5785.839 6797.922
2.066 6165.397 5789.729 6802.5
2.07 6169.424 5793.614 6807.069
2.075 6173.454 5797.522 6811.775
2.079 6177.486 5801.451 6816.43
2.083 6181.522 5805.406 6821.215
2.088 6185.562 5809.448 6826.02
2.092 6189.604 5813.349 6830.647
2.096 6193.65 5817.24 6835.384
2.101 6197.7 5821.272 6840.244
2.105 6201.752 5825.231 6845.007
2.11 6205.808 5829.126 6849.675
2.114 6209.868 5833.025 6854.481
2.119 6213.93 5836.924 6859.207
2.123 6217.997 5840.883 6863.781
2.128 6222.067 5844.915 6868.432
2.132 6226.14 5848.846 6873.179
2.137 6230.217 5852.956 6877.985
2.141 6234.297 5856.926 6882.608
2.146 6238.382 5860.926 6887.562
2.151 6242.469 5864.87 6892.437
2.155 6246.561 5868.884 6897.116
2.16 6250.656 5872.896 6901.892
2.165 6254.755 5876.925 6906.687
2.169 6258.858 5880.913 6911.471
2.174 6262.964 5884.836 6916.354
2.179 6267.075 5888.905 6921.275
2.183 6271.189 5892.784 6926.152
2.188 6275.307 5896.734 6931.058
2.193 6279.429 5900.783 6935.891
2.198 6283.555 5904.74 6940.693
2.203 6287.685 5908.66 6945.623
2.208 6291.819 5912.577 6950.413
2.212 6295.958 5916.588 6955.143
2.217 6300.1 5920.665 6960.173
2.222 6304.246 5924.681 6965.144
2.227 6308.397 5928.79 6969.905
2.232 6312.551 5932.955 6974.785
2.237 6316.71 5936.91 6979.688
2.242 6320.873 5940.935 6984.562
2.247 6325.041 5944.993 6989.69
2.252 6329.213 5949.057 6994.595
2.257 6333.389 5953.05 6999.488
2.262 6337.569 5957.016 7004.366
2.268 6341.754 5961.028 7009.421
2.273 6345.943 5964.97 7014.397
2.278 6350.137 5968.929 7019.383
2.283 6354.336 5973.102 7024.384
2.288 6358.539 5977.21 7029.521
2.294 6362.746 5981.25 7034.545
2.299 6366.958 5985.356 7039.649
2.304 6371.175 5989.455 7044.717
2.309 6375.396 5993.552 7049.789
2.315 6379.623 5997.642 7054.782
2.32 6383.853 6001.797 7059.955
2.326 6388.089 6005.922 7065.046
2.331 6392.33 6010.143 7070.171
2.336 6396.575 6014.187 7075.221
2.342 6400.825 6018.331 7080.35
2.347 6405.081 6022.505 7085.443
2.353 6409.341 6026.694 7090.67
2.358 6413.606 6030.827 7095.67
2.364 6417.876 6035.124 7100.674
2.37 6422.152 6039.168 7105.696
2.375 6426.432 6043.351 7110.883
2.381 6430.718 6047.546 7115.942
2.387 6435.009 6051.68 7121.051
2.392 6439.305 6055.924 7125.997
2.398 6443.606 6059.999 7131.034
2.404 6447.913 6064.109 7136.191
2.41 6452.225 6068.346 7141.318
2.415 6456.542 6072.644 7146.552
2.421 6460.865 6076.914 7151.687
2.427 6465.193 6080.988 7156.808
2.433 6469.527 6085.158 7161.976
2.439 6473.866 6089.391 7167.095
2.445 6478.211 6093.587 7172.12
2.451 6482.561 6097.712 7177.226
2.457 6486.917 6101.978 7182.386
2.463 6491.279 6106.222 7187.558
2.469 6495.646 6110.5 7192.905
2.475 6500.02 6114.797 7197.926
2.481 6504.399 6119.126 7203.228
2.488 6508.784 6123.457 7208.512
2.494 6513.174 6127.756 7213.831
2.5 6517.571 6131.925 7218.988
2.506 6521.974 6136.228 7224.26
2.513 6526.383 6140.455 7229.472
2.519 6530.797 6144.71 7234.799
2.525 6535.218 6149.055 7240.203
2.532 6539.645 6153.323 7245.667
2.538 6544.078 6157.595 7250.963
2.545 6548.518 6161.869 7256.351
2.551 6552.964 6166.169 7261.602
2.558 6557.416 6170.594 7266.941
2.564 6561.874 6174.971 7272.485
2.571 6566.339 6179.356 7277.816
2.577 6570.81 6183.624 7283.107
2.584 6575.288 6187.89 7288.449
2.591 6579.772 6192.303 7293.77
2.597 6584.263 6196.711 7299.164
2.604 6588.761 6201.097 7304.605
2.611 6593.265 6205.334 7310.098
2.618 6597.776 6209.683 7315.651
2.625 6602.293 6214.096 7321.199
2.632 6606.818 6218.564 7326.722
2.639 6611.349 6222.989 7332.131
2.646 6615.887 6227.362 7337.61
2.653 6620.433 6231.713 7343.081
2.66 6624.985 6236.106 7348.586
2.667 6629.544 6240.412 7354.125
2.674 6634.11 6244.888 7359.67
2.681 6638.684 6249.322 7365.309
2.688 6643.265 6253.783 7370.782
2.695 6647.853 6258.2 7376.392
2.703 6652.448 6262.602 7382.083
2.71 6657.05 6267.089 7387.488
2.717 6661.66 6271.463 7393.01
2.725 6666.278 6275.986 7398.707
2.732 6670.903 6280.47 7404.174
2.74 6675.535 6284.917 7409.752
2.747 6680.175 6289.353 7415.311
2.755 6684.823 6293.721 7421.265
2.762 6689.479 6298.218 7426.735
2.77 6694.142 6302.772 7432.361
2.778 6698.813 6307.2 7437.95
2.786 6703.492 6311.772 7443.741
2.793 6708.179 6316.345 7449.45
2.801 6712.874 6320.808 7454.981
2.809 6717.576 6325.269 7460.648
2.817 6722.287 6329.789 7466.767
2.825 6727.006 6334.386 7472.472
2.833 6731.734 6339.008 7478.217
2.841 6736.469 6343.55 7484.033
2.849 6741.213 6348.111 7489.921
2.857 6745.965 6352.724 7495.769
2.865 6750.726 6357.403 7501.554
2.874 6755.495 6362.159 7507.447
2.882 6760.273 6366.762 7513.28
2.89 6765.059 6371.381 7519.098
2.899 6769.854 6375.943 7524.93
2.907 6774.658 6380.646 7530.75
2.915 6779.47 6385.364 7536.63
2.924 6784.292 6390 7542.617
2.933 6789.122 6394.607 7548.459
2.941 6793.961 6399.372 7554.465
2.95 6798.81 6403.947 7560.464
2.959 6803.667 6408.597 7566.394
2.967 6808.534 6413.439 7572.25
2.976 6813.409 6417.976 7578.337
2.985 6818.294 6422.799 7584.531
2.994 6823.189 6427.504 7590.482
3.003 6828.093 6432.247 7596.583
3.012 6833.006 6436.893 7602.796
3.021 6837.929 6441.638 7609.015
3.03 6842.861 6446.472 7615.074
3.04 6847.803 6451.192 7621.05
3.049 6852.755 6455.876 7627.102
3.058 6857.717 6460.76 7633.187
3.067 6862.689 6465.455 7639.334
3.077 6867.67 6470.234 7645.444
3.086 6872.662 6475.077 7651.574
3.096 6877.664 6480.004 7657.698
3.106 6882.676 6484.832 7663.794
3.115 6887.698 6489.671 7670.056
3.125 6892.731 6494.561 7676.343
3.135 6897.774 6499.54 7682.677
3.145 6902.827 6504.319 7689.141
3.155 6907.891 6509.214 7695.54
3.165 6912.966 6514.098 7701.74
3.175 6918.051 6519.157 7707.864
3.185 6923.147 6524.04 7714.515
3.195 6928.254 6528.957 7720.81
3.205 6933.372 6533.922 7727.044
3.215 6938.501 6538.809 7733.532
3.226 6943.641 6543.76 7739.985
3.236 6948.792 6548.62 7746.278
3.247 6953.954 6553.429 7752.581
3.257 6959.128 6558.427 7759.08
3.268 6964.313 6563.414 7765.706
3.279 6969.51 6568.459 7772.171
3.289 6974.718 6573.458 7778.853
3.3 6979.938 6578.563 7785.402
3.311 6985.17 6583.673 7792.064
3.322 6990.414 6588.784 7798.705
3.333 6995.669 6593.936 7805.184
3.344 7000.937 6598.886 7811.679
3.356 7006.216 6603.748 7818.167
3.367 7011.508 6608.657 7824.868
3.378 7016.812 6613.745 7831.545
3.39 7022.129 6618.864 7838.145
3.401 7027.458 6623.913 7844.743
3.413 7032.799 6629.197 7851.276
3.425 7038.153 6634.215 7858.174
3.436 7043.52 6639.489 7864.951
3.448 7048.9 6644.585 7871.643
3.46 7054.293 6649.83 7878.542
3.472 7059.699 6655.032 7885.608
3.484 7065.117 6660.141 7892.285
3.497 7070.55 6665.394 7899.046
3.509 7075.995 6670.644 7906.087
3.521 7081.454 6675.926 7913.317
3.534 7086.927 6681.116 7920.383
3.546 7092.413 6686.37 7927.467
3.559 7097.913 6691.855 7934.681
3.571 7103.427 6697.113 7941.791
3.584 7108.955 6702.364 7948.954
3.597 7114.496 6707.545 7956.153
3.61 7120.052 6713.003 7963.028
3.623 7125.623 6718.405 7969.999
3.636 7131.208 6723.716 7977.541
3.65 7136.807 6729.078 7984.517
3.663 7142.421 6734.542 7991.708
3.676 7148.05 6739.882 7999.045
3.69 7153.693 6745.191 8006.302
3.704 7159.352 6750.487 8013.478
3.717 7165.025 6755.848 8020.623
3.731 7170.714 6761.274 8027.933
3.745 7176.418 6766.852 8035.327
3.759 7182.138 6772.347 8042.638
3.774 7187.873 6777.838 8050.088
3.788 7193.624 6783.402 8057.431
3.802 7199.391 6789.038 8064.892
3.817 7205.174 6794.506 8072.379
3.831 7210.973 6799.97 8080.112
3.846 7216.788 6805.475 8087.926
3.861 7222.619 6811.218 8095.973
3.876 7228.467 6816.913 8103.46
3.891 7234.332 6822.473 8110.893
3.906 7240.213 6828.318 8118.539
3.922 7246.112 6833.889 8126.464
3.937 7252.027 6839.677 8134.203
3.953 7257.959 6845.527 8142.45
3.968 7263.909 6851.268 8150.141
3.984 7269.877 6857.06 8157.959
4 7275.861 6862.903 8165.842
4.016 7281.864 6868.605 8174.062
4.032 7287.885 6874.215 8181.866
4.049 7293.923 6879.868 8190.052
4.065 7299.98 6885.691 8197.922
4.082 7306.055 6891.33 8206.293
4.098 7312.149 6897.131 8214.555
4.115 7318.262 6902.852 8222.764
4.132 7324.393 6908.765 8230.875
4.149 7330.543 6914.663 8238.808
4.167 7336.713 6920.544 8247.02
4.184 7342.902 6926.424 8255.244
4.202 7349.11 6932.117 8263.463
4.219 7355.338 6938.19 8271.419
4.237 7361.586 6944.179 8279.94
4.255 7367.854 6950.198 8288.684
4.274 7374.142 6955.987 8296.68
4.292 7380.45 6962.105 8305.215
4.31 7386.779 6968.229 8313.437
4.329 7393.129 6974.175 8321.641
4.348 7399.499 6980.227 8330.692
4.367 7405.891 6986.202 8339.207
4.386 7412.304 6992.328 8347.879
4.405 7418.739 6998.396 8356.206
4.425 7425.195 7004.652 8364.638
4.444 7431.673 7010.882 8373.336
4.464 7438.173 7017.038 8381.697
4.484 7444.696 7023.256 8390.737
4.505 7451.241 7029.315 8399.572
4.525 7457.808 7035.58 8408.488
4.545 7464.399 7041.891 8417.316
4.566 7471.012 7048.103 8426.006
4.587 7477.649 7054.383 8434.676
4.608 7484.31 7060.62 8443.528
4.63 7490.994 7067.036 8452.81
4.651 7497.703 7073.099 8462.113
4.673 7504.435 7079.431 8471.392
4.695 7511.192 7085.95 8480.69
4.717 7517.974 7092.423 8489.909
4.739 7524.781 7098.95 8499.244
4.762 7531.613 7105.278 8508.886
4.785 7538.47 7111.858 8518.421
4.808 7545.353 7118.402 8528.16
4.831 7552.261 7124.974 8537.554
4.854 7559.196 7131.656 8546.963
4.878 7566.158 7138.377 8556.795
4.902 7573.146 7144.829 8566.327
4.926 7580.161 7151.462 8576.048
4.95 7587.203 7158.116 8585.696
4.975 7594.273 7164.701 8595.646
5 7601.37 7171.33 8605.386
5.025 7608.496 7178.091 8615.389
5.051 7615.65 7184.752 8625.673
5.076 7622.832 7191.587 8635.73
5.102 7630.043 7198.379 8645.673
5.128 7637.284 7205.262 8655.768
5.155 7644.554 7212.043 8666.079
5.181 7651.854 7218.974 8676.738
5.208 7659.184 7226.002 8687.338
5.236 7666.545 7233.033 8697.492
5.263 7673.936 7240.066 8708.056
5.291 7681.358 7246.896 8718.653
5.319 7688.812 7253.931 8729.601
5.348 7696.297 7261.095 8740.429
5.376 7703.815 7268.021 8751.081
5.405 7711.365 7275.088 8761.91
5.435 7718.948 7282.223 8772.87
5.464 7726.564 7289.639 8783.82
5.495 7734.213 7296.616 8794.583
5.525 7741.897 7303.744 8805.602
5.556 7749.614 7310.955 8816.723
5.587 7757.367 7318.319 8827.806
5.618 7765.154 7325.59 8838.922
5.65 7772.977 7332.945 8850.249
5.682 7780.835 7340.29 8861.667
5.714 7788.73 7347.577 8872.834
5.747 7796.661 7355.082 8884.706
5.78 7804.63 7362.76 8896.066
5.814 7812.635 7370.172 8907.538
5.848 7820.679 7377.698 8919.206
5.882 7828.761 7385.156 8930.73
5.917 7836.882 7392.671 8942.705
5.952 7845.043 7400.198 8955.137
5.988 7853.243 7407.81 8967.155
6.024 7861.483 7415.431 8979.263
6.061 7869.764 7423.181 8991.254
6.098 7878.086 7431.002 9003.299
6.135 7886.449 7439.018 9015.486
6.173 7894.855 7446.811 9027.665
6.211 7903.304 7454.714 9040.376
6.25 7911.796 7462.574 9053.023
6.289 7920.331 7470.551 9065.609
6.329 7928.911 7478.763 9078.114
6.369 7937.536 7486.794 9090.777
6.41 7946.206 7494.681 9103.38
6.452 7954.922 7502.612 9116.502
6.494 7963.685 7510.723 9129.928
6.536 7972.495 7518.775 9143.208
6.579 7981.353 7527.046 9156.457
6.623 7990.259 7535.143 9169.995
6.667 7999.214 7543.482 9183.29
6.711 8008.219 7551.747 9196.646
6.757 8017.274 7560.168 9210.327
6.803 8026.38 7568.459 9224.259
6.849 8035.538 7576.961 9238.783
6.897 8044.749 7585.449 9252.682
6.944 8054.013 7593.969 9267.327
6.993 8063.33 7602.525 9281.342
7.042 8072.702 7611.2 9295.979
7.092 8082.129 7619.758 9310.661
7.143 8091.613 7628.683 9325.829
7.194 8101.154 7637.607 9340.349
7.246 8110.752 7646.489 9355.63
7.299 8120.409 7655.685 9370.428
7.353 8130.125 7664.659 9385.685
7.407 8139.901 7673.641 9401.115
7.463 8149.739 7682.715 9416.793
7.519 8159.639 7691.902 9432.529
7.576 8169.601 7700.901 9448.344
7.634 8179.628 7710.181 9463.888
7.692 8189.719 7719.356 9480.066
7.752 8199.876 7728.665 9496.239
7.812 8210.1 7738.104 9512.641
7.874 8220.392 7747.384 9528.203
7.937 8230.753 7756.761 9545.116
8 8241.184 7766.205 9562.719
8.065 8251.686 7775.425 9579.115
8.13 8262.26 7785.065 9596.5
8.197 8272.907 7794.758 9613.714
8.264 8283.629 7804.333 9631.085
8.333 8294.427 7814.122 9648.915
8.403 8305.302 7823.97 9667.21
8.475 8316.255 7833.865 9684.675
8.547 8327.287 7843.826 9702.805
8.621 8338.401 7854.03 9720.908
8.696 8349.597 7864.049 9738.8
8.772 8360.876 7874.184 9757.734
8.85 8372.24 7884.942 9776.352
8.929 8383.692 7895.546 9795.616
9.009 8395.231 7906.236 9814.431
9.091 8406.86 7916.709 9834.108
9.174 8418.58 7927.184 9853.356
9.259 8430.393 7937.788 9872.781
9.346 8442.3 7948.736 9892.45
9.434 8454.304 7959.281 9912.289
9.524 8466.406 7970.232 9932.712
9.615 8478.608 7980.92 9953.951
9.709 8490.911 7992.151 9975.656
9.804 8503.319 8003.025 9996.627
9.901 8515.831 8014.383 10018.011
10 8528.452 8025.376 10040.037
10.101 8541.183 8037.009 10061.652
10.204 8554.025 8048.479 10084.298
10.309 8566.982 8060.162 10106.849
10.417 8580.056 8071.988 10130.005
10.526 8593.248 8083.733 10153.122
10.638 8606.562 8095.664 10176.845
10.753 8619.999 8107.691 10200.442
10.87 8633.563 8119.282 10224.631
10.989 8647.256 8131.448 10248.52
11.111 8661.082 8143.729 10272.624
11.236 8675.042 8156.266 10297.335
11.364 8689.14 8168.553 10321.824
11.494 8703.378 8181.095 10348.098
11.628 8717.761 8193.32 10373.519
11.765 8732.291 8206.09 10399.22
11.905 8746.971 8219.079 10425.633
12.048 8761.806 8232 10452.895
12.195 8776.798 8245.364 10479.883
12.346 8791.952 8258.672 10507.537
12.5 8807.271 8272.082 10536.233
12.658 8822.76 8285.675 10564.872
12.821 8838.422 8299.304 10593.643
12.987 8854.263 8313.104 10623.037
13.158 8870.285 8327.172 10653.123
13.333 8886.495 8341.494 10682.949
13.514 8902.897 8356.068 10713.361
13.699 8919.496 8370.547 10744.279
13.889 8936.297 8385.271 10775.423
14.085 8953.306 8400.154 10807.147
14.286 8970.529 8414.948 10840.654
14.493 8987.971 8429.864 10873.991
14.706 9005.639 8445.198 10908.068
14.925 9023.539 8460.53 10943.18
15.152 9041.678 8476.169 10978.889
15.385 9060.062 8491.824 11015.065
15.625 9078.7 8507.725 11051.045
15.873 9097.599 8523.728 11087.576
16.129 9116.768 8540.308 11124.953
16.393 9136.213 8556.804 11162.766
16.667 9155.946 8573.236 11202.534
16.949 9175.974 8590.239 11242.674
17.241 9196.307 8606.953 11282.111
17.544 9216.956 8623.791 11323.759
17.857 9237.932 8641.464 11365.563
18.182 9259.246 8659.465 11409.225
18.519 9280.91 8677.441 11453.484
18.868 9302.936 8696.128 11499.387
19.231 9325.339 8714.77 11545.93
19.608 9348.131 8733.19 11594.371
20 9371.328 8752.758 11641.428
20.408 9394.946 8772.671 11690.476
20.833 9419.002 8792.988 11741.772
21.277 9443.513 8812.891 11793.589
21.739 9468.498 8833.005 11845.778
22.222 9493.977 8854.005 11899.579
22.727 9519.972 8875.235 11955.64
23.256 9546.506 8896.884 12012.641
23.81 9573.603 8918.747 12070.407
24.39 9601.289 8941.303 12130.802
25 9629.592 8963.936 12193.523
25.641 9658.543 8987.411 12257.323
26.316 9688.174 9010.895 12321.393
27.027 9718.52 9035.42 12390.822
27.778 9749.618 9059.981 12461.511
28.571 9781.51 9085.214 12533.697
29.412 9814.24 9110.976 12607.621
30.303 9847.856 9137.508 12684.094
31.25 9882.411 9164.559 12764.368
32.258 9917.962 9192.365 12847.121
33.333 9954.573 9221.242 12934.135
34.483 9992.312 9250.149 13023.233
35.714 10031.255 9280.584 13115.587
37.037 10071.488 9311.494 13210.481
38.462 10113.103 9343.843 13311.111
40 10156.206 9376.234 13417.364
41.667 10200.914 9410.359 13527.222
43.478 10247.357 9445.088 13645.458
45.455 10295.685 9480.941 13771.089
47.619 10346.067 9517.844 13902.884
50 10398.694 9556.29 14038.338
52.632 10453.791 9595.652 14184.284
55.556 10511.612 9638.012 14337.757
58.824 10572.459 9681.459 14506.226
62.5 10636.684 9726.986 14681.271
66.667 10704.707 9774.745 14875.636
71.429 10777.032 9824.931 15079.978
76.923 10854.274 9877.404 15304.169
83.333 10937.188 9933.842 15549.516
90.909 11026.726 9993.884 15819.015
100 11124.1 10058.116 16119.001
111.111 11230.901 10127.925 16456.887
125 11349.262 10204.01 16837.733
142.857 11482.154 10287.82 17278.52
166.667 11633.885 10379.7 17804.961
200 11811.061 10484.491 18441.216
250 12024.612 10607.528 19246.573
333.333 12294.705 10755.652 20327.963
500 12665.689 10948.985 21954.799
1000 13274.707 11239.954 24997.763
1111.111 13364.592 11280.514 25500.747
1250 13464.255 11324.326 26063.592
1428.571 13576.207 11372.835 26716.755
1666.667 13704.092 11426.031 27485.402
2000 13853.497 11486.487 28427.887
2500 14033.662 11556.613 29624.563
3333.333 14261.641 11644.526 31224.673
5000 14574.933 11757.07 33638.371
10000 15089.498 11927.887 38131.086
