"Pr" "Mp" "Q_2" "Q_9"
1.01 3034.656 2599.395 3387.475
1.011 3068.688 2638.775 3418.128
1.012 3100.348 2675.698 3446.781
1.013 3129.992 2709.918 3473.64
1.014 3157.896 2742.102 3498.951
1.015 3184.285 2772.598 3523.072
1.016 3209.339 2801.571 3545.969
1.017 3233.209 2828.959 3567.998
1.018 3256.02 2854.892 3588.65
1.019 3277.879 2879.874 3608.74
1.02 3298.875 2903.925 3627.9
1.021 3319.087 2926.867 3646.499
1.022 3338.582 2949.254 3664.579
1.024 3357.419 2970.749 3681.946
1.025 3375.65 2991.506 3698.762
1.026 3393.32 3011.476 3715.18
1.027 3410.469 3030.916 3731.036
1.028 3427.135 3049.963 3746.481
1.029 3443.35 3068.23 3761.392
1.03 3459.142 3086.066 3775.993
1.031 3474.538 3103.516 3790.271
1.032 3489.563 3120.556 3804.303
1.033 3504.237 3137.104 3818.07
1.034 3518.581 3153.229 3831.507
1.035 3532.612 3168.981 3844.606
1.036 3546.348 3184.37 3857.542
1.037 3559.804 3199.598 3870.163
1.038 3572.994 3214.332 3882.615
1.04 3585.931 3228.737 3894.756
1.041 3598.627 3242.753 3906.71
1.042 3611.094 3256.662 3918.41
1.043 3623.341 3270.205 3929.941
1.044 3635.378 3283.698 3941.386
1.045 3647.216 3296.851 3952.628
1.046 3658.861 3309.866 3963.607
1.047 3670.322 3322.549 3974.459
1.048 3681.607 3334.863 3985.28
1.049 3692.722 3347.02 3995.931
1.05 3703.674 3359.111 4006.201
1.052 3714.469 3371.088 4016.445
1.053 3725.113 3382.975 4026.618
1.054 3735.612 3394.643 4036.602
1.055 3745.971 3405.998 4046.404
1.056 3756.194 3417.175 4056.109
1.057 3766.287 3428.267 4065.75
1.058 3776.253 3439.357 4075.357
1.059 3786.097 3450.2 4084.836
1.06 3795.823 3460.887 4094.143
1.062 3805.435 3471.25 4103.29
1.063 3814.936 3481.838 4112.341
1.064 3824.33 3492.141 4121.367
1.065 3833.62 3502.18 4130.275
1.066 3842.809 3512.285 4139.055
1.067 3851.9 3522.191 4147.839
1.068 3860.897 3531.93 4156.456
1.07 3869.801 3541.574 4164.845
1.071 3878.615 3551.128 4173.339
1.072 3887.342 3560.548 4181.761
1.073 3895.984 3569.936 4190.111
1.074 3904.544 3579.286 4198.422
1.075 3913.023 3588.377 4206.544
1.076 3921.424 3597.519 4214.478
1.078 3929.75 3606.527 4222.511
1.079 3938 3615.385 4230.546
1.08 3946.179 3624.322 4238.504
1.081 3954.287 3633.086 4246.395
1.082 3962.326 3641.985 4254.112
1.083 3970.298 3650.589 4261.826
1.085 3978.205 3659.139 4269.543
1.086 3986.047 3667.606 4277.212
1.087 3993.827 3676.097 4284.74
1.088 4001.546 3684.417 4292.287
1.089 4009.206 3692.667 4299.647
1.091 4016.807 3700.877 4307.097
1.092 4024.351 3708.917 4314.525
1.093 4031.84 3716.827 4321.801
1.094 4039.274 3724.826 4328.909
1.095 4046.654 3732.722 4336.075
1.096 4053.983 3740.464 4343.232
1.098 4061.26 3748.372 4350.373
1.099 4068.488 3756.154 4357.439
1.1 4075.666 3763.832 4364.397
1.101 4082.797 3771.483 4371.335
1.103 4089.88 3779 4378.261
1.104 4096.918 3786.528 4385.05
1.105 4103.91 3794.072 4391.88
1.106 4110.858 3801.432 4398.651
1.107 4117.763 3808.798 4405.339
1.109 4124.625 3816.14 4412.144
1.11 4131.446 3823.422 4418.729
1.111 4138.225 3830.751 4425.41
1.112 4144.965 3837.862 4431.973
1.114 4151.665 3844.95 4438.427
1.115 4158.326 3852.06 4444.931
1.116 4164.949 3859.052 4451.431
1.117 4171.536 3866.034 4457.919
1.119 4178.085 3872.976 4464.331
1.12 4184.599 3879.896 4470.814
1.121 4191.077 3886.588 4477.196
1.122 4197.52 3893.444 4483.559
1.124 4203.93 3900.295 4489.9
1.125 4210.306 3907.041 4496.146
1.126 4216.649 3913.808 4502.385
1.127 4222.959 3920.497 4508.584
1.129 4229.238 3927.195 4514.821
1.13 4235.486 3933.781 4520.948
1.131 4241.702 3940.295 4527.115
1.133 4247.889 3946.808 4533.223
1.134 4254.046 3953.251 4539.289
1.135 4260.173 3959.784 4545.248
1.136 4266.272 3966.215 4551.263
1.138 4272.342 3972.653 4557.278
1.139 4278.384 3979.105 4563.179
1.14 4284.399 3985.422 4569.185
1.142 4290.387 3991.649 4575.044
1.143 4296.348 3997.866 4580.988
1.144 4302.283 4004.052 4586.86
1.145 4308.193 4010.28 4592.625
1.147 4314.077 4016.446 4598.44
1.148 4319.935 4022.503 4604.191
1.149 4325.77 4028.685 4609.956
1.151 4331.58 4034.928 4615.631
1.152 4337.366 4040.97 4621.413
1.153 4343.128 4047.013 4627.159
1.155 4348.868 4052.964 4632.774
1.156 4354.584 4058.896 4638.427
1.157 4360.278 4065.025 4644.141
1.159 4365.95 4070.965 4649.799
1.16 4371.599 4076.828 4655.405
1.161 4377.228 4082.717 4660.905
1.163 4382.835 4088.648 4666.444
1.164 4388.421 4094.439 4672.028
1.166 4393.986 4100.269 4677.552
1.167 4399.531 4106.077 4683.021
1.168 4405.056 4111.81 4688.489
1.17 4410.561 4117.572 4693.98
1.171 4416.046 4123.205 4699.373
1.172 4421.513 4128.961 4704.834
1.174 4426.96 4134.563 4710.223
1.175 4432.388 4140.183 4715.657
1.176 4437.798 4145.76 4720.968
1.178 4443.19 4151.355 4726.352
1.179 4448.563 4156.883 4731.675
1.181 4453.919 4162.48 4737.017
1.182 4459.257 4168.072 4742.322
1.183 4464.578 4173.631 4747.629
1.185 4469.882 4179.15 4752.857
1.186 4475.169 4184.616 4758.083
1.188 4480.439 4190.077 4763.353
1.189 4485.693 4195.452 4768.6
1.19 4490.931 4200.851 4773.813
1.192 4496.153 4206.203 4779.073
1.193 4501.359 4211.6 4784.29
1.195 4506.549 4217.025 4789.506
1.196 4511.724 4222.396 4794.627
1.198 4516.883 4227.726 4799.779
1.199 4522.028 4233.044 4804.964
1.2 4527.158 4238.393 4810.037
1.202 4532.273 4243.626 4815.2
1.203 4537.374 4248.862 4820.27
1.205 4542.46 4254.107 4825.358
1.206 4547.532 4259.331 4830.479
1.208 4552.591 4264.49 4835.557
1.209 4557.635 4269.716 4840.632
1.211 4562.666 4274.911 4845.665
1.212 4567.684 4280.012 4850.702
1.214 4572.688 4285.189 4855.654
1.215 4577.679 4290.329 4860.659
1.217 4582.657 4295.406 4865.662
1.218 4587.622 4300.466 4870.595
1.22 4592.575 4305.527 4875.559
1.221 4597.515 4310.595 4880.563
1.222 4602.443 4315.674 4885.542
1.224 4607.359 4320.738 4890.396
1.225 4612.262 4325.805 4895.33
1.227 4617.154 4330.808 4900.236
1.229 4622.034 4335.726 4905.22
1.23 4626.902 4340.675 4910.114
1.232 4631.759 4345.652 4914.967
1.233 4636.604 4350.6 4919.834
1.235 4641.438 4355.551 4924.723
1.236 4646.261 4360.403 4929.548
1.238 4651.073 4365.334 4934.445
1.239 4655.874 4370.37 4939.246
1.241 4660.665 4375.308 4944.037
1.242 4665.445 4380.178 4948.798
1.244 4670.214 4385.014 4953.601
1.245 4674.973 4389.807 4958.358
1.247 4679.722 4394.625 4963.171
1.248 4684.46 4399.427 4967.927
1.25 4689.189 4404.265 4972.69
1.252 4693.908 4409.086 4977.432
1.253 4698.617 4413.906 4982.183
1.255 4703.316 4418.685 4986.919
1.256 4708.005 4423.467 4991.606
1.258 4712.686 4428.25 4996.375
1.259 4717.356 4433.077 5001.114
1.261 4722.018 4437.751 5005.849
1.263 4726.671 4442.427 5010.539
1.264 4731.314 4447.105 5015.228
1.266 4735.948 4451.768 5019.917
1.267 4740.574 4456.485 5024.608
1.269 4745.191 4461.147 5029.295
1.271 4749.799 4465.867 5033.963
1.272 4754.399 4470.437 5038.624
1.274 4758.99 4475.103 5043.277
1.276 4763.573 4479.721 5047.911
1.277 4768.148 4484.349 5052.549
1.279 4772.714 4488.965 5057.178
1.28 4777.272 4493.617 5061.796
1.282 4781.823 4498.27 5066.376
1.284 4786.365 4502.919 5070.962
1.285 4790.9 4507.448 5075.512
1.287 4795.427 4512.033 5080.133
1.289 4799.946 4516.623 5084.744
1.29 4804.458 4521.227 5089.281
1.292 4808.962 4525.794 5093.832
1.294 4813.459 4530.356 5098.372
1.295 4817.948 4534.827 5102.966
1.297 4822.43 4539.373 5107.523
1.299 4826.905 4543.899 5112.107
1.3 4831.373 4548.435 5116.645
1.302 4835.835 4552.948 5121.171
1.304 4840.289 4557.448 5125.735
1.305 4844.736 4561.996 5130.288
1.307 4849.176 4566.491 5134.793
1.309 4853.61 4571.01 5139.295
1.311 4858.037 4575.444 5143.78
1.312 4862.458 4579.988 5148.328
1.314 4866.872 4584.402 5152.904
1.316 4871.28 4588.845 5157.384
1.318 4875.681 4593.233 5161.891
1.319 4880.077 4597.657 5166.341
1.321 4884.465 4602.062 5170.81
1.323 4888.848 4606.559 5175.28
1.325 4893.225 4610.929 5179.67
1.326 4897.596 4615.287 5184.085
1.328 4901.961 4619.684 5188.466
1.33 4906.32 4624.155 5192.907
1.332 4910.673 4628.453 5197.328
1.333 4915.021 4632.831 5201.734
1.335 4919.362 4637.192 5206.145
1.337 4923.699 4641.587 5210.542
1.339 4928.029 4645.935 5214.988
1.34 4932.355 4650.281 5219.427
1.342 4936.675 4654.598 5223.809
1.344 4940.989 4658.89 5228.199
1.346 4945.298 4663.157 5232.568
1.348 4949.602 4667.45 5237.01
1.35 4953.901 4671.78 5241.408
1.351 4958.195 4676.193 5245.798
1.353 4962.483 4680.454 5250.168
1.355 4966.767 4684.761 5254.526
1.357 4971.046 4688.975 5258.882
1.359 4975.32 4693.214 5263.266
1.361 4979.589 4697.46 5267.681
1.362 4983.853 4701.759 5272.092
1.364 4988.113 4706.042 5276.395
1.366 4992.367 4710.261 5280.72
1.368 4996.618 4714.538 5285.117
1.37 5000.863 4718.753 5289.468
1.372 5005.105 4722.96 5293.798
1.374 5009.341 4727.197 5298.087
1.376 5013.574 4731.398 5302.444
1.377 5017.802 4735.595 5306.729
1.379 5022.026 4739.801 5311.064
1.381 5026.245 4744.036 5315.4
1.383 5030.461 4748.269 5319.663
1.385 5034.672 4752.505 5324.007
1.387 5038.879 4756.719 5328.37
1.389 5043.082 4760.905 5332.689
1.391 5047.281 4765.099 5337.128
1.393 5051.476 4769.354 5341.393
1.395 5055.668 4773.531 5345.631
1.397 5059.855 4777.696 5349.939
1.399 5064.039 4781.85 5354.21
1.401 5068.219 4786.084 5358.474
1.403 5072.395 4790.305 5362.824
1.404 5076.567 4794.484 5367.138
1.406 5080.736 4798.683 5371.353
1.408 5084.902 4802.821 5375.611
1.41 5089.064 4806.999 5379.912
1.412 5093.222 4811.164 5384.204
1.414 5097.377 4815.303 5388.388
1.416 5101.529 4819.383 5392.683
1.418 5105.677 4823.435 5396.986
1.42 5109.822 4827.569 5401.272
1.422 5113.964 4831.708 5405.532
1.425 5118.102 4835.848 5409.784
1.427 5122.238 4839.969 5414.009
1.429 5126.37 4844.112 5418.216
1.431 5130.499 4848.234 5422.515
1.433 5134.625 4852.357 5426.761
1.435 5138.748 4856.449 5431.011
1.437 5142.868 4860.524 5435.246
1.439 5146.986 4864.552 5439.447
1.441 5151.1 4868.622 5443.69
1.443 5155.212 4872.71 5447.939
1.445 5159.32 4876.769 5452.15
1.447 5163.426 4880.78 5456.432
1.449 5167.53 4884.843 5460.605
1.451 5171.63 4888.963 5464.772
1.453 5175.728 4893.042 5468.987
1.456 5179.824 4897.076 5473.172
1.458 5183.917 4901.195 5477.441
1.46 5188.007 4905.278 5481.695
1.462 5192.095 4909.321 5485.801
1.464 5196.18 4913.355 5490.011
1.466 5200.263 4917.401 5494.201
1.468 5204.344 4921.477 5498.413
1.471 5208.422 4925.552 5502.579
1.473 5212.498 4929.613 5506.859
1.475 5216.572 4933.631 5511.058
1.477 5220.644 4937.643 5515.266
1.479 5224.713 4941.723 5519.389
1.481 5228.78 4945.802 5523.565
1.484 5232.845 4949.784 5527.709
1.486 5236.909 4953.869 5531.891
1.488 5240.97 4957.897 5536.027
1.49 5245.029 4961.978 5540.26
1.493 5249.086 4966.087 5544.399
1.495 5253.141 4970.119 5548.574
1.497 5257.194 4974.06 5552.768
1.499 5261.246 4978.065 5556.935
1.502 5265.295 4982.059 5561.11
1.504 5269.343 4985.982 5565.326
1.506 5273.389 4989.877 5569.454
1.508 5277.433 4993.848 5573.614
1.511 5281.476 4997.847 5577.795
1.513 5285.517 5001.844 5581.906
1.515 5289.556 5005.794 5586.103
1.517 5293.594 5009.817 5590.256
1.52 5297.63 5013.747 5594.409
1.522 5301.665 5017.671 5598.545
1.524 5305.698 5021.648 5602.765
1.527 5309.73 5025.587 5606.92
1.529 5313.76 5029.489 5611.146
1.531 5317.789 5033.432 5615.32
1.534 5321.817 5037.384 5619.462
1.536 5325.843 5041.339 5623.614
1.538 5329.868 5045.287 5627.834
1.541 5333.892 5049.262 5632.039
1.543 5337.915 5053.181 5636.163
1.546 5341.936 5057.104 5640.352
1.548 5345.956 5061.109 5644.485
1.55 5349.975 5065.016 5648.687
1.553 5353.993 5069.004 5652.883
1.555 5358.01 5073.024 5656.99
1.558 5362.026 5077 5661.149
1.56 5366.04 5080.955 5665.273
1.563 5370.054 5084.892 5669.451
1.565 5374.067 5088.784 5673.705
1.567 5378.079 5092.723 5677.922
1.57 5382.09 5096.716 5682.126
1.572 5386.1 5100.58 5686.31
1.575 5390.11 5104.479 5690.469
1.577 5394.118 5108.42 5694.579
1.58 5398.126 5112.298 5698.722
1.582 5402.133 5116.265 5702.856
1.585 5406.139 5120.308 5706.974
1.587 5410.145 5124.385 5711.132
1.59 5414.15 5128.341 5715.253
1.592 5418.155 5132.282 5719.353
1.595 5422.158 5136.179 5723.465
1.597 5426.162 5140.198 5727.573
1.6 5430.164 5144.075 5731.757
1.603 5434.167 5148.025 5735.909
1.605 5438.168 5152.01 5740.063
1.608 5442.17 5155.965 5744.157
1.61 5446.171 5159.844 5748.269
1.613 5450.171 5163.749 5752.427
1.616 5454.171 5167.696 5756.549
1.618 5458.171 5171.615 5760.757
1.621 5462.171 5175.613 5764.936
1.623 5466.17 5179.549 5768.99
1.626 5470.169 5183.548 5773.1
1.629 5474.168 5187.451 5777.253
1.631 5478.167 5191.382 5781.423
1.634 5482.165 5195.279 5785.568
1.637 5486.163 5199.216 5789.756
1.639 5490.162 5203.181 5793.962
1.642 5494.16 5207.141 5798.142
1.645 5498.158 5211.016 5802.213
1.647 5502.156 5215.025 5806.432
1.65 5506.154 5218.966 5810.598
1.653 5510.152 5222.875 5814.809
1.656 5514.151 5226.764 5818.982
1.658 5518.149 5230.672 5823.195
1.661 5522.147 5234.673 5827.322
1.664 5526.146 5238.565 5831.503
1.667 5530.145 5242.418 5835.616
1.669 5534.144 5246.364 5839.738
1.672 5538.143 5250.334 5843.86
1.675 5542.142 5254.212 5848.035
1.678 5546.142 5258.082 5852.252
1.681 5550.142 5262.07 5856.358
1.684 5554.142 5266.013 5860.527
1.686 5558.143 5269.963 5864.747
1.689 5562.144 5273.84 5868.915
1.692 5566.146 5277.699 5873.155
1.695 5570.148 5281.663 5877.387
1.698 5574.15 5285.6 5881.582
1.701 5578.153 5289.498 5885.745
1.704 5582.157 5293.364 5889.961
1.706 5586.161 5297.276 5894.187
1.709 5590.165 5301.208 5898.323
1.712 5594.17 5305.105 5902.512
1.715 5598.176 5309.027 5906.699
1.718 5602.183 5312.99 5910.833
1.721 5606.19 5316.943 5914.914
1.724 5610.198 5320.864 5919.099
1.727 5614.207 5324.876 5923.278
1.73 5618.216 5328.767 5927.426
1.733 5622.226 5332.633 5931.552
1.736 5626.237 5336.501 5935.742
1.739 5630.249 5340.405 5939.95
1.742 5634.262 5344.373 5944.107
1.745 5638.276 5348.29 5948.289
1.748 5642.29 5352.239 5952.482
1.751 5646.306 5356.127 5956.659
1.754 5650.322 5360.103 5960.881
1.757 5654.34 5364.027 5965.065
1.761 5658.358 5367.918 5969.261
1.764 5662.378 5371.849 5973.469
1.767 5666.399 5375.744 5977.662
1.77 5670.42 5379.662 5981.846
1.773 5674.443 5383.558 5986.054
1.776 5678.468 5387.498 5990.224
1.779 5682.493 5391.416 5994.385
1.783 5686.519 5395.355 5998.552
1.786 5690.547 5399.278 6002.749
1.789 5694.576 5403.221 6006.934
1.792 5698.606 5407.175 6011.183
1.795 5702.638 5411.064 6015.42
1.799 5706.671 5414.995 6019.756
1.802 5710.706 5418.872 6023.983
1.805 5714.741 5422.84 6028.18
1.808 5718.778 5426.789 6032.351
1.812 5722.817 5430.76 6036.455
1.815 5726.857 5434.668 6040.667
1.818 5730.899 5438.608 6044.856
1.821 5734.942 5442.544 6049.088
1.825 5738.987 5446.468 6053.329
1.828 5743.033 5450.398 6057.547
1.832 5747.081 5454.378 6061.817
1.835 5751.131 5458.323 6066.099
1.838 5755.182 5462.304 6070.265
1.842 5759.235 5466.251 6074.462
1.845 5763.289 5470.247 6078.709
1.848 5767.346 5474.247 6082.976
1.852 5771.404 5478.169 6087.19
1.855 5775.464 5482.091 6091.472
1.859 5779.526 5486.012 6095.719
1.862 5783.589 5489.96 6099.953
1.866 5787.655 5493.926 6104.208
1.869 5791.722 5497.944 6108.472
1.873 5795.792 5501.835 6112.736
1.876 5799.863 5505.758 6117.045
1.88 5803.936 5509.765 6121.337
1.883 5808.012 5513.761 6125.647
1.887 5812.089 5517.785 6129.833
1.89 5816.168 5521.701 6134.136
1.894 5820.25 5525.67 6138.422
1.898 5824.334 5529.634 6142.655
1.901 5828.419 5533.607 6146.917
1.905 5832.507 5537.598 6151.19
1.908 5836.597 5541.557 6155.422
1.912 5840.69 5545.538 6159.715
1.916 5844.784 5549.491 6164.027
1.919 5848.881 5553.53 6168.275
1.923 5852.981 5557.436 6172.555
1.927 5857.082 5561.379 6176.886
1.931 5861.186 5565.343 6181.191
1.934 5865.292 5569.295 6185.413
1.938 5869.401 5573.277 6189.703
1.942 5873.512 5577.27 6193.984
1.946 5877.626 5581.221 6198.368
1.949 5881.742 5585.206 6202.728
1.953 5885.861 5589.176 6207.019
1.957 5889.982 5593.145 6211.315
1.961 5894.106 5597.12 6215.585
1.965 5898.232 5601.123 6219.894
1.969 5902.362 5605.126 6224.194
1.972 5906.493 5609.145 6228.541
1.976 5910.628 5613.119 6232.918
1.98 5914.765 5617.111 6237.197
1.984 5918.905 5621.112 6241.551
1.988 5923.048 5625.122 6245.88
1.992 5927.193 5629.156 6250.235
1.996 5931.341 5633.189 6254.601
2 5935.493 5637.204 6258.951
2.004 5939.647 5641.243 6263.367
2.008 5943.804 5645.294 6267.689
2.012 5947.964 5649.352 6272.088
2.016 5952.127 5653.37 6276.435
2.02 5956.293 5657.412 6280.794
2.024 5960.462 5661.477 6285.188
2.028 5964.634 5665.473 6289.607
2.033 5968.809 5669.541 6294.014
2.037 5972.988 5673.558 6298.351
2.041 5977.169 5677.59 6302.721
2.045 5981.354 5681.634 6307.114
2.049 5985.542 5685.687 6311.541
2.053 5989.733 5689.686 6315.924
2.058 5993.927 5693.849 6320.346
2.062 5998.125 5697.864 6324.791
2.066 6002.326 5701.93 6329.231
2.07 6006.53 5706.044 6333.63
2.075 6010.738 5710.091 6338.012
2.079 6014.949 5714.165 6342.452
2.083 6019.164 5718.313 6346.87
2.088 6023.382 5722.395 6351.39
2.092 6027.604 5726.491 6355.844
2.096 6031.829 5730.577 6360.33
2.101 6036.058 5734.637 6364.812
2.105 6040.29 5738.752 6369.281
2.11 6044.526 5742.807 6373.802
2.114 6048.766 5746.886 6378.253
2.119 6053.009 5750.968 6382.662
2.123 6057.256 5755.036 6387.189
2.128 6061.507 5759.121 6391.639
2.132 6065.762 5763.211 6396.117
2.137 6070.02 5767.306 6400.666
2.141 6074.283 5771.414 6405.116
2.146 6078.549 5775.498 6409.67
2.151 6082.819 5779.582 6414.203
2.155 6087.093 5783.682 6418.688
2.16 6091.371 5787.792 6423.154
2.165 6095.653 5791.841 6427.654
2.169 6099.94 5795.959 6432.131
2.174 6104.23 5800.08 6436.65
2.179 6108.524 5804.29 6441.162
2.183 6112.822 5808.422 6445.766
2.188 6117.125 5812.56 6450.27
2.193 6121.432 5816.752 6454.749
2.198 6125.743 5820.967 6459.273
2.203 6130.058 5825.109 6463.836
2.208 6134.378 5829.237 6468.449
2.212 6138.702 5833.401 6473.062
2.217 6143.03 5837.646 6477.643
2.222 6147.363 5841.738 6482.107
2.227 6151.7 5845.917 6486.653
2.232 6156.042 5850.098 6491.214
2.237 6160.388 5854.294 6495.815
2.242 6164.739 5858.426 6500.317
2.247 6169.094 5862.656 6504.882
2.252 6173.454 5866.872 6509.433
2.257 6177.819 5871.107 6514.033
2.262 6182.188 5875.342 6518.692
2.268 6186.562 5879.554 6523.267
2.273 6190.941 5883.801 6527.868
2.278 6195.325 5887.999 6532.388
2.283 6199.713 5892.285 6537.016
2.288 6204.106 5896.479 6541.724
2.294 6208.504 5900.73 6546.352
2.299 6212.907 5905.027 6550.972
2.304 6217.316 5909.281 6555.618
2.309 6221.729 5913.588 6560.249
2.315 6226.147 5917.887 6564.899
2.32 6230.57 5922.146 6569.598
2.326 6234.998 5926.462 6574.254
2.331 6239.432 5930.733 6578.921
2.336 6243.87 5935.038 6583.54
2.342 6248.314 5939.332 6588.274
2.347 6252.763 5943.604 6592.998
2.353 6257.218 5947.974 6597.675
2.358 6261.677 5952.148 6602.41
2.364 6266.142 5956.39 6607.129
2.37 6270.613 5960.702 6611.771
2.375 6275.089 5964.997 6616.506
2.381 6279.571 5969.244 6621.162
2.387 6284.058 5973.614 6625.891
2.392 6288.55 5977.905 6630.608
2.398 6293.049 5982.23 6635.326
2.404 6297.552 5986.63 6640.064
2.41 6302.062 5990.939 6644.823
2.415 6306.577 5995.324 6649.603
2.421 6311.099 5999.708 6654.336
2.427 6315.625 6004.004 6659.048
2.433 6320.158 6008.366 6663.771
2.439 6324.697 6012.788 6668.564
2.445 6329.242 6017.141 6673.356
2.451 6333.792 6021.507 6678.136
2.457 6338.349 6025.836 6682.924
2.463 6342.911 6030.228 6687.704
2.469 6347.48 6034.607 6692.515
2.475 6352.055 6039.015 6697.383
2.481 6356.636 6043.427 6702.211
2.488 6361.224 6047.829 6707.068
2.494 6365.817 6052.254 6711.938
2.5 6370.417 6056.618 6716.825
2.506 6375.024 6061.035 6721.795
2.513 6379.637 6065.407 6726.679
2.519 6384.256 6069.81 6731.691
2.525 6388.882 6074.215 6736.561
2.532 6393.514 6078.706 6741.459
2.538 6398.153 6083.153 6746.29
2.545 6402.798 6087.575 6751.183
2.551 6407.45 6091.952 6756.141
2.558 6412.109 6096.458 6761.115
2.564 6416.775 6100.944 6766.005
2.571 6421.447 6105.509 6770.956
2.577 6426.127 6109.985 6775.836
2.584 6430.813 6114.468 6780.715
2.591 6435.506 6118.943 6785.669
2.597 6440.207 6123.404 6790.713
2.604 6444.914 6127.9 6795.633
2.611 6449.628 6132.382 6800.658
2.618 6454.35 6136.858 6805.65
2.625 6459.079 6141.363 6810.66
2.632 6463.815 6145.85 6815.711
2.639 6468.558 6150.366 6820.742
2.646 6473.309 6154.889 6825.795
2.653 6478.067 6159.451 6830.847
2.66 6482.832 6164.03 6835.885
2.667 6487.606 6168.641 6840.965
2.674 6492.386 6173.244 6846.022
2.681 6497.174 6177.836 6851.101
2.688 6501.97 6182.346 6856.077
2.695 6506.774 6186.94 6861.21
2.703 6511.585 6191.584 6866.457
2.71 6516.405 6196.185 6871.49
2.717 6521.232 6200.826 6876.579
2.725 6526.067 6205.456 6881.726
2.732 6530.91 6210.139 6886.833
2.74 6535.761 6214.743 6891.971
2.747 6540.62 6219.374 6897.146
2.755 6545.487 6224.073 6902.291
2.762 6550.362 6228.659 6907.475
2.77 6555.246 6233.406 6912.72
2.778 6560.138 6237.967 6917.85
2.786 6565.039 6242.711 6923.025
2.793 6569.948 6247.371 6928.178
2.801 6574.865 6252.069 6933.388
2.809 6579.791 6256.713 6938.641
2.817 6584.725 6261.406 6943.977
2.825 6589.668 6266.036 6949.268
2.833 6594.62 6270.742 6954.553
2.841 6599.581 6275.518 6959.914
2.849 6604.551 6280.31 6965.263
2.857 6609.529 6285.056 6970.559
2.865 6614.516 6289.836 6975.884
2.874 6619.513 6294.604 6981.138
2.882 6624.518 6299.403 6986.495
2.89 6629.533 6304.172 6991.854
2.899 6634.557 6308.908 6997.168
2.907 6639.59 6313.653 7002.578
2.915 6644.633 6318.507 7007.987
2.924 6649.685 6323.341 7013.384
2.933 6654.746 6328.22 7018.818
2.941 6659.817 6333.087 7024.239
2.95 6664.898 6338.026 7029.63
2.959 6669.988 6342.881 7035.029
2.967 6675.088 6347.771 7040.54
2.976 6680.198 6352.592 7045.946
2.985 6685.317 6357.494 7051.403
2.994 6690.447 6362.355 7056.786
3.003 6695.587 6367.235 7062.228
3.012 6700.736 6372.142 7067.724
3.021 6705.896 6377.058 7073.238
3.03 6711.066 6382.029 7078.795
3.04 6716.247 6386.983 7084.334
3.049 6721.438 6391.941 7089.861
3.058 6726.639 6396.95 7095.342
3.067 6731.851 6401.922 7100.961
3.077 6737.073 6406.892 7106.616
3.086 6742.306 6411.879 7112.164
3.096 6747.55 6416.756 7117.787
3.106 6752.805 6421.815 7123.376
3.115 6758.071 6426.863 7129
3.125 6763.347 6431.84 7134.605
3.135 6768.635 6436.909 7140.207
3.145 6773.933 6441.949 7145.84
3.155 6779.243 6446.993 7151.563
3.165 6784.565 6452.003 7157.218
3.175 6789.897 6457.078 7162.936
3.185 6795.242 6462.172 7168.685
3.195 6800.597 6467.239 7174.42
3.205 6805.964 6472.317 7180.168
3.215 6811.343 6477.513 7185.883
3.226 6816.734 6482.683 7191.662
3.236 6822.137 6487.778 7197.423
3.247 6827.552 6492.881 7203.166
3.257 6832.978 6498.044 7208.946
3.268 6838.417 6503.229 7214.648
3.279 6843.868 6508.485 7220.494
3.289 6849.332 6513.652 7226.271
3.3 6854.808 6518.839 7232.063
3.311 6860.296 6524.134 7237.881
3.322 6865.797 6529.404 7243.779
3.333 6871.31 6534.618 7249.724
3.344 6876.837 6539.876 7255.684
3.356 6882.376 6545.175 7261.556
3.367 6887.928 6550.426 7267.547
3.378 6893.494 6555.78 7273.579
3.39 6899.072 6561.006 7279.503
3.401 6904.664 6566.249 7285.442
3.413 6910.269 6571.514 7291.436
3.425 6915.887 6576.899 7297.455
3.436 6921.52 6582.181 7303.53
3.448 6927.165 6587.567 7309.565
3.46 6932.825 6592.906 7315.672
3.472 6938.498 6598.244 7321.832
3.484 6944.186 6603.675 7327.861
3.497 6949.887 6609.115 7333.938
3.509 6955.603 6614.504 7340.103
3.521 6961.333 6619.951 7346.355
3.534 6967.077 6625.425 7352.506
3.546 6972.836 6630.923 7358.675
3.559 6978.61 6636.42 7364.819
3.571 6984.398 6641.871 7370.954
3.584 6990.201 6647.326 7377.171
3.597 6996.019 6652.844 7383.481
3.61 7001.852 6658.328 7389.756
3.623 7007.701 6663.884 7395.964
3.636 7013.565 6669.394 7402.288
3.65 7019.444 6674.987 7408.611
3.663 7025.338 6680.545 7414.868
3.676 7031.249 6686.054 7421.237
3.69 7037.175 6691.536 7427.673
3.704 7043.117 6697.16 7434.024
3.717 7049.075 6702.851 7440.429
3.731 7055.05 6708.42 7446.879
3.745 7061.041 6714.086 7453.319
3.759 7067.048 6719.74 7459.785
3.774 7073.072 6725.405 7466.119
3.788 7079.112 6731.029 7472.667
3.802 7085.169 6736.835 7479.387
3.817 7091.244 6742.506 7486.001
3.831 7097.335 6748.196 7492.675
3.846 7103.444 6753.942 7499.252
3.861 7109.57 6759.577 7505.834
3.876 7115.713 6765.37 7512.504
3.891 7121.875 6771.167 7519.24
3.906 7128.054 6777.058 7525.877
3.922 7134.251 6782.992 7532.519
3.937 7140.466 6788.822 7539.304
3.953 7146.699 6794.737 7546.01
3.968 7152.951 6800.657 7552.731
3.984 7159.222 6806.607 7559.466
4 7165.511 6812.575 7566.226
4.016 7171.819 6818.484 7572.913
4.032 7178.146 6824.345 7579.703
4.049 7184.493 6830.384 7586.575
4.065 7190.858 6836.38 7593.438
4.082 7197.244 6842.492 7600.42
4.098 7203.649 6848.597 7607.258
4.115 7210.074 6854.612 7614.239
4.132 7216.518 6860.548 7621.284
4.149 7222.984 6866.644 7628.217
4.167 7229.469 6872.739 7635.212
4.184 7235.975 6878.847 7642.141
4.202 7242.502 6884.866 7649.167
4.219 7249.05 6891.028 7656.214
4.237 7255.619 6897.17 7663.36
4.255 7262.209 6903.336 7670.513
4.274 7268.82 6909.586 7677.742
4.292 7275.454 6915.786 7685.021
4.31 7282.109 6922.038 7692.163
4.329 7288.786 6928.301 7699.551
4.348 7295.485 6934.608 7706.787
4.367 7302.207 6940.93 7714.215
4.386 7308.952 6947.211 7721.45
4.405 7315.719 6953.491 7728.782
4.425 7322.51 6959.872 7736.181
4.444 7329.324 6966.25 7743.66
4.464 7336.161 6972.597 7751.128
4.484 7343.022 6979.067 7758.52
4.505 7349.907 6985.492 7766.173
4.525 7356.816 6991.986 7773.73
4.545 7363.749 6998.505 7781.223
4.566 7370.708 7005.079 7788.755
4.587 7377.69 7011.657 7796.236
4.608 7384.698 7018.21 7803.846
4.63 7391.732 7024.807 7811.426
4.651 7398.79 7031.362 7819.204
4.673 7405.875 7037.979 7826.936
4.695 7412.985 7044.586 7834.705
4.717 7420.122 7051.356 7842.55
4.739 7427.286 7058.037 7850.292
4.762 7434.476 7064.719 7858.133
4.785 7441.693 7071.515 7865.949
4.808 7448.938 7078.318 7873.85
4.831 7456.21 7085.073 7881.729
4.854 7463.51 7091.962 7889.733
4.878 7470.838 7098.754 7897.618
4.902 7478.194 7105.601 7905.634
4.926 7485.579 7112.499 7913.671
4.95 7492.993 7119.358 7921.806
4.975 7500.437 7126.23 7929.911
5 7507.909 7133.144 7938.052
5.025 7515.412 7140.148 7946.172
5.051 7522.945 7147.197 7954.55
5.076 7530.508 7154.259 7962.817
5.102 7538.103 7161.323 7971.202
5.128 7545.728 7168.398 7979.486
5.155 7553.384 7175.586 7987.751
5.181 7561.073 7182.784 7996.184
5.208 7568.793 7189.947 8004.767
5.236 7576.546 7197.118 8013.356
5.263 7584.332 7204.388 8021.857
5.291 7592.15 7211.697 8030.478
5.319 7600.003 7218.956 8039.177
5.348 7607.888 7226.314 8047.868
5.376 7615.809 7233.678 8056.611
5.405 7623.763 7241.125 8065.388
5.435 7631.753 7248.509 8074.143
5.464 7639.778 7255.994 8083.03
5.495 7647.838 7263.519 8091.96
5.525 7655.935 7271.022 8100.824
5.556 7664.068 7278.479 8109.65
5.587 7672.238 7286.076 8118.655
5.618 7680.446 7293.636 8127.762
5.65 7688.691 7301.188 8136.938
5.682 7696.974 7308.849 8146.234
5.714 7705.296 7316.556 8155.333
5.747 7713.656 7324.392 8164.676
5.78 7722.057 7332.318 8173.768
5.814 7730.497 7340.131 8183.112
5.848 7738.977 7348.044 8192.397
5.882 7747.499 7355.938 8201.875
5.917 7756.062 7363.942 8211.289
5.952 7764.666 7371.901 8220.908
5.988 7773.313 7379.967 8230.455
6.024 7782.003 7388.047 8240.044
6.061 7790.736 7396.095 8249.629
6.098 7799.513 7404.216 8259.276
6.135 7808.334 7412.399 8269.045
6.173 7817.201 7420.511 8278.856
6.211 7826.112 7428.806 8288.682
6.25 7835.07 7437.099 8298.613
6.289 7844.075 7445.42 8308.563
6.329 7853.127 7453.715 8318.556
6.369 7862.226 7462.157 8328.567
6.41 7871.374 7470.585 8338.693
6.452 7880.571 7479.088 8349.006
6.494 7889.818 7487.6 8359.364
6.536 7899.115 7496.083 8369.743
6.579 7908.462 7504.663 8380.254
6.623 7917.862 7513.273 8390.687
6.667 7927.314 7521.926 8401.16
6.711 7936.819 7530.632 8411.558
6.757 7946.377 7539.381 8422.298
6.803 7955.99 7548.204 8432.962
6.849 7965.658 7557.029 8443.853
6.897 7975.382 7565.904 8454.876
6.944 7985.163 7574.837 8465.779
6.993 7995.001 7583.843 8476.953
7.042 8004.897 7592.962 8488.044
7.092 8014.852 7602.035 8499.138
7.143 8024.868 7611.26 8510.357
7.194 8034.943 7620.419 8521.687
7.246 8045.081 7629.84 8533.159
7.299 8055.281 7639.15 8544.686
7.353 8065.544 7648.426 8556.14
7.407 8075.872 7657.846 8567.733
7.463 8086.265 7667.252 8579.483
7.519 8096.724 7676.75 8591.197
7.576 8107.25 7686.52 8602.992
7.634 8117.844 7696.204 8615.014
7.692 8128.508 7705.875 8627.018
7.752 8139.242 7715.716 8639.114
7.812 8150.047 7725.521 8651.426
7.874 8160.924 7735.477 8663.675
7.937 8171.875 7745.382 8676.221
8 8182.901 7755.323 8688.67
8.065 8194.003 7765.408 8701.233
8.13 8205.182 7775.583 8713.851
8.197 8216.439 7785.706 8726.619
8.264 8227.775 7796.008 8739.465
8.333 8239.193 7806.325 8752.267
8.403 8250.692 7816.71 8765.35
8.475 8262.276 7827.208 8778.568
8.547 8273.944 7837.879 8791.872
8.621 8285.699 7848.445 8805.302
8.696 8297.541 7859.099 8818.827
8.772 8309.473 7870.019 8832.443
8.85 8321.495 7880.802 8846.049
8.929 8333.611 7891.664 8859.77
9.009 8345.82 7902.695 8873.733
9.091 8358.125 7913.738 8887.917
9.174 8370.527 7924.919 8902.125
9.259 8383.029 7936.239 8916.407
9.346 8395.632 7947.548 8930.653
9.434 8408.337 7958.977 8945.285
9.524 8421.147 7970.348 8959.957
9.615 8434.065 7981.956 8974.843
9.709 8447.09 7993.753 8989.787
9.804 8460.227 8005.438 9004.834
9.901 8473.477 8017.166 9020.248
10 8486.842 8029.207 9035.986
10.101 8500.324 8041.158 9051.615
10.204 8513.926 8053.23 9067.212
10.309 8527.65 8065.473 9083.227
10.417 8541.499 8077.86 9099.438
10.526 8555.475 8090.492 9115.531
10.638 8569.58 8102.981 9132.102
10.753 8583.818 8115.733 9148.823
10.87 8598.192 8128.53 9165.432
10.989 8612.704 8141.415 9182.162
11.111 8627.356 8154.441 9199.345
11.236 8642.153 8167.364 9216.691
11.364 8657.098 8180.658 9234.087
11.494 8672.192 8193.81 9251.869
11.628 8687.442 8207.277 9269.598
11.765 8702.848 8220.908 9287.436
11.905 8718.416 8234.604 9305.479
12.048 8734.149 8248.657 9324.023
12.195 8750.05 8262.728 9342.907
12.346 8766.125 8277.019 9361.808
12.5 8782.376 8291.39 9381.102
12.658 8798.809 8305.846 9400.513
12.821 8815.428 8320.405 9420.145
12.987 8832.237 8335.272 9439.953
13.158 8849.242 8350.148 9460.213
13.333 8866.447 8365.323 9480.484
13.514 8883.858 8380.52 9501.362
13.699 8901.48 8395.982 9522.352
13.889 8919.318 8411.543 9543.653
14.085 8937.38 8427.27 9565.375
14.286 8955.67 8443.266 9587.219
14.493 8974.195 8459.289 9609.603
14.706 8992.962 8475.788 9631.864
14.925 9011.978 8492.326 9654.73
15.152 9031.25 8509.183 9678.398
15.385 9050.786 8526.093 9701.947
15.625 9070.593 8543.029 9725.742
15.873 9090.68 8560.418 9750.139
16.129 9111.056 8578.208 9774.875
16.393 9131.729 8596.032 9799.678
16.667 9152.71 8614.181 9825.076
16.949 9174.008 8632.363 9851.074
17.241 9195.633 8651.176 9876.933
17.544 9217.598 8670.273 9903.822
17.857 9239.913 8689.561 9930.808
18.182 9262.591 8709.057 9958.273
18.519 9285.645 8729.032 9986.552
18.868 9309.087 8749.276 10015.218
19.231 9332.934 8769.608 10044.725
19.608 9357.199 8790.405 10074.956
20 9381.899 8811.467 10105.788
20.408 9407.052 8832.979 10136.609
20.833 9432.674 8854.962 10168.118
21.277 9458.785 8877.038 10200.727
21.739 9485.406 8899.424 10234.054
22.222 9512.559 8922.282 10268.132
22.727 9540.266 8945.732 10303.104
23.256 9568.552 8969.436 10338.252
23.81 9597.443 8994.151 10374.84
24.39 9626.969 9019.185 10412.107
25 9657.158 9044.473 10449.819
25.641 9688.044 9070.367 10488.993
26.316 9719.662 9096.913 10529.346
27.027 9752.05 9124.018 10570.583
27.778 9785.247 9151.321 10613.113
28.571 9819.3 9179.388 10656.386
29.412 9854.255 9208.212 10701.476
30.303 9890.164 9237.95 10747.619
31.25 9927.086 9268.349 10795.694
32.258 9965.08 9299.533 10844.929
33.333 10004.217 9331.607 10895.881
34.483 10044.571 9364.746 10948.799
35.714 10086.224 9398.842 11003.375
37.037 10129.267 9434.111 11059.436
38.462 10173.803 9470.102 11118.343
40 10219.945 9507.585 11179.928
41.667 10267.819 9546.018 11244.1
43.478 10317.568 9586.133 11310.515
45.455 10369.354 9627.531 11380.285
47.619 10423.359 9671.324 11452.952
50 10479.793 9716.268 11528.717
52.632 10538.896 9762.959 11608.663
55.556 10600.948 9811.993 11692.972
58.824 10666.276 9863.405 11782.278
62.5 10735.261 9916.92 11877.248
66.667 10808.362 9973.659 11978.508
71.429 10886.126 10033.303 12087.282
76.923 10969.222 10097.128 12202.646
83.333 11058.474 10165.1 12330.253
90.909 11154.918 10238.511 12467.982
100 11259.877 10317.343 12619.328
111.111 11375.085 10403.101 12786.42
125 11502.874 10497.95 12973.472
142.857 11646.491 10603.326 13184.715
166.667 11810.647 10721.328 13432.861
200 12002.583 10857.883 13726.87
250 12234.284 11020.21 14085.033
333.333 12527.908 11220.726 14551.423
500 12932.289 11487.871 15216.025
1000 13598.932 11907.955 16364.503
