"Pr" "Mp" "Q_2" "Q_9"
1.01 3291.358 2378.654 3882.713
1.011 3325.906 2428.321 3909.454
1.012 3358.025 2473.725 3934.338
1.013 3388.078 2516.013 3957.655
1.014 3416.351 2555.82 3980.317
1.015 3443.072 2593.308 4001.189
1.016 3468.429 2628.865 4021.187
1.017 3492.574 2662.916 4040.4
1.018 3515.637 2695.387 4058.608
1.019 3537.726 2726.277 4076.277
1.02 3558.934 2755.378 4093.255
1.021 3579.341 2783.284 4109.811
1.022 3599.015 2810.842 4125.806
1.024 3618.018 2837.689 4141.496
1.025 3636.401 2862.645 4156.525
1.026 3654.213 2886.945 4171.192
1.027 3671.493 2910.531 4185.48
1.028 3688.28 2933.517 4199.133
1.029 3704.606 2955.488 4212.616
1.03 3720.502 2976.741 4225.702
1.031 3735.994 2997.847 4238.697
1.032 3751.107 3018.399 4251.345
1.033 3765.863 3038.446 4263.734
1.034 3780.283 3058.083 4276.028
1.035 3794.384 3077.128 4288.131
1.036 3808.184 3095.734 4299.614
1.037 3821.698 3113.897 4311.006
1.038 3834.942 3131.434 4322.265
1.04 3847.928 3147.986 4333.377
1.041 3860.668 3164.948 4344.288
1.042 3873.175 3181.307 4354.995
1.043 3885.458 3197.65 4365.66
1.044 3897.528 3213.728 4375.938
1.045 3909.394 3229.689 4386.216
1.046 3921.065 3245.567 4396.269
1.047 3932.548 3260.409 4406.228
1.048 3943.852 3275.263 4416.019
1.049 3954.983 3289.584 4425.663
1.05 3965.948 3304.044 4435.044
1.052 3976.754 3318.245 4444.33
1.053 3987.406 3331.571 4453.59
1.054 3997.91 3345.234 4462.705
1.055 4008.271 3358.969 4471.802
1.056 4018.495 3372.057 4480.801
1.057 4028.586 3385.167 4489.59
1.058 4038.548 3397.627 4498.529
1.059 4048.386 3410.431 4507.278
1.06 4058.104 3422.932 4515.894
1.062 4067.706 3435.463 4524.436
1.063 4077.196 3447.876 4532.81
1.064 4086.576 3459.77 4541.241
1.065 4095.851 3471.872 4549.689
1.066 4105.023 3483.615 4557.89
1.067 4114.095 3494.978 4565.988
1.068 4123.071 3506.327 4573.982
1.07 4131.954 3517.929 4581.941
1.071 4140.744 3528.858 4589.933
1.072 4149.447 3539.906 4597.698
1.073 4158.063 3550.559 4605.377
1.074 4166.595 3561.587 4613.164
1.075 4175.046 3571.987 4620.806
1.076 4183.417 3582.331 4628.416
1.078 4191.711 3592.931 4636.015
1.079 4199.929 3603.312 4643.669
1.08 4208.074 3613.706 4651.114
1.081 4216.147 3623.74 4658.677
1.082 4224.15 3633.658 4666.119
1.083 4232.085 3643.17 4673.572
1.085 4239.954 3652.854 4680.752
1.086 4247.757 3662.406 4687.995
1.087 4255.497 3672.023 4695.128
1.088 4263.175 3681.208 4702.316
1.089 4270.792 3690.76 4709.335
1.091 4278.35 3700.267 4716.275
1.092 4285.85 3709.809 4723.201
1.093 4293.294 3718.959 4730.207
1.094 4300.682 3727.948 4736.963
1.095 4308.016 3736.887 4743.835
1.096 4315.297 3745.847 4750.707
1.098 4322.526 3754.991 4757.362
1.099 4329.704 3763.993 4763.931
1.1 4336.833 3772.79 4770.543
1.101 4343.912 3781.529 4777.122
1.103 4350.944 3790.3 4783.617
1.104 4357.93 3799.163 4790.125
1.105 4364.869 3807.689 4796.519
1.106 4371.763 3816.017 4803.168
1.107 4378.613 3824.229 4809.703
1.109 4385.42 3832.467 4816.01
1.11 4392.185 3840.729 4822.252
1.111 4398.908 3848.919 4828.566
1.112 4405.59 3857.124 4834.817
1.114 4412.232 3865.04 4841.068
1.115 4418.835 3873.192 4847.412
1.116 4425.399 3881.471 4853.477
1.117 4431.926 3889.196 4859.644
1.119 4438.415 3897.114 4865.714
1.12 4444.867 3904.763 4871.643
1.121 4451.284 3912.702 4877.669
1.122 4457.665 3920.473 4883.769
1.124 4464.012 3928.072 4889.701
1.125 4470.325 3936.054 4895.546
1.126 4476.604 3943.653 4901.628
1.127 4482.85 3951.288 4907.728
1.129 4489.064 3958.896 4913.715
1.13 4495.246 3966.196 4919.646
1.131 4501.397 3973.604 4925.458
1.133 4507.516 3980.81 4931.45
1.134 4513.606 3988.091 4937.174
1.135 4519.666 3995.274 4943.08
1.136 4525.696 4002.337 4948.864
1.138 4531.698 4009.276 4954.673
1.139 4537.671 4016.62 4960.422
1.14 4543.617 4023.763 4966.428
1.142 4549.535 4030.67 4971.94
1.143 4555.425 4037.701 4977.52
1.144 4561.289 4044.513 4983.011
1.145 4567.127 4051.398 4988.531
1.147 4572.939 4058.491 4994.18
1.148 4578.726 4065.259 4999.729
1.149 4584.487 4072.423 5005.116
1.151 4590.224 4079.321 5010.597
1.152 4595.936 4085.921 5016.075
1.153 4601.625 4092.637 5021.524
1.155 4607.29 4099.335 5026.848
1.156 4612.931 4105.861 5032.348
1.157 4618.55 4112.376 5037.85
1.159 4624.146 4118.921 5043.485
1.16 4629.719 4125.574 5048.916
1.161 4635.271 4131.964 5054.365
1.163 4640.801 4138.473 5059.634
1.164 4646.309 4144.419 5065.058
1.166 4651.797 4151.005 5070.458
1.167 4657.264 4157.322 5075.584
1.168 4662.71 4163.945 5081.004
1.17 4668.136 4169.966 5086.489
1.171 4673.542 4175.988 5091.75
1.172 4678.928 4182.225 5096.965
1.174 4684.295 4188.318 5102.285
1.175 4689.643 4194.312 5107.439
1.176 4694.972 4200.53 5112.696
1.178 4700.283 4206.462 5117.834
1.179 4705.574 4212.537 5122.918
1.181 4710.848 4218.301 5127.98
1.182 4716.104 4224.195 5132.999
1.183 4721.342 4230.264 5138.194
1.185 4726.563 4236.1 5143.293
1.186 4731.767 4242.022 5148.37
1.188 4736.953 4247.829 5153.524
1.189 4742.123 4253.692 5158.546
1.19 4747.276 4259.649 5163.572
1.192 4752.413 4265.554 5168.698
1.193 4757.534 4271.374 5173.669
1.195 4762.639 4277.097 5178.84
1.196 4767.728 4282.781 5183.791
1.198 4772.801 4288.532 5188.778
1.199 4777.859 4294.228 5193.762
1.2 4782.902 4299.862 5198.74
1.202 4787.93 4305.335 5203.69
1.203 4792.943 4310.888 5208.526
1.205 4797.942 4316.6 5213.571
1.206 4802.926 4322.225 5218.488
1.208 4807.896 4327.802 5223.302
1.209 4812.852 4333.373 5228.117
1.211 4817.793 4339.018 5233.1
1.212 4822.721 4344.56 5237.938
1.214 4827.636 4350.041 5242.669
1.215 4832.537 4355.531 5247.4
1.217 4837.425 4360.867 5252.27
1.218 4842.299 4366.224 5257.126
1.22 4847.161 4371.564 5261.986
1.221 4852.01 4376.969 5266.761
1.222 4856.846 4382.342 5271.598
1.224 4861.669 4387.701 5276.402
1.225 4866.481 4393.208 5281.204
1.227 4871.28 4398.562 5285.958
1.229 4876.067 4403.575 5290.779
1.23 4880.842 4408.709 5295.638
1.232 4885.605 4413.821 5300.286
1.233 4890.357 4418.931 5304.967
1.235 4895.097 4424.036 5309.708
1.236 4899.825 4429.061 5314.368
1.238 4904.543 4434.281 5319.008
1.239 4909.249 4439.343 5323.749
1.241 4913.944 4444.654 5328.402
1.242 4918.628 4449.735 5333.004
1.244 4923.302 4454.891 5337.576
1.245 4927.964 4460.114 5342.214
1.247 4932.617 4465.277 5346.853
1.248 4937.259 4470.289 5351.477
1.25 4941.89 4475.188 5356.029
1.252 4946.511 4480.124 5360.558
1.253 4951.123 4485.004 5365.145
1.255 4955.724 4490.024 5369.879
1.256 4960.315 4495.126 5374.417
1.258 4964.897 4499.974 5378.974
1.259 4969.469 4505.037 5383.583
1.261 4974.032 4509.707 5388.202
1.263 4978.585 4514.786 5392.821
1.264 4983.129 4519.71 5397.294
1.266 4987.663 4524.58 5401.83
1.267 4992.188 4529.474 5406.251
1.269 4996.705 4534.227 5410.693
1.271 5001.212 4539.155 5415.255
1.272 5005.711 4544.284 5419.744
1.274 5010.201 4549.235 5424.19
1.276 5014.682 4553.948 5428.655
1.277 5019.155 4558.709 5433.241
1.279 5023.619 4563.557 5437.816
1.28 5028.075 4568.227 5442.37
1.282 5032.522 4572.997 5446.941
1.284 5036.962 4577.761 5451.478
1.285 5041.393 4582.333 5455.871
1.287 5045.816 4587.18 5460.428
1.289 5050.232 4591.72 5464.883
1.29 5054.639 4596.364 5469.278
1.292 5059.039 4601.008 5473.633
1.294 5063.431 4605.788 5477.982
1.295 5067.815 4610.601 5482.489
1.297 5072.192 4615.27 5487.022
1.299 5076.562 4619.985 5491.533
1.3 5080.924 4624.693 5495.966
1.302 5085.279 4629.271 5500.403
1.304 5089.627 4633.853 5504.855
1.305 5093.967 4638.645 5509.265
1.307 5098.301 4643.221 5513.627
1.309 5102.627 4647.894 5517.934
1.311 5106.947 4652.282 5522.379
1.312 5111.26 4656.794 5526.717
1.314 5115.566 4661.28 5531.187
1.316 5119.866 4665.961 5535.665
1.318 5124.158 4670.481 5540.09
1.319 5128.445 4675.102 5544.579
1.321 5132.724 4679.582 5548.922
1.323 5136.998 4684.128 5553.307
1.325 5141.265 4688.611 5557.731
1.326 5145.526 4693.216 5562.064
1.328 5149.78 4697.762 5566.397
1.33 5154.029 4702.161 5570.78
1.332 5158.271 4706.698 5575.028
1.333 5162.508 4711.243 5579.333
1.335 5166.738 4715.689 5583.714
1.337 5170.963 4719.939 5588.309
1.339 5175.182 4724.334 5592.698
1.34 5179.395 4728.755 5597.158
1.342 5183.602 4733.337 5601.45
1.344 5187.804 4737.585 5605.923
1.346 5192 4742.088 5610.206
1.348 5196.191 4746.536 5614.587
1.35 5200.376 4750.973 5618.854
1.351 5204.556 4755.403 5623.072
1.353 5208.73 4759.728 5627.349
1.355 5212.9 4763.867 5631.609
1.357 5217.064 4768.13 5636.098
1.359 5221.223 4772.466 5640.223
1.361 5225.376 4776.855 5644.419
1.362 5229.525 4781.244 5648.724
1.364 5233.669 4785.513 5653.002
1.366 5237.808 4789.886 5657.274
1.368 5241.942 4794.179 5661.547
1.37 5246.071 4798.365 5665.88
1.372 5250.195 4802.728 5670.116
1.374 5254.315 4807.001 5674.362
1.376 5258.43 4811.289 5678.609
1.377 5262.54 4815.574 5682.795
1.379 5266.646 4819.863 5687.06
1.381 5270.747 4823.992 5691.198
1.383 5274.844 4828.004 5695.442
1.385 5278.936 4832.154 5699.622
1.387 5283.024 4836.251 5703.855
1.389 5287.108 4840.45 5708.156
1.391 5291.187 4844.598 5712.287
1.393 5295.262 4848.614 5716.613
1.395 5299.333 4852.768 5720.837
1.397 5303.4 4856.89 5724.979
1.399 5307.463 4861.089 5729.162
1.401 5311.522 4865.208 5733.291
1.403 5315.577 4869.261 5737.565
1.404 5319.628 4873.452 5741.719
1.406 5323.675 4877.64 5745.886
1.408 5327.718 4881.875 5750.031
1.41 5331.757 4886.055 5754.244
1.412 5335.793 4890.337 5758.234
1.414 5339.824 4894.508 5762.388
1.416 5343.853 4898.553 5766.578
1.418 5347.877 4902.715 5770.809
1.42 5351.898 4907.075 5775.068
1.422 5355.916 4911.026 5779.293
1.425 5359.93 4915.144 5783.47
1.427 5363.94 4919.304 5787.653
1.429 5367.947 4923.415 5791.691
1.431 5371.951 4927.546 5795.799
1.433 5375.952 4931.592 5799.913
1.435 5379.949 4935.515 5804.138
1.437 5383.943 4939.68 5808.33
1.439 5387.933 4943.782 5812.441
1.441 5391.921 4947.925 5816.555
1.443 5395.905 4951.825 5820.732
1.445 5399.887 4955.93 5824.83
1.447 5403.865 4959.956 5828.97
1.449 5407.84 4963.788 5833.133
1.451 5411.812 4967.763 5837.278
1.453 5415.782 4971.852 5841.443
1.456 5419.748 4975.768 5845.575
1.458 5423.712 4979.697 5849.743
1.46 5427.673 4983.564 5853.814
1.462 5431.631 4987.605 5858.006
1.464 5435.586 4991.65 5862.043
1.466 5439.539 4995.649 5866.127
1.468 5443.489 4999.689 5870.26
1.471 5447.436 5003.8 5874.402
1.473 5451.381 5007.753 5878.549
1.475 5455.323 5011.717 5882.699
1.477 5459.263 5015.819 5886.77
1.479 5463.2 5019.875 5890.923
1.481 5467.135 5023.852 5894.937
1.484 5471.067 5027.94 5899.017
1.486 5474.997 5031.768 5903.089
1.488 5478.925 5035.666 5907.203
1.49 5482.85 5039.59 5911.381
1.493 5486.773 5043.562 5915.45
1.495 5490.694 5047.462 5919.55
1.497 5494.613 5051.441 5923.754
1.499 5498.529 5055.476 5927.866
1.502 5502.444 5059.197 5931.993
1.504 5506.356 5063.063 5935.933
1.506 5510.266 5067.097 5939.986
1.508 5514.174 5070.928 5944.006
1.511 5518.081 5074.706 5948.157
1.513 5521.985 5078.744 5952.272
1.515 5525.887 5082.629 5956.358
1.517 5529.787 5086.511 5960.443
1.52 5533.686 5090.321 5964.594
1.522 5537.583 5094.278 5968.754
1.524 5541.478 5098.109 5972.95
1.527 5545.371 5101.91 5977.13
1.529 5549.262 5105.888 5981.149
1.531 5553.152 5109.687 5985.217
1.534 5557.04 5113.453 5989.201
1.536 5560.926 5117.415 5993.18
1.538 5564.811 5121.269 5997.174
1.541 5568.694 5125.256 6001.257
1.543 5572.576 5129.094 6005.313
1.546 5576.456 5133.012 6009.315
1.548 5580.334 5136.992 6013.397
1.55 5584.211 5140.929 6017.461
1.553 5588.087 5144.754 6021.487
1.555 5591.961 5148.69 6025.587
1.558 5595.834 5152.564 6029.616
1.56 5599.706 5156.366 6033.704
1.563 5603.576 5160.195 6037.758
1.565 5607.445 5164.186 6041.865
1.567 5611.313 5167.929 6045.852
1.57 5615.18 5171.783 6049.927
1.572 5619.045 5175.645 6054.035
1.575 5622.909 5179.378 6058.042
1.577 5626.772 5183.184 6062.158
1.58 5630.634 5187.092 6066.2
1.582 5634.495 5190.878 6070.146
1.585 5638.355 5194.723 6074.222
1.587 5642.214 5198.598 6078.339
1.59 5646.072 5202.465 6082.481
1.592 5649.929 5206.379 6086.535
1.595 5653.785 5210.277 6090.589
1.597 5657.64 5214.212 6094.608
1.6 5661.494 5218.109 6098.628
1.603 5665.348 5222.04 6102.612
1.605 5669.2 5225.748 6106.697
1.608 5673.052 5229.635 6110.65
1.61 5676.903 5233.308 6114.598
1.613 5680.753 5237.102 6118.624
1.616 5684.603 5240.891 6122.612
1.618 5688.452 5244.732 6126.503
1.621 5692.3 5248.482 6130.632
1.623 5696.148 5252.352 6134.67
1.626 5699.995 5256.298 6138.736
1.629 5703.841 5260.232 6142.802
1.631 5707.687 5263.994 6146.776
1.634 5711.533 5267.588 6150.711
1.637 5715.378 5271.273 6154.768
1.639 5719.222 5275.059 6158.869
1.642 5723.066 5278.901 6162.96
1.645 5726.91 5282.734 6167.009
1.647 5730.753 5286.482 6171.119
1.65 5734.596 5290.407 6175.108
1.653 5738.439 5294.234 6179.234
1.656 5742.281 5298.012 6183.329
1.658 5746.123 5301.711 6187.28
1.661 5749.965 5305.605 6191.245
1.664 5753.806 5309.385 6195.274
1.667 5757.648 5313.155 6199.266
1.669 5761.489 5316.873 6203.355
1.672 5765.33 5320.65 6207.446
1.675 5769.171 5324.355 6211.529
1.678 5773.012 5328.138 6215.572
1.681 5776.853 5331.802 6219.628
1.684 5780.693 5335.433 6223.562
1.686 5784.534 5339.093 6227.6
1.689 5788.375 5342.899 6231.661
1.692 5792.216 5346.791 6235.612
1.695 5796.056 5350.609 6239.697
1.698 5799.897 5354.348 6243.649
1.701 5803.738 5358.077 6247.773
1.704 5807.58 5361.873 6251.844
1.706 5811.421 5365.635 6255.959
1.709 5815.263 5369.426 6259.978
1.712 5819.104 5373.101 6264.04
1.715 5822.946 5376.793 6267.998
1.718 5826.789 5380.558 6271.953
1.721 5830.631 5384.273 6276.023
1.724 5834.474 5388.137 6280.091
1.727 5838.318 5391.957 6284.195
1.73 5842.161 5395.675 6288.247
1.733 5846.005 5399.405 6292.318
1.736 5849.85 5403.217 6296.242
1.739 5853.695 5406.946 6300.191
1.742 5857.54 5410.694 6304.204
1.745 5861.386 5414.413 6308.182
1.748 5865.232 5418.02 6312.19
1.751 5869.079 5421.75 6316.301
1.754 5872.927 5425.717 6320.421
1.757 5876.775 5429.527 6324.425
1.761 5880.624 5433.281 6328.491
1.764 5884.473 5436.886 6332.509
1.767 5888.323 5440.708 6336.487
1.77 5892.174 5444.437 6340.513
1.773 5896.025 5448.28 6344.575
1.776 5899.878 5451.999 6348.792
1.779 5903.731 5455.634 6352.833
1.783 5907.584 5459.615 6357.021
1.786 5911.439 5463.343 6361.262
1.789 5915.295 5466.88 6365.406
1.792 5919.151 5470.753 6369.499
1.795 5923.008 5474.596 6373.655
1.799 5926.866 5478.44 6377.695
1.802 5930.725 5482.129 6381.784
1.805 5934.585 5485.956 6385.82
1.808 5938.447 5489.776 6389.869
1.812 5942.309 5493.353 6394.065
1.815 5946.172 5497.31 6398.22
1.818 5950.036 5500.809 6402.198
1.821 5953.901 5504.701 6406.236
1.825 5957.768 5508.539 6410.361
1.828 5961.635 5512.324 6414.325
1.832 5965.504 5516.058 6418.384
1.835 5969.374 5519.843 6422.436
1.838 5973.245 5523.675 6426.54
1.842 5977.118 5527.575 6430.492
1.845 5980.991 5531.31 6434.542
1.848 5984.866 5535.032 6438.604
1.852 5988.742 5538.694 6442.706
1.855 5992.62 5542.441 6446.774
1.859 5996.499 5546.234 6450.84
1.862 6000.379 5550.008 6454.931
1.866 6004.261 5553.713 6458.958
1.869 6008.145 5557.345 6463.076
1.873 6012.029 5561.186 6467.263
1.876 6015.915 5564.957 6471.31
1.88 6019.803 5568.698 6475.506
1.883 6023.692 5572.485 6479.608
1.887 6027.583 5576.204 6483.755
1.89 6031.476 5579.955 6487.952
1.894 6035.37 5583.744 6492.162
1.898 6039.265 5587.506 6496.368
1.901 6043.163 5591.284 6500.44
1.905 6047.062 5595.055 6504.533
1.908 6050.963 5598.798 6508.68
1.912 6054.865 5602.642 6512.854
1.916 6058.77 5606.353 6517.101
1.919 6062.676 5610.153 6521.22
1.923 6066.584 5613.931 6525.244
1.927 6070.493 5617.729 6529.444
1.931 6074.405 5621.467 6533.598
1.934 6078.318 5625.317 6537.633
1.938 6082.234 5628.956 6541.818
1.942 6086.151 5632.571 6545.903
1.946 6090.071 5636.333 6550.052
1.949 6093.992 5640.166 6554.244
1.953 6097.915 5643.908 6558.442
1.957 6101.841 5647.692 6562.572
1.961 6105.768 5651.439 6566.693
1.965 6109.698 5655.348 6570.855
1.969 6113.63 5659.088 6575.001
1.972 6117.564 5662.891 6579.162
1.976 6121.5 5666.649 6583.382
1.98 6125.438 5670.563 6587.483
1.984 6129.379 5674.418 6591.679
1.988 6133.321 5678.068 6595.824
1.992 6137.266 5681.858 6599.92
1.996 6141.214 5685.802 6604.022
2 6145.163 5689.638 6608.122
2.004 6149.116 5693.379 6612.328
2.008 6153.07 5697.141 6616.448
2.012 6157.027 5701.02 6620.657
2.016 6160.986 5704.813 6624.97
2.02 6164.948 5708.536 6629.269
2.024 6168.912 5712.398 6633.36
2.028 6172.879 5716.224 6637.6
2.033 6176.848 5720.019 6641.755
2.037 6180.82 5723.87 6646.008
2.041 6184.795 5727.813 6650.136
2.045 6188.772 5731.75 6654.341
2.049 6192.752 5735.621 6658.539
2.053 6196.734 5739.406 6662.74
2.058 6200.719 5743.107 6666.821
2.062 6204.707 5747.013 6671.028
2.066 6208.698 5750.906 6675.32
2.07 6212.691 5754.853 6679.628
2.075 6216.688 5758.732 6684.014
2.079 6220.687 5762.527 6688.122
2.083 6224.689 5766.407 6692.304
2.088 6228.694 5770.259 6696.517
2.092 6232.702 5774.047 6700.725
2.096 6236.712 5777.986 6705.053
2.101 6240.726 5781.811 6709.382
2.105 6244.743 5785.662 6713.745
2.11 6248.763 5789.445 6717.973
2.114 6252.786 5793.395 6722.272
2.119 6256.812 5797.29 6726.504
2.123 6260.841 5801.234 6730.786
2.128 6264.873 5805.158 6735.067
2.132 6268.909 5809.12 6739.308
2.137 6272.947 5813.017 6743.573
2.141 6276.989 5816.975 6747.849
2.146 6281.034 5820.856 6752.119
2.151 6285.083 5824.842 6756.381
2.155 6289.135 5828.742 6760.641
2.16 6293.19 5832.618 6765.048
2.165 6297.249 5836.581 6769.358
2.169 6301.31 5840.427 6773.605
2.174 6305.376 5844.327 6777.932
2.179 6309.445 5848.276 6782.275
2.183 6313.517 5852.219 6786.511
2.188 6317.593 5856.225 6790.794
2.193 6321.673 5860.162 6795.106
2.198 6325.756 5864.154 6799.45
2.203 6329.842 5868.037 6803.79
2.208 6333.933 5871.952 6807.991
2.212 6338.027 5875.776 6812.26
2.217 6342.124 5879.786 6816.618
2.222 6346.226 5883.759 6820.927
2.227 6350.331 5887.69 6825.192
2.232 6354.44 5891.508 6829.506
2.237 6358.553 5895.411 6833.829
2.242 6362.67 5899.37 6838.173
2.247 6366.791 5903.385 6842.509
2.252 6370.915 5907.154 6846.866
2.257 6375.044 5911.156 6851.181
2.262 6379.176 5915.162 6855.45
2.268 6383.313 5919.125 6859.762
2.273 6387.454 5923.074 6864.206
2.278 6391.598 5927.106 6868.646
2.283 6395.747 5931.056 6873.023
2.288 6399.9 5935.163 6877.462
2.294 6404.057 5939.193 6881.852
2.299 6408.219 5943.178 6886.182
2.304 6412.385 5947.207 6890.503
2.309 6416.554 5951.172 6894.914
2.315 6420.729 5955.142 6899.382
2.32 6424.907 5959.175 6903.707
2.326 6429.09 5963.283 6908.159
2.331 6433.278 5967.262 6912.504
2.336 6437.47 5971.344 6916.796
2.342 6441.666 5975.374 6921.14
2.347 6445.867 5979.529 6925.603
2.353 6450.072 5983.585 6930.113
2.358 6454.282 5987.657 6934.523
2.364 6458.497 5991.708 6939.024
2.37 6462.716 5995.831 6943.519
2.375 6466.94 5999.887 6948.082
2.381 6471.169 6003.989 6952.512
2.387 6475.403 6008.042 6957.045
2.392 6479.641 6012.018 6961.448
2.398 6483.884 6016.145 6965.824
2.404 6488.132 6020.305 6970.297
2.41 6492.385 6024.44 6974.88
2.415 6496.643 6028.535 6979.35
2.421 6500.905 6032.627 6983.81
2.427 6505.173 6036.711 6988.229
2.433 6509.446 6040.883 6992.782
2.439 6513.724 6045.067 6997.335
2.445 6518.007 6049.191 7001.935
2.451 6522.295 6053.391 7006.468
2.457 6526.589 6057.511 7010.937
2.463 6530.888 6061.775 7015.546
2.469 6535.192 6065.936 7020.086
2.475 6539.501 6069.954 7024.607
2.481 6543.815 6074.071 7029.121
2.488 6548.135 6078.332 7033.62
2.494 6552.461 6082.571 7038.281
2.5 6556.792 6086.758 7042.887
2.506 6561.128 6091.061 7047.443
2.513 6565.47 6095.275 7052.004
2.519 6569.818 6099.462 7056.506
2.525 6574.171 6103.751 7061.08
2.532 6578.53 6107.961 7065.75
2.538 6582.894 6112.179 7070.409
2.545 6587.265 6116.4 7074.941
2.551 6591.641 6120.663 7079.532
2.558 6596.023 6124.843 7084.222
2.564 6600.41 6128.996 7088.842
2.571 6604.804 6133.238 7093.42
2.577 6609.204 6137.565 7098.018
2.584 6613.609 6141.717 7102.732
2.591 6618.021 6146.073 7107.465
2.597 6622.439 6150.498 7112.137
2.604 6626.863 6154.684 7116.767
2.611 6631.293 6158.985 7121.549
2.618 6635.729 6163.218 7126.179
2.625 6640.172 6167.528 7130.991
2.632 6644.621 6171.924 7135.769
2.639 6649.076 6176.226 7140.557
2.646 6653.537 6180.549 7145.22
2.653 6658.005 6184.857 7149.965
2.66 6662.48 6189.234 7154.77
2.667 6666.961 6193.54 7159.453
2.674 6671.448 6197.747 7164.251
2.681 6675.943 6202.149 7168.916
2.688 6680.443 6206.411 7173.741
2.695 6684.951 6210.727 7178.416
2.703 6689.465 6215.114 7183.208
2.71 6693.986 6219.391 7188.071
2.717 6698.514 6223.787 7192.864
2.725 6703.049 6228.168 7197.633
2.732 6707.591 6232.551 7202.531
2.74 6712.14 6236.915 7207.341
2.747 6716.696 6241.326 7212.115
2.755 6721.259 6245.656 7216.954
2.762 6725.829 6250.064 7221.703
2.77 6730.406 6254.401 7226.489
2.778 6734.991 6258.841 7231.256
2.786 6739.582 6263.326 7236.222
2.793 6744.182 6267.753 7241.047
2.801 6748.788 6272.334 7245.941
2.809 6753.402 6276.746 7250.732
2.817 6758.024 6281.178 7255.557
2.825 6762.653 6285.659 7260.509
2.833 6767.289 6290.099 7265.47
2.841 6771.934 6294.596 7270.31
2.849 6776.586 6299.081 7275.182
2.857 6781.245 6303.613 7280.133
2.865 6785.913 6308.202 7285.147
2.874 6790.589 6312.722 7290.09
2.882 6795.272 6317.312 7295.056
2.89 6799.963 6321.824 7299.993
2.899 6804.663 6326.484 7304.857
2.907 6809.37 6331.115 7309.864
2.915 6814.086 6335.797 7314.971
2.924 6818.81 6340.429 7319.963
2.933 6823.542 6345.126 7324.97
2.941 6828.283 6349.663 7329.885
2.95 6833.032 6354.137 7334.894
2.959 6837.789 6358.778 7339.946
2.967 6842.555 6363.52 7345.012
2.976 6847.329 6368.202 7350.072
2.985 6852.112 6373.052 7355.101
2.994 6856.904 6377.686 7360.194
3.003 6861.705 6382.315 7365.13
3.012 6866.514 6386.944 7370.184
3.021 6871.332 6391.64 7375.274
3.03 6876.159 6396.282 7380.374
3.04 6880.995 6400.916 7385.369
3.049 6885.841 6405.66 7390.457
3.058 6890.695 6410.361 7395.642
3.067 6895.558 6415.111 7400.742
3.077 6900.431 6419.728 7405.952
3.086 6905.313 6424.378 7411.023
3.096 6910.205 6429.077 7416.129
3.106 6915.106 6433.868 7421.24
3.115 6920.016 6438.669 7426.52
3.125 6924.936 6443.436 7431.534
3.135 6929.866 6448.353 7436.765
3.145 6934.806 6453.102 7441.791
3.155 6939.755 6457.903 7446.861
3.165 6944.714 6462.676 7452.074
3.175 6949.683 6467.504 7457.282
3.185 6954.662 6472.373 7462.534
3.195 6959.651 6477.188 7467.684
3.205 6964.651 6482.021 7472.947
3.215 6969.66 6486.817 7478.134
3.226 6974.68 6491.809 7483.353
3.236 6979.711 6496.734 7488.559
3.247 6984.752 6501.616 7493.799
3.257 6989.803 6506.537 7499.083
3.268 6994.865 6511.351 7504.323
3.279 6999.937 6516.331 7509.675
3.289 7005.021 6521.223 7514.934
3.3 7010.115 6526.135 7520.227
3.311 7015.22 6531.098 7525.625
3.322 7020.337 6536.118 7531.156
3.333 7025.464 6541.199 7536.409
3.344 7030.602 6546.203 7541.666
3.356 7035.752 6551.227 7547.174
3.367 7040.913 6556.24 7552.538
3.378 7046.086 6561.207 7558.017
3.39 7051.27 6566.274 7563.433
3.401 7056.465 6571.186 7568.939
3.413 7061.673 6576.248 7574.534
3.425 7066.892 6581.24 7580.013
3.436 7072.123 6586.396 7585.618
3.448 7077.366 6591.718 7591.209
3.46 7082.621 6596.843 7596.741
3.472 7087.888 6601.959 7602.26
3.484 7093.167 6607.173 7607.743
3.497 7098.458 6612.383 7613.327
3.509 7103.763 6617.482 7618.726
3.521 7109.079 6622.543 7624.195
3.534 7114.408 6627.749 7629.777
3.546 7119.75 6632.85 7635.355
3.559 7125.105 6638.048 7640.932
3.571 7130.472 6643.368 7646.467
3.584 7135.853 6648.674 7652.025
3.597 7141.246 6653.967 7657.772
3.61 7146.653 6659.184 7663.389
3.623 7152.073 6664.546 7669.115
3.636 7157.507 6669.8 7674.9
3.65 7162.954 6675.13 7680.641
3.663 7168.414 6680.468 7686.403
3.676 7173.889 6685.851 7692.149
3.69 7179.377 6691.188 7697.952
3.704 7184.879 6696.558 7703.824
3.717 7190.395 6701.987 7709.543
3.731 7195.925 6707.421 7715.318
3.745 7201.47 6712.803 7721.126
3.759 7207.029 6718.377 7726.831
3.774 7212.602 6723.907 7732.651
3.788 7218.19 6729.422 7738.462
3.802 7223.793 6734.979 7744.314
3.817 7229.411 6740.357 7750.242
3.831 7235.043 6745.957 7756.186
3.846 7240.691 6751.595 7762.121
3.861 7246.354 6757.178 7767.937
3.876 7252.032 6762.64 7773.931
3.891 7257.726 6768.151 7779.94
3.906 7263.435 6773.735 7785.837
3.922 7269.16 6779.281 7791.891
3.937 7274.901 6784.879 7797.952
3.953 7280.657 6790.628 7803.936
3.968 7286.43 6796.188 7810.112
3.984 7292.219 6801.673 7816.151
4 7298.025 6807.365 7822.143
4.016 7303.847 6813.069 7828.225
4.032 7309.685 6818.721 7834.23
4.049 7315.541 6824.374 7840.479
4.065 7321.413 6830.072 7846.669
4.082 7327.303 6835.988 7852.739
4.098 7333.209 6841.731 7858.899
4.115 7339.133 6847.545 7865.16
4.132 7345.075 6853.443 7871.403
4.149 7351.034 6859.336 7877.635
4.167 7357.011 6865.219 7883.858
4.184 7363.006 6870.948 7890.213
4.202 7369.019 6876.813 7896.489
4.219 7375.05 6882.794 7902.714
4.237 7381.1 6888.679 7908.997
4.255 7387.168 6894.752 7915.417
4.274 7393.255 6900.686 7921.661
4.292 7399.361 6906.735 7928.027
4.31 7405.487 6912.633 7934.308
4.329 7411.631 6918.731 7940.83
4.348 7417.795 6924.577 7947.352
4.367 7423.978 6930.728 7953.753
4.386 7430.181 6936.727 7960.198
4.405 7436.405 6942.871 7966.763
4.425 7442.648 6948.998 7973.415
4.444 7448.911 6955.257 7979.895
4.464 7455.195 6961.299 7986.258
4.484 7461.5 6967.553 7992.747
4.505 7467.826 6973.761 7999.405
4.525 7474.173 6979.91 8005.953
4.545 7480.541 6986.164 8012.54
4.566 7486.93 6992.439 8019.181
4.587 7493.341 6998.718 8025.809
4.608 7499.774 7004.859 8032.674
4.63 7506.229 7011.17 8039.444
4.651 7512.706 7017.793 8046.18
4.673 7519.206 7024.189 8052.991
4.695 7525.729 7030.365 8059.747
4.717 7532.274 7036.973 8066.538
4.739 7538.842 7043.473 8073.498
4.762 7545.434 7049.849 8080.262
4.785 7552.05 7056.366 8087.103
4.808 7558.689 7062.776 8094.036
4.831 7565.352 7069.303 8101.117
4.854 7572.039 7075.752 8108.003
4.878 7578.751 7082.427 8114.892
4.902 7585.488 7089.043 8121.982
4.926 7592.25 7095.72 8129.108
4.95 7599.037 7102.333 8136.197
4.975 7605.849 7109.024 8143.385
5 7612.687 7115.779 8150.567
5.025 7619.551 7122.443 8157.834
5.051 7626.442 7129.238 8165.045
5.076 7633.358 7136.092 8172.234
5.102 7640.302 7142.866 8179.601
5.128 7647.273 7149.645 8186.95
5.155 7654.271 7156.557 8194.328
5.181 7661.296 7163.505 8201.664
5.208 7668.35 7170.577 8208.991
5.236 7675.432 7177.521 8216.263
5.263 7682.542 7184.538 8224.045
5.291 7689.681 7191.577 8231.573
5.319 7696.849 7198.63 8239.155
5.348 7704.047 7205.688 8246.611
5.376 7711.274 7212.723 8254.029
5.405 7718.531 7219.815 8261.49
5.435 7725.819 7226.906 8269.013
5.464 7733.137 7234.177 8276.793
5.495 7740.486 7241.397 8284.514
5.525 7747.867 7248.514 8292.139
5.556 7755.279 7255.865 8299.928
5.587 7762.724 7263.262 8307.752
5.618 7770.201 7270.398 8315.757
5.65 7777.71 7277.754 8323.691
5.682 7785.253 7285.151 8331.572
5.714 7792.829 7292.614 8339.468
5.747 7800.439 7300.187 8347.43
5.78 7808.083 7307.645 8355.323
5.814 7815.762 7315.098 8363.437
5.848 7823.476 7322.759 8371.578
5.882 7831.225 7330.367 8379.791
5.917 7839.011 7337.899 8387.903
5.952 7846.832 7345.581 8396.22
5.988 7854.691 7353.393 8404.539
6.024 7862.586 7361.082 8412.923
6.061 7870.519 7368.857 8421.131
6.098 7878.49 7376.832 8429.477
6.135 7886.499 7384.84 8437.735
6.173 7894.548 7392.687 8446.227
6.211 7902.636 7400.764 8454.854
6.25 7910.763 7408.863 8463.415
6.289 7918.932 7416.859 8471.94
6.329 7927.141 7424.855 8480.53
6.369 7935.391 7433.012 8489.025
6.41 7943.683 7441.117 8497.808
6.452 7952.018 7449.347 8506.587
6.494 7960.396 7457.503 8515.502
6.536 7968.817 7465.65 8524.541
6.579 7977.282 7473.994 8533.53
6.623 7985.792 7482.326 8542.608
6.667 7994.348 7490.625 8551.795
6.711 8002.949 7498.993 8561.098
6.757 8011.596 7507.42 8570.263
6.803 8020.291 7515.898 8579.689
6.849 8029.033 7524.614 8588.966
6.897 8037.823 7533.2 8598.313
6.944 8046.663 7541.998 8607.812
6.993 8055.552 7550.555 8617.243
7.042 8064.491 7559.356 8626.804
7.092 8073.481 7568.087 8636.342
7.143 8082.523 7576.921 8646.073
7.194 8091.617 7585.707 8655.789
7.246 8100.765 7594.6 8665.623
7.299 8109.966 7603.589 8675.693
7.353 8119.222 7612.483 8685.402
7.407 8128.534 7621.58 8695.548
7.463 8137.901 7630.909 8705.47
7.519 8147.326 7640.12 8715.571
7.576 8156.809 7649.419 8725.678
7.634 8166.35 7658.795 8735.772
7.692 8175.951 7668.158 8746.129
7.752 8185.613 7677.55 8756.394
7.812 8195.336 7687.007 8766.925
7.874 8205.121 7696.438 8777.384
7.937 8214.969 7706.059 8787.95
8 8224.882 7715.88 8798.638
8.065 8234.86 7725.65 8809.252
8.13 8244.904 7735.553 8819.794
8.197 8255.016 7745.332 8830.821
8.264 8265.196 7755.2 8842.011
8.333 8275.446 7765.256 8852.818
8.403 8285.766 7775.508 8863.921
8.475 8296.158 7785.772 8875.06
8.547 8306.623 7795.72 8886.448
8.621 8317.162 7806.041 8897.731
8.696 8327.777 7816.352 8909.149
8.772 8338.468 7826.799 8920.789
8.85 8349.237 7837.166 8932.757
8.929 8360.086 7847.648 8944.691
9.009 8371.015 7858.327 8956.266
9.091 8382.026 7868.842 8968.097
9.174 8393.121 7879.616 8980.201
9.259 8404.301 7890.61 8992.658
9.346 8415.567 7901.52 9005.016
9.434 8426.922 7912.733 9017.663
9.524 8438.366 7923.735 9030.436
9.615 8449.902 7934.956 9043.331
9.709 8461.53 7946.038 9056.137
9.804 8473.253 7957.129 9069.442
9.901 8485.073 7968.694 9082.741
10 8496.992 7980.287 9096.112
10.101 8509.011 7991.712 9109.553
10.204 8521.132 8003.303 9123.12
10.309 8533.357 8015.2 9136.883
10.417 8545.689 8027.331 9150.662
10.526 8558.129 8039.385 9164.485
10.638 8570.68 8051.613 9178.919
10.753 8583.344 8063.831 9193.217
10.87 8596.124 8076.285 9207.843
10.989 8609.021 8088.887 9222.141
11.111 8622.038 8101.49 9236.879
11.236 8635.179 8114.321 9251.714
11.364 8648.444 8127.206 9266.787
11.494 8661.838 8140.127 9281.841
11.628 8675.363 8153.065 9297.01
11.765 8689.022 8166.279 9312.56
11.905 8702.819 8179.304 9328.615
12.048 8716.755 8192.46 9344.923
12.195 8730.835 8205.997 9361.215
12.346 8745.061 8219.704 9378.129
12.5 8759.438 8233.479 9394.661
12.658 8773.969 8247.186 9411.667
12.821 8788.658 8261.073 9428.693
12.987 8803.508 8275.075 9445.7
13.158 8818.524 8289.435 9463.349
13.333 8833.71 8303.785 9481.15
13.514 8849.069 8318.779 9499.223
13.699 8864.608 8333.41 9517.706
13.889 8880.33 8348.383 9536.546
14.085 8896.24 8363.44 9555.763
14.286 8912.344 8378.724 9575.242
14.493 8928.646 8393.998 9594.674
14.706 8945.153 8409.881 9614.44
14.925 8961.869 8425.611 9634.349
15.152 8978.802 8441.621 9655.041
15.385 8995.957 8457.787 9675.646
15.625 9013.341 8474.107 9696.843
15.873 9030.961 8490.576 9718.574
16.129 9048.824 8507.254 9740.236
16.393 9066.938 8524.547 9762.353
16.667 9085.31 8541.91 9784.79
16.949 9103.949 8559.387 9807.963
17.241 9122.864 8576.917 9831.521
17.544 9142.063 8594.502 9855.858
17.857 9161.556 8612.671 9880.806
18.182 9181.354 8631.228 9906.088
18.519 9201.466 8649.962 9931.381
18.868 9221.905 8668.767 9957.671
19.231 9242.682 8687.923 9984.26
19.608 9263.809 8707.663 10011.713
20 9285.3 8727.248 10039.511
20.408 9307.169 8747.462 10067.626
20.833 9329.431 8768.271 10096.586
21.277 9352.101 8788.959 10126.524
21.739 9375.196 8810.331 10157.44
22.222 9398.734 8831.689 10188.748
22.727 9422.733 8853.582 10220.902
23.256 9447.215 8875.415 10253.44
23.81 9472.201 8897.897 10287.469
24.39 9497.713 8920.862 10322.725
25 9523.776 8944.611 10357.377
25.641 9550.418 8968.725 10393.975
26.316 9577.666 8992.712 10432.275
27.027 9605.552 9017.746 10471.499
27.778 9634.108 9042.859 10511.872
28.571 9663.371 9068.672 10553.612
29.412 9693.379 9094.998 10597.877
30.303 9724.175 9122.077 10642.78
31.25 9755.805 9150.013 10688.916
32.258 9788.319 9177.972 10736.942
33.333 9821.773 9206.896 10786.916
34.483 9856.226 9236.938 10838.334
35.714 9891.746 9267.749 10891.781
37.037 9928.406 9299.467 10947.23
38.462 9966.289 9332.323 11005.627
40 10005.484 9365.516 11066.021
41.667 10046.094 9400.048 11130.306
43.478 10088.233 9436.409 11196.619
45.455 10132.031 9473.395 11266.888
47.619 10177.633 9511.358 11339.47
50 10225.208 9550.434 11415.91
52.632 10274.946 9591.677 11497.282
55.556 10327.07 9634.202 11583.832
58.824 10381.839 9678.384 11675.467
62.5 10439.558 9724.789 11773.068
66.667 10500.586 9772.948 11876.864
71.429 10565.357 9824.147 11989.612
76.923 10634.398 9877.639 12111.27
83.333 10708.355 9934.981 12243.492
90.909 10788.041 9995.741 12387.495
100 10874.489 10061.042 12547.429
111.111 10969.05 10131.573 12724.592
125 11073.532 10208.048 12926.906
142.857 11190.446 10291.511 13157.158
166.667 11323.419 10382.912 13426.877
200 11477.993 10486.286 13747.617
250 11663.29 10607.058 14149.341
333.333 11896.049 10753.472 14674.378
500 12212.801 10941.177 15431.887
1000 12725.225 11214.258 16780.552
1111.111 12800.042 11252.284 16992.876
1250 12882.75 11292.646 17229.919
1428.571 12975.346 11336.664 17502.174
1666.667 13080.712 11385.575 17822.699
2000 13203.256 11441.973 18204.583
2500 13350.23 11509.495 18680.973
3333.333 13534.943 11588.707 19293.639
5000 13786.437 11690.055 20190.612
10000 14193.496 11841.035 21781.644
