"Pr" "Mp" "Q_2" "Q_9"
1.01 3350.011 2382.882 3880.769
1.011 3383.602 2432.177 3907.389
1.012 3414.834 2478.558 3932.404
1.013 3444.057 2520.537 3955.938
1.014 3471.551 2560.05 3978.575
1.015 3497.537 2597.757 3999.882
1.016 3522.196 2632.787 4019.814
1.017 3545.679 2666.758 4039.23
1.018 3568.11 2698.901 4057.565
1.019 3589.594 2729.697 4075.211
1.02 3610.223 2758.755 4092.253
1.021 3630.072 2787.376 4108.743
1.022 3649.21 2814.301 4124.629
1.024 3667.695 2840.264 4140.116
1.025 3685.578 2865.232 4154.989
1.026 3702.905 2889.777 4169.83
1.027 3719.716 2913.451 4184.039
1.028 3736.047 2936.441 4198.087
1.029 3751.931 2959.121 4211.59
1.03 3767.396 2980.941 4224.748
1.031 3782.469 3002.064 4237.508
1.032 3797.173 3022.684 4249.939
1.033 3811.53 3042.771 4262.316
1.034 3825.56 3062.535 4274.353
1.035 3839.281 3081.569 4286.311
1.036 3852.709 3100.147 4297.818
1.037 3865.86 3118.03 4309.511
1.038 3878.747 3135.602 4320.926
1.04 3891.383 3153.254 4331.914
1.041 3903.782 3170.214 4342.776
1.042 3915.952 3187.188 4353.453
1.043 3927.906 3203.445 4363.807
1.044 3939.652 3219.453 4374.163
1.045 3951.2 3234.092 4384.482
1.046 3962.558 3249.345 4394.407
1.047 3973.734 3264.55 4404.394
1.048 3984.736 3279.399 4414.42
1.049 3995.569 3294.051 4424.237
1.05 4006.242 3308.098 4433.815
1.052 4016.759 3322.441 4443.297
1.053 4027.127 3336.273 4452.662
1.054 4037.351 3350.121 4461.994
1.055 4047.436 3363.824 4470.989
1.056 4057.387 3377.346 4479.985
1.057 4067.209 3390.497 4488.974
1.058 4076.907 3403 4497.697
1.059 4086.483 3415.802 4506.452
1.06 4095.943 3428.412 4515.161
1.062 4105.29 3440.516 4523.695
1.063 4114.528 3452.819 4532.245
1.064 4123.659 3464.79 4540.587
1.065 4132.688 3476.602 4548.818
1.066 4141.617 3488.241 4557.003
1.067 4150.45 3499.496 4565.09
1.068 4159.188 3510.772 4573.124
1.07 4167.835 3522.001 4581.135
1.071 4176.394 3532.732 4589.139
1.072 4184.866 3544.065 4596.81
1.073 4193.255 3555.037 4604.562
1.074 4201.562 3565.977 4612.121
1.075 4209.789 3576.616 4619.782
1.076 4217.94 3587.017 4627.241
1.078 4226.015 3597.466 4634.871
1.079 4234.017 3607.772 4642.271
1.08 4241.947 3618.104 4649.617
1.081 4249.808 3628.041 4657.007
1.082 4257.6 3638.029 4664.364
1.083 4265.327 3647.951 4671.73
1.085 4272.988 3657.734 4678.962
1.086 4280.586 3667.19 4685.972
1.087 4288.123 3677.023 4693.042
1.088 4295.599 3686.556 4700.094
1.089 4303.017 3696.042 4707.139
1.091 4310.377 3705.312 4714.089
1.092 4317.68 3714.259 4721.023
1.093 4324.929 3723.467 4727.91
1.094 4332.123 3732.613 4734.865
1.095 4339.265 3741.665 4741.779
1.096 4346.356 3750.425 4748.595
1.098 4353.396 3758.997 4755.415
1.099 4360.386 3767.934 4761.985
1.1 4367.329 3776.586 4768.484
1.101 4374.223 3785.408 4775.06
1.103 4381.072 3794.05 4781.589
1.104 4387.875 3802.452 4788.102
1.105 4394.633 3810.905 4794.581
1.106 4401.347 3819.329 4800.991
1.107 4408.019 3827.737 4807.309
1.109 4414.649 3835.979 4813.733
1.11 4421.237 3844.092 4819.931
1.111 4427.785 3852.228 4826.143
1.112 4434.294 3860.239 4832.327
1.114 4440.763 3868.344 4838.697
1.115 4447.194 3876.373 4844.777
1.116 4453.588 3884.153 4851.051
1.117 4459.944 3891.764 4857.223
1.119 4466.265 3899.565 4863.3
1.12 4472.55 3907.209 4869.309
1.121 4478.8 3914.824 4875.509
1.122 4485.016 3922.314 4881.456
1.124 4491.198 3929.914 4887.438
1.125 4497.347 3937.243 4893.366
1.126 4503.463 3944.754 4899.255
1.127 4509.548 3952.162 4905.143
1.129 4515.601 3959.703 4910.956
1.13 4521.623 3967.28 4916.793
1.131 4527.614 3974.516 4922.63
1.133 4533.576 3981.737 4928.329
1.134 4539.508 3988.787 4934.15
1.135 4545.411 3995.829 4939.882
1.136 4551.286 4002.77 4945.64
1.138 4557.133 4009.577 4951.31
1.139 4562.952 4016.657 4957.016
1.14 4568.744 4023.615 4962.747
1.142 4574.509 4030.302 4968.431
1.143 4580.248 4037.116 4973.988
1.144 4585.961 4044.011 4979.414
1.145 4591.648 4051.022 4984.854
1.147 4597.311 4057.903 4990.374
1.148 4602.948 4064.824 4995.992
1.149 4608.561 4071.647 5001.427
1.151 4614.15 4078.638 5007.08
1.152 4619.716 4085.4 5012.542
1.153 4625.258 4092.021 5018.134
1.155 4630.777 4098.509 5023.738
1.156 4636.274 4104.979 5029.189
1.157 4641.748 4111.609 5034.55
1.159 4647.2 4118.006 5039.981
1.16 4652.631 4124.494 5045.423
1.161 4658.04 4130.981 5050.838
1.163 4663.428 4137.692 5056.016
1.164 4668.796 4144.041 5061.295
1.166 4674.142 4150.412 5066.512
1.167 4679.469 4156.788 5071.879
1.168 4684.776 4162.955 5077.093
1.17 4690.063 4169.135 5082.347
1.171 4695.331 4175.354 5087.547
1.172 4700.579 4181.55 5092.718
1.174 4705.809 4187.508 5097.876
1.175 4711.02 4193.769 5103.146
1.176 4716.213 4199.984 5108.406
1.178 4721.388 4206.137 5113.485
1.179 4726.544 4212.075 5118.601
1.181 4731.684 4218.041 5123.77
1.182 4736.805 4224.143 5128.96
1.183 4741.91 4230.116 5133.968
1.185 4746.997 4235.745 5139.083
1.186 4752.068 4241.704 5144.069
1.188 4757.123 4247.485 5149.305
1.189 4762.161 4253.27 5154.354
1.19 4767.183 4259.174 5159.418
1.192 4772.189 4264.99 5164.474
1.193 4777.179 4270.589 5169.477
1.195 4782.154 4276.319 5174.539
1.196 4787.114 4282.191 5179.471
1.198 4792.058 4287.902 5184.381
1.199 4796.987 4293.64 5189.369
1.2 4801.902 4299.152 5194.39
1.202 4806.802 4304.544 5199.461
1.203 4811.688 4310.262 5204.486
1.205 4816.56 4315.661 5209.323
1.206 4821.417 4321.292 5214.146
1.208 4826.261 4326.873 5219.013
1.209 4831.091 4332.474 5223.848
1.211 4835.908 4337.73 5228.71
1.212 4840.711 4343.022 5233.632
1.214 4845.501 4348.454 5238.462
1.215 4850.277 4353.992 5243.415
1.217 4855.041 4359.514 5248.308
1.218 4859.792 4364.652 5253.104
1.22 4864.531 4370.18 5258.008
1.221 4869.257 4375.492 5262.734
1.222 4873.971 4380.868 5267.364
1.224 4878.673 4386.134 5272.109
1.225 4883.362 4391.341 5276.84
1.227 4888.04 4396.712 5281.652
1.229 4892.706 4402.13 5286.351
1.23 4897.361 4407.409 5291.251
1.232 4902.004 4412.585 5295.978
1.233 4906.635 4417.809 5300.752
1.235 4911.256 4423.277 5305.491
1.236 4915.865 4428.504 5310.192
1.238 4920.463 4433.701 5315.003
1.239 4925.051 4438.986 5319.585
1.241 4929.628 4444.008 5324.166
1.242 4934.194 4449.178 5328.871
1.244 4938.75 4454.432 5333.598
1.245 4943.295 4459.594 5338.294
1.247 4947.83 4464.735 5343.089
1.248 4952.355 4469.994 5347.674
1.25 4956.87 4475.086 5352.362
1.252 4961.375 4480.237 5356.965
1.253 4965.871 4485.286 5361.586
1.255 4970.356 4490.296 5366.205
1.256 4974.832 4495.242 5370.89
1.258 4979.299 4500.157 5375.533
1.259 4983.756 4505.318 5380.105
1.261 4988.204 4510.4 5384.692
1.263 4992.643 4515.355 5389.225
1.264 4997.073 4520.181 5393.813
1.266 5001.494 4525.016 5398.414
1.267 5005.906 4529.905 5402.817
1.269 5010.309 4534.718 5407.342
1.271 5014.703 4539.614 5411.805
1.272 5019.089 4544.47 5416.33
1.274 5023.467 4549.256 5420.929
1.276 5027.836 4553.922 5425.448
1.277 5032.196 4558.759 5429.979
1.279 5036.549 4563.459 5434.449
1.28 5040.893 4568.292 5439.029
1.282 5045.23 4573.184 5443.536
1.284 5049.558 4578.104 5447.957
1.285 5053.878 4582.761 5452.433
1.287 5058.191 4587.285 5456.879
1.289 5062.496 4592.019 5461.292
1.29 5066.794 4596.812 5465.73
1.292 5071.084 4601.73 5470.11
1.294 5075.366 4606.395 5474.564
1.295 5079.641 4610.92 5478.962
1.297 5083.909 4615.604 5483.329
1.299 5088.17 4620.251 5487.766
1.3 5092.423 4624.928 5492.212
1.302 5096.669 4629.581 5496.515
1.304 5100.909 4634.166 5500.885
1.305 5105.141 4638.708 5505.199
1.307 5109.367 4643.379 5509.577
1.309 5113.586 4647.95 5513.919
1.311 5117.798 4652.565 5518.221
1.312 5122.004 4657.21 5522.582
1.314 5126.203 4661.752 5526.953
1.316 5130.395 4666.171 5531.269
1.318 5134.581 4670.83 5535.654
1.319 5138.761 4675.245 5540.028
1.321 5142.934 4679.746 5544.469
1.323 5147.102 4684.231 5548.814
1.325 5151.263 4688.784 5553.14
1.326 5155.418 4693.217 5557.43
1.328 5159.567 4697.688 5561.804
1.33 5163.71 4702.268 5566.077
1.332 5167.847 4706.616 5570.471
1.333 5171.979 4711.033 5574.75
1.335 5176.104 4715.396 5579.17
1.337 5180.224 4719.861 5583.486
1.339 5184.339 4724.527 5587.678
1.34 5188.447 4728.977 5591.976
1.342 5192.551 4733.482 5596.135
1.344 5196.648 4737.902 5600.383
1.346 5200.741 4742.367 5604.597
1.348 5204.828 4746.625 5608.954
1.35 5208.909 4750.884 5613.178
1.351 5212.986 4755.24 5617.386
1.353 5217.057 4759.592 5621.612
1.355 5221.124 4763.982 5625.839
1.357 5225.185 4768.188 5630.078
1.359 5229.241 4772.531 5634.308
1.361 5233.292 4777.097 5638.646
1.362 5237.339 4781.283 5642.904
1.364 5241.38 4785.56 5647.078
1.366 5245.417 4789.687 5651.39
1.368 5249.449 4793.803 5655.697
1.37 5253.476 4798.107 5659.949
1.372 5257.499 4802.387 5664.223
1.374 5261.517 4806.872 5668.436
1.376 5265.53 4811.205 5672.768
1.377 5269.54 4815.476 5676.84
1.379 5273.544 4819.628 5681.013
1.381 5277.545 4823.734 5685.167
1.383 5281.541 4827.951 5689.409
1.385 5285.532 4832.133 5693.666
1.387 5289.52 4836.309 5697.922
1.389 5293.503 4840.538 5702.073
1.391 5297.482 4844.685 5706.279
1.393 5301.457 4848.873 5710.594
1.395 5305.428 4853.003 5714.692
1.397 5309.395 4857.072 5718.857
1.399 5313.358 4861.228 5723.125
1.401 5317.318 4865.575 5727.329
1.403 5321.273 4869.734 5731.616
1.404 5325.224 4873.8 5735.731
1.406 5329.172 4878.09 5739.904
1.408 5333.116 4882.21 5744.057
1.41 5337.057 4886.276 5748.193
1.412 5340.993 4890.326 5752.342
1.414 5344.926 4894.352 5756.487
1.416 5348.856 4898.454 5760.653
1.418 5352.782 4902.545 5764.85
1.42 5356.705 4906.666 5769.056
1.422 5360.624 4910.724 5773.316
1.425 5364.54 4914.817 5777.427
1.427 5368.452 4918.873 5781.517
1.429 5372.361 4922.819 5785.591
1.431 5376.267 4926.917 5789.694
1.433 5380.17 4930.869 5793.824
1.435 5384.069 4935.056 5797.964
1.437 5387.966 4939.329 5802.088
1.439 5391.859 4943.373 5806.2
1.441 5395.749 4947.221 5810.299
1.443 5399.636 4951.16 5814.345
1.445 5403.521 4955.253 5818.387
1.447 5407.402 4959.157 5822.44
1.449 5411.28 4962.991 5826.629
1.451 5415.156 4967.114 5830.784
1.453 5419.028 4971.187 5834.785
1.456 5422.898 4975.215 5838.845
1.458 5426.765 4979.098 5842.908
1.46 5430.63 4983.064 5847.006
1.462 5434.491 4986.937 5851.117
1.464 5438.351 4990.897 5855.111
1.466 5442.207 4994.829 5859.185
1.468 5446.061 4998.781 5863.247
1.471 5449.912 5002.73 5867.255
1.473 5453.761 5006.783 5871.379
1.475 5457.608 5010.799 5875.404
1.477 5461.452 5014.818 5879.442
1.479 5465.293 5018.706 5883.461
1.481 5469.133 5022.738 5887.52
1.484 5472.969 5026.759 5891.486
1.486 5476.804 5030.672 5895.624
1.488 5480.636 5034.739 5899.67
1.49 5484.467 5038.749 5903.757
1.493 5488.295 5042.652 5907.789
1.495 5492.12 5046.613 5911.753
1.497 5495.944 5050.467 5915.809
1.499 5499.766 5054.391 5919.781
1.502 5503.585 5058.21 5923.967
1.504 5507.403 5061.972 5928.05
1.506 5511.218 5065.901 5932.126
1.508 5515.032 5069.731 5936.173
1.511 5518.844 5073.647 5940.219
1.513 5522.653 5077.705 5944.247
1.515 5526.461 5081.6 5948.284
1.517 5530.267 5085.437 5952.291
1.52 5534.072 5089.417 5956.317
1.522 5537.874 5093.392 5960.414
1.524 5541.675 5097.321 5964.357
1.527 5545.474 5101.198 5968.337
1.529 5549.272 5105.064 5972.34
1.531 5553.068 5108.793 5976.463
1.534 5556.862 5112.614 5980.534
1.536 5560.654 5116.538 5984.476
1.538 5564.445 5120.427 5988.547
1.541 5568.235 5124.16 5992.514
1.543 5572.023 5128.167 5996.482
1.546 5575.81 5132.026 6000.462
1.548 5579.595 5135.743 6004.463
1.55 5583.379 5139.676 6008.552
1.553 5587.161 5143.494 6012.578
1.555 5590.942 5147.359 6016.716
1.558 5594.722 5151.203 6020.711
1.56 5598.5 5154.959 6024.701
1.563 5602.278 5158.925 6028.688
1.565 5606.054 5162.873 6032.66
1.567 5609.829 5166.732 6036.708
1.57 5613.602 5170.679 6040.667
1.572 5617.375 5174.5 6044.71
1.575 5621.146 5178.344 6048.708
1.577 5624.917 5182.257 6052.702
1.58 5628.686 5186.164 6056.777
1.582 5632.454 5189.931 6060.892
1.585 5636.222 5193.777 6064.888
1.587 5639.988 5197.818 6068.867
1.59 5643.753 5201.649 6073.131
1.592 5647.518 5205.473 6077.05
1.595 5651.281 5209.178 6081.068
1.597 5655.044 5213.078 6085.066
1.6 5658.806 5216.914 6089.094
1.603 5662.567 5220.794 6092.991
1.605 5666.328 5224.55 6097.015
1.608 5670.087 5228.302 6101.049
1.61 5673.846 5232.125 6105.045
1.613 5677.604 5235.887 6109.212
1.616 5681.362 5239.623 6113.254
1.618 5685.119 5243.371 6117.289
1.621 5688.875 5247.055 6121.286
1.623 5692.631 5250.921 6125.179
1.626 5696.386 5254.598 6129.189
1.629 5700.141 5258.372 6133.103
1.631 5703.895 5262.16 6137.201
1.634 5707.649 5265.961 6141.125
1.637 5711.402 5269.707 6145
1.639 5715.155 5273.326 6148.915
1.642 5718.907 5277.1 6152.952
1.645 5722.659 5280.912 6157.122
1.647 5726.411 5284.629 6161.129
1.65 5730.162 5288.36 6165.141
1.653 5733.913 5292.076 6169.069
1.656 5737.664 5295.844 6173.147
1.658 5741.415 5299.681 6177.1
1.661 5745.165 5303.542 6181.229
1.664 5748.915 5307.367 6185.236
1.667 5752.665 5311.024 6189.367
1.669 5756.415 5314.848 6193.278
1.672 5760.165 5318.578 6197.314
1.675 5763.915 5322.166 6201.268
1.678 5767.664 5325.931 6205.198
1.681 5771.414 5329.72 6209.192
1.684 5775.164 5333.432 6213.255
1.686 5778.913 5337.149 6217.277
1.689 5782.663 5340.942 6221.251
1.692 5786.412 5344.559 6225.19
1.695 5790.162 5348.4 6229.396
1.698 5793.912 5352.124 6233.384
1.701 5797.662 5355.896 6237.46
1.704 5801.412 5359.678 6241.442
1.706 5805.163 5363.484 6245.458
1.709 5808.913 5367.298 6249.443
1.712 5812.664 5370.926 6253.526
1.715 5816.415 5374.751 6257.553
1.718 5820.167 5378.543 6261.566
1.721 5823.919 5382.107 6265.733
1.724 5827.671 5385.848 6269.752
1.727 5831.423 5389.555 6273.67
1.73 5835.176 5393.336 6277.677
1.733 5838.929 5396.981 6281.671
1.736 5842.683 5400.731 6285.79
1.739 5846.437 5404.391 6289.721
1.742 5850.191 5408.152 6293.702
1.745 5853.947 5412.046 6297.776
1.748 5857.702 5415.818 6301.94
1.751 5861.458 5419.572 6305.874
1.754 5865.215 5423.396 6309.858
1.757 5868.973 5427.104 6313.936
1.761 5872.731 5430.844 6317.885
1.764 5876.489 5434.697 6321.909
1.767 5880.249 5438.426 6325.964
1.77 5884.009 5442.231 6330.113
1.773 5887.77 5446.064 6334.125
1.776 5891.531 5449.814 6338.154
1.779 5895.294 5453.671 6342.195
1.783 5899.057 5457.474 6346.247
1.786 5902.821 5461.117 6350.321
1.789 5906.586 5464.75 6354.286
1.792 5910.352 5468.456 6358.195
1.795 5914.118 5472.101 6362.299
1.799 5917.886 5475.769 6366.285
1.802 5921.654 5479.435 6370.401
1.805 5925.424 5483.146 6374.5
1.808 5929.194 5486.882 6378.549
1.812 5932.966 5490.697 6382.563
1.815 5936.738 5494.384 6386.618
1.818 5940.512 5498.065 6390.608
1.821 5944.287 5501.776 6394.637
1.825 5948.062 5505.551 6398.647
1.828 5951.839 5509.271 6402.586
1.832 5955.618 5513.065 6406.618
1.835 5959.397 5516.878 6410.711
1.838 5963.178 5520.572 6414.744
1.842 5966.959 5524.228 6418.886
1.845 5970.742 5527.927 6422.886
1.848 5974.527 5531.683 6426.892
1.852 5978.312 5535.452 6430.886
1.855 5982.099 5539.226 6435.013
1.859 5985.888 5543.041 6439.098
1.862 5989.678 5546.788 6443.236
1.866 5993.469 5550.63 6447.178
1.869 5997.261 5554.417 6451.33
1.873 6001.056 5558.197 6455.355
1.876 6004.851 5562.105 6459.396
1.88 6008.648 5565.868 6463.477
1.883 6012.447 5569.516 6467.546
1.887 6016.247 5573.172 6471.49
1.89 6020.049 5576.995 6475.645
1.894 6023.852 5580.696 6479.77
1.898 6027.657 5584.52 6484.009
1.901 6031.464 5588.258 6488.122
1.905 6035.272 5591.902 6492.278
1.908 6039.082 5595.647 6496.34
1.912 6042.894 5599.458 6500.372
1.916 6046.707 5603.165 6504.415
1.919 6050.523 5606.882 6508.436
1.923 6054.34 5610.667 6512.601
1.927 6058.159 5614.475 6516.706
1.931 6061.979 5618.16 6520.713
1.934 6065.802 5621.876 6524.842
1.938 6069.627 5625.675 6528.877
1.942 6073.453 5629.512 6532.99
1.946 6077.282 5633.314 6537.14
1.949 6081.112 5636.969 6541.11
1.953 6084.945 5640.815 6545.146
1.957 6088.779 5644.691 6549.309
1.961 6092.616 5648.42 6553.432
1.965 6096.454 5652.141 6557.546
1.969 6100.295 5655.952 6561.74
1.972 6104.138 5659.812 6565.838
1.976 6107.983 5663.645 6569.904
1.98 6111.83 5667.432 6574.041
1.984 6115.679 5671.231 6578.122
1.988 6119.531 5674.987 6582.317
1.992 6123.385 5678.779 6586.514
1.996 6127.241 5682.589 6590.701
2 6131.1 5686.517 6594.853
2.004 6134.96 5690.173 6599.079
2.008 6138.824 5694.047 6603.245
2.012 6142.689 5697.836 6607.408
2.016 6146.557 5701.652 6611.418
2.02 6150.428 5705.553 6615.584
2.024 6154.3 5709.362 6619.594
2.028 6158.176 5713.262 6623.692
2.033 6162.054 5716.993 6627.944
2.037 6165.934 5720.729 6632.011
2.041 6169.817 5724.415 6636.31
2.045 6173.703 5728.173 6640.42
2.049 6177.591 5731.906 6644.568
2.053 6181.482 5735.722 6648.679
2.058 6185.375 5739.72 6652.926
2.062 6189.272 5743.489 6657.03
2.066 6193.171 5747.252 6661.243
2.07 6197.072 5750.88 6665.441
2.075 6200.977 5754.776 6669.497
2.079 6204.884 5758.549 6673.653
2.083 6208.794 5762.422 6677.75
2.088 6212.707 5766.321 6681.973
2.092 6216.623 5770.197 6686.157
2.096 6220.542 5774.061 6690.363
2.101 6224.464 5777.877 6694.504
2.105 6228.389 5781.85 6698.705
2.11 6232.316 5785.697 6702.81
2.114 6236.247 5789.4 6707.077
2.119 6240.181 5793.288 6711.322
2.123 6244.118 5797.146 6715.514
2.128 6248.058 5801.014 6719.592
2.132 6252.001 5804.844 6723.952
2.137 6255.947 5808.664 6728.199
2.141 6259.897 5812.572 6732.357
2.146 6263.85 5816.262 6736.567
2.151 6267.806 5820.269 6740.82
2.155 6271.765 5824.126 6745.152
2.16 6275.728 5828.007 6749.456
2.165 6279.693 5831.908 6753.645
2.169 6283.663 5835.889 6757.894
2.174 6287.635 5839.769 6762.068
2.179 6291.612 5843.679 6766.335
2.183 6295.591 5847.547 6770.601
2.188 6299.574 5851.397 6774.844
2.193 6303.561 5855.184 6779.165
2.198 6307.551 5859.062 6783.419
2.203 6311.545 5862.997 6787.691
2.208 6315.542 5866.898 6792.076
2.212 6319.543 5870.827 6796.407
2.217 6323.547 5874.765 6800.769
2.222 6327.556 5878.703 6804.986
2.227 6331.568 5882.632 6809.26
2.232 6335.583 5886.548 6813.528
2.237 6339.603 5890.527 6817.87
2.242 6343.626 5894.503 6822.208
2.247 6347.653 5898.557 6826.522
2.252 6351.684 5902.541 6830.871
2.257 6355.719 5906.422 6835.32
2.262 6359.758 5910.442 6839.653
2.268 6363.801 5914.458 6844.008
2.273 6367.848 5918.361 6848.255
2.278 6371.899 5922.347 6852.684
2.283 6375.953 5926.341 6857.072
2.288 6380.012 5930.391 6861.416
2.294 6384.076 5934.501 6865.752
2.299 6388.143 5938.555 6870.169
2.304 6392.214 5942.632 6874.567
2.309 6396.29 5946.69 6878.821
2.315 6400.37 5950.743 6883.257
2.32 6404.454 5954.73 6887.597
2.326 6408.543 5958.705 6891.915
2.331 6412.636 5962.724 6896.227
2.336 6416.733 5966.805 6900.715
2.342 6420.835 5970.813 6905.027
2.347 6424.941 5974.848 6909.543
2.353 6429.051 5978.814 6913.954
2.358 6433.167 5982.903 6918.404
2.364 6437.286 5986.957 6922.853
2.37 6441.411 5990.929 6927.327
2.375 6445.539 5994.906 6931.757
2.381 6449.673 5998.845 6936.135
2.387 6453.811 6002.913 6940.524
2.392 6457.954 6007.162 6944.99
2.398 6462.102 6011.166 6949.35
2.404 6466.254 6015.187 6953.719
2.41 6470.412 6019.122 6958.201
2.415 6474.574 6023.099 6962.45
2.421 6478.741 6027.156 6966.965
2.427 6482.913 6031.189 6971.308
2.433 6487.09 6035.229 6975.767
2.439 6491.272 6039.455 6980.235
2.445 6495.459 6043.649 6984.704
2.451 6499.651 6047.724 6989.144
2.457 6503.849 6051.793 6993.604
2.463 6508.051 6055.805 6998.065
2.469 6512.259 6060.01 7002.557
2.475 6516.471 6064.108 7007.048
2.481 6520.69 6068.323 7011.487
2.488 6524.913 6072.473 7015.998
2.494 6529.142 6076.562 7020.543
2.5 6533.376 6080.555 7025.142
2.506 6537.615 6084.762 7029.575
2.513 6541.86 6088.826 7034.099
2.519 6546.111 6092.898 7038.663
2.525 6550.367 6096.936 7043.138
2.532 6554.629 6101.179 7047.715
2.538 6558.896 6105.366 7052.187
2.545 6563.169 6109.521 7056.731
2.551 6567.447 6113.688 7061.254
2.558 6571.732 6117.874 7065.831
2.564 6576.022 6121.942 7070.393
2.571 6580.318 6126.263 7074.934
2.577 6584.619 6130.47 7079.558
2.584 6588.927 6134.689 7084.172
2.591 6593.241 6138.975 7088.736
2.597 6597.56 6143.225 7093.296
2.604 6601.886 6147.522 7097.848
2.611 6606.217 6151.732 7102.523
2.618 6610.555 6155.945 7107.198
2.625 6614.899 6160.305 7111.761
2.632 6619.249 6164.581 7116.429
2.639 6623.606 6168.877 7121.205
2.646 6627.968 6173.136 7125.935
2.653 6632.337 6177.506 7130.574
2.66 6636.713 6181.754 7135.16
2.667 6641.094 6186.024 7139.78
2.674 6645.483 6190.336 7144.397
2.681 6649.877 6194.614 7149.134
2.688 6654.279 6198.986 7153.694
2.695 6658.687 6203.309 7158.351
2.703 6663.101 6207.667 7163.067
2.71 6667.522 6212.029 7167.781
2.717 6671.95 6216.5 7172.45
2.725 6676.385 6220.803 7177.1
2.732 6680.827 6225.059 7181.841
2.74 6685.275 6229.434 7186.487
2.747 6689.731 6233.85 7191.226
2.755 6694.193 6238.171 7195.986
2.762 6698.662 6242.563 7200.687
2.77 6703.139 6246.997 7205.484
2.778 6707.622 6251.365 7210.252
2.786 6712.113 6255.757 7214.924
2.793 6716.611 6260.063 7219.625
2.801 6721.116 6264.518 7224.421
2.809 6725.629 6269.075 7229.221
2.817 6730.149 6273.431 7234.048
2.825 6734.676 6277.874 7238.767
2.833 6739.211 6282.396 7243.506
2.841 6743.754 6286.757 7248.301
2.849 6748.303 6291.263 7253.229
2.857 6752.861 6295.765 7258.032
2.865 6757.426 6300.188 7262.82
2.874 6761.999 6304.671 7267.766
2.882 6766.58 6309.212 7272.602
2.89 6771.169 6313.601 7277.527
2.899 6775.766 6318.237 7282.437
2.907 6780.37 6322.727 7287.272
2.915 6784.983 6327.252 7292.111
2.924 6789.603 6331.833 7297.008
2.933 6794.232 6336.455 7301.764
2.941 6798.869 6340.995 7306.753
2.95 6803.514 6345.566 7311.688
2.959 6808.168 6350.239 7316.578
2.967 6812.83 6354.837 7321.464
2.976 6817.5 6359.458 7326.383
2.985 6822.179 6364.122 7331.378
2.994 6826.866 6368.808 7336.353
3.003 6831.562 6373.433 7341.231
3.012 6836.267 6378.167 7346.213
3.021 6840.98 6382.838 7351.136
3.03 6845.702 6387.525 7356.224
3.04 6850.433 6392.192 7361.195
3.049 6855.173 6396.85 7366.259
3.058 6859.922 6401.66 7371.299
3.067 6864.68 6406.268 7376.344
3.077 6869.447 6411.041 7381.34
3.086 6874.223 6415.765 7386.4
3.096 6879.009 6420.503 7391.532
3.106 6883.803 6425.174 7396.648
3.115 6888.607 6429.818 7401.652
3.125 6893.421 6434.594 7406.874
3.135 6898.244 6439.351 7411.897
3.145 6903.077 6444.06 7417.142
3.155 6907.919 6448.737 7422.162
3.165 6912.771 6453.516 7427.18
3.175 6917.632 6458.415 7432.184
3.185 6922.504 6463.236 7437.229
3.195 6927.385 6468.066 7442.356
3.205 6932.277 6472.829 7447.589
3.215 6937.178 6477.674 7452.769
3.226 6942.09 6482.456 7457.898
3.236 6947.012 6487.297 7463.084
3.247 6951.944 6492.207 7468.286
3.257 6956.887 6497.036 7473.51
3.268 6961.84 6501.885 7478.798
3.279 6966.803 6506.799 7483.988
3.289 6971.777 6511.726 7489.222
3.3 6976.762 6516.692 7494.443
3.311 6981.758 6521.752 7499.829
3.322 6986.764 6526.692 7505.066
3.333 6991.781 6531.623 7510.303
3.344 6996.809 6536.56 7515.761
3.356 7001.849 6541.623 7521.047
3.367 7006.899 6546.568 7526.316
3.378 7011.961 6551.48 7531.754
3.39 7017.034 6556.701 7537.159
3.401 7022.118 6561.816 7542.606
3.413 7027.214 6566.804 7548.101
3.425 7032.321 6571.82 7553.513
3.436 7037.441 6576.928 7558.954
3.448 7042.571 6582 7564.311
3.46 7047.714 6587.002 7569.758
3.472 7052.869 6592.091 7575.285
3.484 7058.035 6597.168 7580.75
3.497 7063.214 6602.236 7586.146
3.509 7068.405 6607.217 7591.573
3.521 7073.608 6612.332 7597.097
3.534 7078.824 6617.41 7602.553
3.546 7084.052 6622.689 7608.01
3.559 7089.293 6628.027 7613.602
3.571 7094.546 6633.134 7619.017
3.584 7099.812 6638.287 7624.562
3.597 7105.091 6643.6 7630.157
3.61 7110.383 6648.994 7635.696
3.623 7115.688 6654.193 7641.254
3.636 7121.007 6659.544 7646.896
3.65 7126.338 6664.775 7652.444
3.663 7131.683 6670.062 7658.024
3.676 7137.041 6675.408 7663.62
3.69 7142.413 6680.603 7669.136
3.704 7147.799 6685.866 7674.816
3.717 7153.199 6691.302 7680.432
3.731 7158.612 6696.675 7686.105
3.745 7164.039 6702.046 7691.768
3.759 7169.481 6707.461 7697.418
3.774 7174.937 6712.852 7703.143
3.788 7180.407 6718.223 7708.921
3.802 7185.891 6723.765 7714.644
3.817 7191.391 6729.119 7720.384
3.831 7196.905 6734.59 7726.036
3.846 7202.433 6740 7731.786
3.861 7207.977 6745.416 7737.67
3.876 7213.536 6750.96 7743.434
3.891 7219.11 6756.43 7749.266
3.906 7224.699 6761.888 7755.088
3.922 7230.304 6767.601 7760.971
3.937 7235.924 6773.133 7766.786
3.953 7241.56 6778.543 7772.613
3.968 7247.212 6784.102 7778.537
3.984 7252.88 6789.784 7784.539
4 7258.564 6795.355 7790.555
4.016 7264.264 6801.003 7796.525
4.032 7269.98 6806.419 7802.53
4.049 7275.713 6812.007 7808.519
4.065 7281.463 6817.772 7814.484
4.082 7287.229 6823.46 7820.411
4.098 7293.013 6829.189 7826.726
4.115 7298.813 6834.911 7832.796
4.132 7304.631 6840.658 7838.794
4.149 7310.466 6846.378 7844.838
4.167 7316.318 6852.165 7850.89
4.184 7322.189 6857.934 7856.882
4.202 7328.077 6863.841 7862.949
4.219 7333.982 6869.8 7869.321
4.237 7339.907 6875.626 7875.4
4.255 7345.849 6881.524 7881.672
4.274 7351.81 6887.462 7888.077
4.292 7357.789 6893.476 7894.362
4.31 7363.787 6899.531 7900.718
4.329 7369.804 6905.365 7907.118
4.348 7375.84 6911.297 7913.384
4.367 7381.896 6917.318 7919.687
4.386 7387.971 6923.172 7926.035
4.405 7394.065 6929.143 7932.317
4.425 7400.18 6935.259 7938.535
4.444 7406.314 6941.315 7944.933
4.464 7412.468 6947.35 7951.346
4.484 7418.643 6953.454 7957.868
4.505 7424.838 6959.603 7964.4
4.525 7431.054 6965.782 7970.971
4.545 7437.291 6971.908 7977.362
4.566 7443.549 6978.129 7983.907
4.587 7449.829 6984.434 7990.471
4.608 7456.129 6990.674 7997.031
4.63 7462.452 6996.884 8003.777
4.651 7468.796 7003.33 8010.447
4.673 7475.163 7009.81 8017.249
4.695 7481.552 7016.146 8024.098
4.717 7487.963 7022.367 8030.765
4.739 7494.397 7028.754 8037.539
4.762 7500.854 7035.135 8044.295
4.785 7507.334 7041.577 8051.097
4.808 7513.838 7047.991 8057.852
4.831 7520.365 7054.514 8064.611
4.854 7526.916 7061.043 8071.497
4.878 7533.491 7067.506 8078.13
4.902 7540.09 7074.05 8084.988
4.926 7546.714 7080.599 8092.015
4.95 7553.363 7087.102 8098.986
4.975 7560.037 7093.752 8106.008
5 7566.736 7100.322 8112.835
5.025 7573.461 7106.984 8119.814
5.051 7580.212 7113.663 8126.862
5.076 7586.988 7120.48 8134.017
5.102 7593.791 7127.172 8141.108
5.128 7600.621 7134.062 8148.232
5.155 7607.477 7140.788 8155.44
5.181 7614.361 7147.56 8162.594
5.208 7621.272 7154.244 8169.815
5.236 7628.211 7161.097 8177.078
5.263 7635.177 7167.938 8184.404
5.291 7642.172 7174.782 8191.743
5.319 7649.196 7181.735 8199.03
5.348 7656.249 7188.659 8206.356
5.376 7663.331 7195.547 8213.688
5.405 7670.442 7202.705 8221.02
5.435 7677.583 7209.598 8228.395
5.464 7684.754 7216.808 8235.949
5.495 7691.956 7223.755 8243.428
5.525 7699.189 7230.725 8250.891
5.556 7706.453 7237.866 8258.499
5.587 7713.748 7245.043 8266.098
5.618 7721.076 7252.273 8273.789
5.65 7728.435 7259.51 8281.329
5.682 7735.827 7266.844 8289.009
5.714 7743.252 7274.17 8296.519
5.747 7750.71 7281.452 8304.297
5.78 7758.202 7288.853 8312.172
5.814 7765.728 7296.306 8320.05
5.848 7773.289 7303.704 8328.08
5.882 7780.884 7311.269 8335.956
5.917 7788.515 7318.821 8344.044
5.952 7796.181 7326.528 8351.974
5.988 7803.884 7334.094 8360.101
6.024 7811.623 7341.686 8368.06
6.061 7819.399 7349.502 8376.144
6.098 7827.212 7357.105 8384.288
6.135 7835.063 7365.108 8392.613
6.173 7842.953 7372.953 8400.873
6.211 7850.881 7380.743 8409.144
6.25 7858.848 7388.479 8417.686
6.289 7866.856 7396.277 8425.834
6.329 7874.903 7404.32 8434.343
6.369 7882.991 7412.286 8442.657
6.41 7891.121 7420.299 8451.114
6.452 7899.292 7428.332 8459.902
6.494 7907.505 7436.351 8468.58
6.536 7915.762 7444.662 8477.212
6.579 7924.061 7452.872 8485.859
6.623 7932.405 7461.37 8494.602
6.667 7940.793 7469.649 8503.369
6.711 7949.226 7477.818 8512.378
6.757 7957.705 7486.186 8521.462
6.803 7966.23 7494.522 8530.262
6.849 7974.802 7502.92 8539.424
6.897 7983.421 7511.227 8548.64
6.944 7992.089 7519.853 8557.832
6.993 8000.805 7528.464 8566.754
7.042 8009.571 7537.038 8576.05
7.092 8018.387 7545.623 8585.315
7.143 8027.254 7554.292 8594.635
7.194 8036.173 7563.093 8604.107
7.246 8045.143 7571.86 8613.641
7.299 8054.167 7580.774 8623.309
7.353 8063.245 7589.942 8633.084
7.407 8072.377 7599.079 8642.921
7.463 8081.564 7608.031 8652.782
7.519 8090.808 7617.139 8662.652
7.576 8100.108 7626.12 8672.535
7.634 8109.467 7635.368 8682.231
7.692 8118.884 7644.575 8692.384
7.752 8128.36 7653.879 8702.253
7.812 8137.897 7663.076 8712.402
7.874 8147.495 7672.569 8722.564
7.937 8157.156 7682.168 8732.835
8 8166.88 7691.874 8743.226
8.065 8176.668 7701.391 8753.495
8.13 8186.521 7710.79 8764.1
8.197 8196.441 7720.427 8774.763
8.264 8206.428 7730.333 8785.343
8.333 8216.483 7740.258 8795.885
8.403 8226.608 7750.213 8806.783
8.475 8236.804 7760.16 8817.66
8.547 8247.071 7770.243 8828.381
8.621 8257.411 7780.552 8839.426
8.696 8267.826 7790.923 8850.762
8.772 8278.316 7801.197 8862.251
8.85 8288.883 7811.591 8873.728
8.929 8299.528 7821.844 8885.074
9.009 8310.252 7832.253 8896.753
9.091 8321.057 7842.905 8908.291
9.174 8331.944 7853.568 8920.199
9.259 8342.915 7864.179 8932.176
9.346 8353.972 7874.921 8944.313
9.434 8365.115 7885.902 8956.301
9.524 8376.346 7896.973 8968.262
9.615 8387.667 7907.97 8980.574
9.709 8399.08 7919.268 8992.947
9.804 8410.586 7930.481 9005.608
9.901 8422.187 7941.781 9018.637
10 8433.885 7953.08 9031.318
10.101 8445.682 7964.497 9044.249
10.204 8457.58 7976.087 9057.698
10.309 8469.581 7987.625 9070.73
10.417 8481.686 7999.212 9084.057
10.526 8493.898 8011.286 9097.507
10.638 8506.219 8023.141 9110.977
10.753 8518.651 8035.214 9124.697
10.87 8531.197 8047.446 9138.61
10.989 8543.859 8059.747 9152.499
11.111 8556.64 8072.022 9166.768
11.236 8569.541 8084.679 9181.216
11.364 8582.566 8097.283 9195.985
11.494 8595.717 8109.817 9210.846
11.628 8608.998 8122.629 9225.615
11.765 8622.41 8135.551 9240.86
11.905 8635.958 8148.836 9256.099
12.048 8649.643 8162.015 9271.206
12.195 8663.47 8175.242 9286.483
12.346 8677.441 8189.052 9302.097
12.5 8691.561 8202.641 9318.027
12.658 8705.832 8216.635 9334.687
12.821 8720.259 8230.45 9351.044
12.987 8734.844 8244.45 9367.817
13.158 8749.593 8258.813 9385.031
13.333 8764.509 8273.108 9402.197
13.514 8779.597 8287.472 9419.48
13.699 8794.861 8302.263 9437.031
13.889 8810.306 8316.986 9455.118
14.085 8825.936 8331.834 9473.1
14.286 8841.757 8346.918 9491.631
14.493 8857.773 8362.435 9510.808
14.706 8873.991 8377.578 9529.934
14.925 8890.416 8393.254 9548.847
15.152 8907.054 8409.201 9568.621
15.385 8923.911 8425.578 9588.721
15.625 8940.994 8441.938 9608.972
15.873 8958.309 8458.248 9629.284
16.129 8975.864 8474.89 9650.46
16.393 8993.666 8491.631 9671.633
16.667 9011.722 8508.476 9693.365
16.949 9030.042 8525.555 9715.319
17.241 9048.633 8543.02 9738.173
17.544 9067.505 8560.88 9760.973
17.857 9086.667 8578.741 9784.257
18.182 9106.128 8596.878 9808.41
18.519 9125.901 8615.452 9832.61
18.868 9145.995 8634.436 9857.172
19.231 9166.423 8653.241 9882.717
19.608 9187.196 8672.548 9908.807
20 9208.328 8692.479 9935.197
20.408 9229.832 8712.472 9962.326
20.833 9251.724 8732.913 9990.525
21.277 9274.018 8753.415 10019.082
21.739 9296.732 8774.324 10047.964
22.222 9319.883 8795.582 10077.93
22.727 9343.489 8817.205 10108.373
23.256 9367.57 8839.088 10140.178
23.81 9392.149 8862.039 10172.116
24.39 9417.247 8884.946 10205.421
25 9442.89 8908.101 10239.718
25.641 9469.102 8931.773 10274.704
26.316 9495.914 8955.976 10311.105
27.027 9523.354 8980.404 10348.872
27.778 9551.457 9005.76 10387.255
28.571 9580.256 9031.51 10426.776
29.412 9609.792 9057.864 10467.625
30.303 9640.105 9084.715 10510.599
31.25 9671.241 9112.319 10554.111
32.258 9703.25 9140.443 10599.314
33.333 9736.187 9169.534 10646.665
34.483 9770.111 9199.531 10695.256
35.714 9805.088 9230.032 10746.397
37.037 9841.192 9261.455 10799.663
38.462 9878.502 9293.599 10854.956
40 9917.11 9326.75 10913.303
41.667 9957.115 9361.033 10973.244
43.478 9998.63 9396.556 11036.175
45.455 10041.785 9433.082 11102.425
47.619 10086.723 9471.474 11172.042
50 10133.61 9510.975 11245.799
52.632 10182.635 9551.673 11322.661
55.556 10234.02 9593.713 11403.8
58.824 10288.019 9637.766 11490.322
62.5 10344.934 9683.794 11582.607
66.667 10405.123 9732.566 11681.047
71.429 10469.014 9783.454 11786.528
76.923 10537.129 9837.108 11903.023
83.333 10610.109 9893.528 12027.773
90.909 10688.758 9953.615 12164.542
100 10774.101 10018.294 12315.537
111.111 10867.476 10087.351 12481.831
125 10970.678 10162.927 12670.94
142.857 11086.196 10245.98 12886.626
166.667 11217.628 10337.525 13138.579
200 11370.475 10441.429 13443.279
250 11553.796 10561.721 13817
333.333 11784.221 10704.206 14308.374
500 12098.069 10887.805 15015.124
1000 12606.491 11158.61 16271.057
1111.111 12680.799 11195.76 16461.803
1250 12762.967 11235.691 16681.565
1428.571 12854.987 11279.597 16932.76
1666.667 12959.737 11327.567 17223.525
2000 13081.614 11382.533 17570.141
2500 13227.864 11447.457 18006.593
3333.333 13411.784 11524.661 18577.06
5000 13662.416 11625.71 19400.17
10000 14068.636 11774.962 20839.328
