"Pr" "Mp" "Q_2" "Q_9"
1.01 3053.618 2572.916 3381.586
1.011 3087.809 2613.431 3413.152
1.012 3119.619 2651.436 3442.458
1.013 3149.402 2686.865 3469.954
1.014 3177.438 2719.901 3495.992
1.015 3203.951 2751.352 3520.863
1.016 3229.123 2780.941 3544.295
1.017 3253.106 2809.137 3566.521
1.018 3276.025 2836.174 3587.876
1.019 3297.987 2862.074 3608.453
1.02 3319.082 2886.982 3628.213
1.021 3339.39 2910.864 3647.324
1.022 3358.977 2933.701 3665.827
1.024 3377.903 2955.777 3683.853
1.025 3396.219 2977.072 3701.036
1.026 3413.973 2997.557 3717.863
1.027 3431.204 3017.473 3734.111
1.028 3447.948 3036.845 3750.003
1.029 3464.24 3055.517 3765.457
1.03 3480.107 3073.576 3780.558
1.031 3495.576 3091.356 3795.338
1.032 3510.671 3108.731 3809.704
1.033 3525.415 3125.748 3823.685
1.034 3539.827 3142.139 3837.55
1.035 3553.925 3158.205 3851.026
1.036 3567.727 3173.95 3864.348
1.037 3581.246 3189.446 3877.281
1.038 3594.499 3204.443 3889.988
1.04 3607.497 3219.198 3902.438
1.041 3620.254 3233.544 3914.676
1.042 3632.779 3247.763 3926.794
1.043 3645.084 3261.707 3938.749
1.044 3657.179 3275.486 3950.457
1.045 3669.073 3288.962 3961.916
1.046 3680.773 3302.228 3973.235
1.047 3692.289 3315.327 3984.325
1.048 3703.627 3328.135 3995.214
1.049 3714.795 3340.774 4006.061
1.05 3725.799 3353.177 4016.778
1.052 3736.646 3365.29 4027.306
1.053 3747.341 3377.328 4037.649
1.054 3757.889 3389.168 4047.92
1.055 3768.297 3400.807 4057.981
1.056 3778.569 3412.339 4067.991
1.057 3788.71 3423.814 4077.897
1.058 3798.723 3435.2 4087.656
1.059 3808.615 3446.31 4097.222
1.06 3818.387 3457.168 4106.649
1.062 3828.045 3467.964 4116.159
1.063 3837.591 3478.564 4125.506
1.064 3847.03 3489.041 4134.712
1.065 3856.364 3499.473 4143.824
1.066 3865.597 3509.742 4152.794
1.067 3874.731 3519.837 4161.683
1.068 3883.771 3529.912 4170.584
1.07 3892.717 3539.922 4179.323
1.071 3901.573 3549.728 4188.022
1.072 3910.342 3559.476 4196.639
1.073 3919.025 3569.057 4205.173
1.074 3927.626 3578.564 4213.676
1.075 3936.146 3587.995 4222.057
1.076 3944.587 3597.334 4230.379
1.078 3952.952 3606.652 4238.659
1.079 3961.242 3615.85 4246.791
1.08 3969.46 3624.888 4254.96
1.081 3977.607 3633.753 4263.019
1.082 3985.684 3642.64 4271.017
1.083 3993.694 3651.526 4278.952
1.085 4001.639 3660.166 4286.792
1.086 4009.519 3668.775 4294.577
1.087 4017.336 3677.319 4302.345
1.088 4025.092 3685.881 4309.967
1.089 4032.788 3694.285 4317.57
1.091 4040.425 3702.642 4325.135
1.092 4048.006 3710.997 4332.66
1.093 4055.53 3719.09 4340.055
1.094 4063 3727.176 4347.431
1.095 4070.416 3735.366 4354.823
1.096 4077.779 3743.431 4362.177
1.098 4085.091 3751.473 4369.458
1.099 4092.353 3759.397 4376.639
1.1 4099.566 3767.18 4383.778
1.101 4106.731 3775.007 4390.962
1.103 4113.848 3782.841 4398.02
1.104 4120.92 3790.645 4405.061
1.105 4127.945 3798.235 4412.189
1.106 4134.927 3805.837 4419.174
1.107 4141.865 3813.302 4426.103
1.109 4148.76 3820.744 4433.016
1.11 4155.613 3828.254 4439.84
1.111 4162.425 3835.635 4446.644
1.112 4169.197 3842.911 4453.432
1.114 4175.929 3850.133 4460.244
1.115 4182.622 3857.412 4467.016
1.116 4189.277 3864.578 4473.657
1.117 4195.895 3871.746 4480.293
1.119 4202.476 3878.791 4486.887
1.12 4209.02 3885.857 4493.445
1.121 4215.53 3892.822 4500.069
1.122 4222.004 3899.761 4506.543
1.124 4228.444 3906.673 4512.996
1.125 4234.851 3913.543 4519.495
1.126 4241.224 3920.4 4525.936
1.127 4247.565 3927.242 4532.31
1.129 4253.874 3933.982 4538.667
1.13 4260.152 3940.792 4544.948
1.131 4266.398 3947.547 4551.283
1.133 4272.614 3954.137 4557.583
1.134 4278.801 3960.661 4563.814
1.135 4284.957 3967.241 4569.968
1.136 4291.085 3973.806 4576.166
1.138 4297.185 3980.375 4582.301
1.139 4303.256 3986.916 4588.478
1.14 4309.3 3993.372 4594.571
1.142 4315.317 3999.8 4600.709
1.143 4321.307 4006.187 4606.745
1.144 4327.27 4012.521 4612.688
1.145 4333.208 4018.882 4618.776
1.147 4339.12 4025.109 4624.739
1.148 4345.007 4031.315 4630.653
1.149 4350.869 4037.571 4636.593
1.151 4356.707 4043.758 4642.5
1.152 4362.521 4049.886 4648.416
1.153 4368.311 4056.01 4654.273
1.155 4374.078 4062.129 4660.147
1.156 4379.822 4068.179 4665.957
1.157 4385.544 4074.296 4671.766
1.159 4391.243 4080.412 4677.564
1.16 4396.92 4086.415 4683.338
1.161 4402.575 4092.388 4689.095
1.163 4408.209 4098.348 4694.828
1.164 4413.822 4104.226 4700.483
1.166 4419.414 4110.15 4706.224
1.167 4424.985 4116.021 4711.919
1.168 4430.537 4121.856 4717.604
1.17 4436.068 4127.599 4723.28
1.171 4441.58 4133.456 4728.865
1.172 4447.073 4139.237 4734.417
1.174 4452.546 4144.981 4740.015
1.175 4458.001 4150.679 4745.576
1.176 4463.437 4156.342 4751.141
1.178 4468.854 4162.064 4756.688
1.179 4474.254 4167.749 4762.189
1.181 4479.635 4173.313 4767.771
1.182 4484.999 4178.934 4773.236
1.183 4490.346 4184.547 4778.714
1.185 4495.675 4190.137 4784.134
1.186 4500.988 4195.709 4789.53
1.188 4506.284 4201.271 4794.943
1.189 4511.563 4206.828 4800.309
1.19 4516.826 4212.388 4805.696
1.192 4522.073 4217.854 4811.025
1.193 4527.304 4223.345 4816.368
1.195 4532.519 4228.811 4821.699
1.196 4537.719 4234.201 4827.094
1.198 4542.903 4239.682 4832.35
1.199 4548.073 4245.104 4837.596
1.2 4553.227 4250.515 4842.876
1.202 4558.367 4255.891 4848.157
1.203 4563.492 4261.175 4853.476
1.205 4568.603 4266.492 4858.695
1.206 4573.7 4271.872 4863.921
1.208 4578.783 4277.075 4869.124
1.209 4583.852 4282.381 4874.33
1.211 4588.907 4287.652 4879.483
1.212 4593.948 4292.933 4884.614
1.214 4598.977 4298.177 4889.77
1.215 4603.992 4303.318 4894.853
1.217 4608.994 4308.48 4899.972
1.218 4613.984 4313.646 4905.141
1.22 4618.96 4318.903 4910.25
1.221 4623.924 4324.021 4915.363
1.222 4628.876 4329.111 4920.478
1.224 4633.815 4334.204 4925.524
1.225 4638.742 4339.353 4930.594
1.227 4643.658 4344.388 4935.672
1.229 4648.561 4349.472 4940.674
1.23 4653.453 4354.587 4945.715
1.232 4658.333 4359.656 4950.798
1.233 4663.202 4364.705 4955.738
1.235 4668.059 4369.74 4960.745
1.236 4672.906 4374.785 4965.751
1.238 4677.741 4379.784 4970.761
1.239 4682.565 4384.794 4975.728
1.241 4687.379 4389.74 4980.729
1.242 4692.182 4394.718 4985.671
1.244 4696.974 4399.67 4990.601
1.245 4701.756 4404.576 4995.447
1.247 4706.528 4409.468 5000.366
1.248 4711.29 4414.343 5005.36
1.25 4716.041 4419.166 5010.241
1.252 4720.783 4423.966 5015.139
1.253 4725.514 4428.868 5020.032
1.255 4730.236 4433.753 5024.914
1.256 4734.949 4438.608 5029.779
1.258 4739.651 4443.442 5034.583
1.259 4744.345 4448.317 5039.443
1.261 4749.029 4453.122 5044.247
1.263 4753.704 4457.944 5049.107
1.264 4758.37 4462.708 5053.952
1.266 4763.027 4467.506 5058.748
1.267 4767.675 4472.386 5063.548
1.269 4772.314 4477.137 5068.339
1.271 4776.945 4481.917 5073.089
1.272 4781.567 4486.629 5077.845
1.274 4786.18 4491.349 5082.615
1.276 4790.785 4496.088 5087.384
1.277 4795.382 4500.905 5092.108
1.279 4799.97 4505.556 5096.884
1.28 4804.551 4510.292 5101.676
1.282 4809.123 4514.972 5106.428
1.284 4813.688 4519.616 5111.144
1.285 4818.244 4524.324 5115.879
1.287 4822.793 4528.964 5120.612
1.289 4827.334 4533.609 5125.369
1.29 4831.868 4538.229 5130.088
1.292 4836.394 4542.941 5134.769
1.294 4840.912 4547.517 5139.474
1.295 4845.424 4552.143 5144.178
1.297 4849.928 4556.75 5148.912
1.299 4854.424 4561.278 5153.56
1.3 4858.914 4565.847 5158.239
1.302 4863.397 4570.486 5162.892
1.304 4867.873 4575.005 5167.584
1.305 4872.341 4579.541 5172.225
1.307 4876.803 4584.026 5176.88
1.309 4881.259 4588.573 5181.505
1.311 4885.707 4593.106 5186.17
1.312 4890.149 4597.646 5190.8
1.314 4894.585 4602.135 5195.446
1.316 4899.014 4606.683 5200.059
1.318 4903.437 4611.185 5204.657
1.319 4907.853 4615.591 5209.238
1.321 4912.264 4620.052 5213.897
1.323 4916.668 4624.59 5218.491
1.325 4921.066 4629.046 5223.153
1.326 4925.458 4633.522 5227.695
1.328 4929.844 4637.969 5232.192
1.33 4934.224 4642.426 5236.768
1.332 4938.599 4646.883 5241.315
1.333 4942.967 4651.319 5245.889
1.335 4947.33 4655.8 5250.407
1.337 4951.688 4660.238 5254.894
1.339 4956.039 4664.654 5259.405
1.34 4960.386 4668.983 5263.948
1.342 4964.726 4673.361 5268.469
1.344 4969.062 4677.732 5273.029
1.346 4973.392 4682.118 5277.542
1.348 4977.717 4686.544 5282.03
1.35 4982.037 4690.975 5286.544
1.351 4986.351 4695.379 5291.044
1.353 4990.661 4699.747 5295.576
1.355 4994.965 4704.159 5300.082
1.357 4999.265 4708.503 5304.574
1.359 5003.559 4712.837 5309.022
1.361 5007.849 4717.257 5313.514
1.362 5012.134 4721.535 5318.066
1.364 5016.414 4725.883 5322.518
1.366 5020.69 4730.185 5327.023
1.368 5024.961 4734.496 5331.449
1.37 5029.227 4738.823 5335.899
1.372 5033.489 4743.103 5340.396
1.374 5037.747 4747.404 5344.795
1.376 5042 4751.677 5349.24
1.377 5046.248 4755.984 5353.699
1.379 5050.492 4760.29 5358.177
1.381 5054.733 4764.582 5362.587
1.383 5058.968 4768.864 5367.028
1.385 5063.2 4773.149 5371.47
1.387 5067.428 4777.434 5375.883
1.389 5071.651 4781.707 5380.364
1.391 5075.871 4786.014 5384.757
1.393 5080.086 4790.238 5389.126
1.395 5084.298 4794.48 5393.496
1.397 5088.506 4798.749 5397.88
1.399 5092.71 4802.983 5402.282
1.401 5096.91 4807.163 5406.7
1.403 5101.107 4811.347 5411.049
1.404 5105.3 4815.549 5415.46
1.406 5109.489 4819.713 5419.859
1.408 5113.675 4823.973 5424.318
1.41 5117.857 4828.165 5428.714
1.412 5122.036 4832.329 5433.074
1.414 5126.211 4836.534 5437.371
1.416 5130.383 4840.761 5441.817
1.418 5134.551 4844.975 5446.219
1.42 5138.716 4849.225 5450.58
1.422 5142.878 4853.371 5454.946
1.425 5147.037 4857.593 5459.387
1.427 5151.192 4861.734 5463.758
1.429 5155.345 4865.89 5468.131
1.431 5159.494 4870.018 5472.554
1.433 5163.64 4874.139 5476.923
1.435 5167.783 4878.389 5481.306
1.437 5171.924 4882.534 5485.609
1.439 5176.061 4886.724 5489.936
1.441 5180.195 4890.886 5494.265
1.443 5184.327 4895.034 5498.635
1.445 5188.456 4899.18 5503.009
1.447 5192.582 4903.371 5507.402
1.449 5196.705 4907.503 5511.764
1.451 5200.826 4911.615 5516.109
1.453 5204.944 4915.791 5520.48
1.456 5209.059 4919.876 5524.859
1.458 5213.172 4924.061 5529.191
1.46 5217.282 4928.135 5533.511
1.462 5221.39 4932.243 5537.878
1.464 5225.496 4936.309 5542.221
1.466 5229.599 4940.42 5546.534
1.468 5233.699 4944.543 5550.868
1.471 5237.797 4948.655 5555.212
1.473 5241.893 4952.765 5559.5
1.475 5245.987 4956.852 5563.85
1.477 5250.078 4960.934 5568.171
1.479 5254.168 4965.064 5572.477
1.481 5258.255 4969.139 5576.833
1.484 5262.34 4973.228 5581.155
1.486 5266.423 4977.321 5585.446
1.488 5270.504 4981.428 5589.73
1.49 5274.583 4985.503 5594.033
1.493 5278.659 4989.588 5598.395
1.495 5282.734 4993.628 5602.703
1.497 5286.808 4997.704 5607.059
1.499 5290.879 5001.758 5611.335
1.502 5294.948 5005.751 5615.595
1.504 5299.016 5009.82 5619.936
1.506 5303.082 5013.886 5624.229
1.508 5307.146 5017.965 5628.548
1.511 5311.208 5022.034 5632.84
1.513 5315.269 5026.103 5637.14
1.515 5319.328 5030.139 5641.491
1.517 5323.385 5034.188 5645.789
1.52 5327.441 5038.249 5650.131
1.522 5331.496 5042.333 5654.441
1.524 5335.549 5046.366 5658.741
1.527 5339.6 5050.424 5663.026
1.529 5343.65 5054.41 5667.317
1.531 5347.699 5058.498 5671.603
1.534 5351.746 5062.518 5675.848
1.536 5355.792 5066.539 5680.146
1.538 5359.837 5070.564 5684.384
1.541 5363.88 5074.605 5688.599
1.543 5367.923 5078.62 5692.924
1.546 5371.964 5082.66 5697.223
1.548 5376.003 5086.747 5701.464
1.55 5380.042 5090.729 5705.712
1.553 5384.08 5094.719 5709.976
1.555 5388.116 5098.691 5714.274
1.558 5392.152 5102.709 5718.508
1.56 5396.186 5106.703 5722.829
1.563 5400.219 5110.671 5727.07
1.565 5404.252 5114.652 5731.363
1.567 5408.284 5118.658 5735.645
1.57 5412.314 5122.683 5739.845
1.572 5416.344 5126.718 5744.115
1.575 5420.373 5130.723 5748.345
1.577 5424.401 5134.724 5752.605
1.58 5428.429 5138.765 5756.889
1.582 5432.455 5142.766 5761.166
1.585 5436.481 5146.787 5765.442
1.587 5440.507 5150.756 5769.786
1.59 5444.531 5154.72 5774.022
1.592 5448.555 5158.663 5778.295
1.595 5452.579 5162.678 5782.606
1.597 5456.602 5166.688 5786.862
1.6 5460.624 5170.695 5791.112
1.603 5464.646 5174.746 5795.371
1.605 5468.667 5178.712 5799.654
1.608 5472.688 5182.68 5803.924
1.61 5476.709 5186.669 5808.219
1.613 5480.729 5190.657 5812.49
1.616 5484.749 5194.657 5816.753
1.618 5488.768 5198.602 5821.014
1.621 5492.787 5202.602 5825.221
1.623 5496.806 5206.656 5829.509
1.626 5500.825 5210.647 5833.778
1.629 5504.843 5214.594 5838.058
1.631 5508.862 5218.541 5842.327
1.634 5512.88 5222.496 5846.575
1.637 5516.898 5226.514 5850.825
1.639 5520.916 5230.484 5855.089
1.642 5524.933 5234.519 5859.356
1.645 5528.951 5238.493 5863.649
1.647 5532.969 5242.47 5867.879
1.65 5536.986 5246.463 5872.125
1.653 5541.004 5250.432 5876.405
1.656 5545.022 5254.433 5880.696
1.658 5549.04 5258.352 5884.951
1.661 5553.058 5262.282 5889.284
1.664 5557.076 5266.257 5893.559
1.667 5561.095 5270.212 5897.812
1.669 5565.113 5274.158 5902.137
1.672 5569.132 5278.08 5906.451
1.675 5573.151 5282.111 5910.778
1.678 5577.17 5286.053 5915.094
1.681 5581.19 5290.031 5919.349
1.684 5585.21 5293.996 5923.592
1.686 5589.231 5298.016 5927.848
1.689 5593.251 5301.968 5932.114
1.692 5597.273 5305.911 5936.318
1.695 5601.294 5309.875 5940.571
1.698 5605.316 5313.822 5944.827
1.701 5609.339 5317.748 5949.042
1.704 5613.362 5321.73 5953.316
1.706 5617.386 5325.714 5957.565
1.709 5621.41 5329.715 5961.905
1.712 5625.435 5333.692 5966.213
1.715 5629.461 5337.618 5970.461
1.718 5633.487 5341.588 5974.741
1.721 5637.514 5345.528 5979.029
1.724 5641.541 5349.495 5983.327
1.727 5645.57 5353.43 5987.625
1.73 5649.599 5357.362 5991.928
1.733 5653.629 5361.338 5996.207
1.736 5657.66 5365.251 6000.455
1.739 5661.691 5369.254 6004.721
1.742 5665.724 5373.238 6009.09
1.745 5669.757 5377.227 6013.414
1.748 5673.791 5381.236 6017.726
1.751 5677.827 5385.245 6022.004
1.754 5681.863 5389.222 6026.328
1.757 5685.9 5393.181 6030.626
1.761 5689.939 5397.206 6034.986
1.764 5693.978 5401.17 6039.304
1.767 5698.019 5405.15 6043.621
1.77 5702.06 5409.116 6047.966
1.773 5706.103 5413.131 6052.241
1.776 5710.147 5417.116 6056.574
1.779 5714.192 5421.131 6060.869
1.783 5718.238 5425.064 6065.224
1.786 5722.286 5429.036 6069.559
1.789 5726.335 5433.034 6073.869
1.792 5730.385 5437.01 6078.193
1.795 5734.436 5441.004 6082.516
1.799 5738.489 5444.998 6086.832
1.802 5742.543 5449.054 6091.205
1.805 5746.599 5453.048 6095.575
1.808 5750.656 5457.026 6099.882
1.812 5754.715 5461.026 6104.182
1.815 5758.775 5465.034 6108.543
1.818 5762.836 5468.981 6112.868
1.821 5766.899 5473.011 6117.219
1.825 5770.964 5477.011 6121.588
1.828 5775.03 5480.962 6125.905
1.832 5779.098 5484.962 6130.239
1.835 5783.168 5488.958 6134.582
1.838 5787.239 5492.976 6138.955
1.842 5791.312 5496.963 6143.33
1.845 5795.387 5500.959 6147.723
1.848 5799.463 5504.936 6152.076
1.852 5803.541 5508.894 6156.41
1.855 5807.621 5512.873 6160.776
1.859 5811.703 5516.885 6165.172
1.862 5815.787 5520.841 6169.515
1.866 5819.872 5524.886 6173.859
1.869 5823.96 5528.893 6178.179
1.873 5828.049 5532.92 6182.534
1.876 5832.14 5536.938 6186.837
1.88 5836.234 5540.95 6191.233
1.883 5840.329 5544.984 6195.613
1.887 5844.427 5548.96 6199.993
1.89 5848.526 5552.989 6204.389
1.894 5852.628 5556.983 6208.748
1.898 5856.732 5560.959 6213.053
1.901 5860.838 5565.014 6217.433
1.905 5864.946 5569.022 6221.779
1.908 5869.056 5573.026 6226.166
1.912 5873.169 5577.055 6230.582
1.916 5877.284 5581.052 6235.018
1.919 5881.401 5585.061 6239.402
1.923 5885.52 5589.105 6243.807
1.927 5889.642 5593.128 6248.288
1.931 5893.766 5597.173 6252.708
1.934 5897.893 5601.24 6257.062
1.938 5902.022 5605.291 6261.529
1.942 5906.153 5609.349 6265.946
1.946 5910.287 5613.415 6270.351
1.949 5914.424 5617.461 6274.714
1.953 5918.563 5621.524 6279.142
1.957 5922.705 5625.558 6283.538
1.961 5926.849 5629.587 6287.965
1.965 5930.996 5633.61 6292.461
1.969 5935.145 5637.654 6296.912
1.972 5939.297 5641.66 6301.364
1.976 5943.452 5645.789 6305.799
1.98 5947.61 5649.872 6310.227
1.984 5951.77 5654.006 6314.682
1.988 5955.933 5658.043 6319.128
1.992 5960.099 5662.144 6323.582
1.996 5964.268 5666.179 6328.06
2 5968.44 5670.269 6332.5
2.004 5972.615 5674.265 6336.944
2.008 5976.792 5678.368 6341.421
2.012 5980.973 5682.448 6345.894
2.016 5985.157 5686.51 6350.419
2.02 5989.343 5690.604 6354.943
2.024 5993.533 5694.743 6359.422
2.028 5997.726 5698.833 6363.96
2.033 6001.921 5702.948 6368.485
2.037 6006.12 5707.065 6372.995
2.041 6010.323 5711.236 6377.569
2.045 6014.528 5715.345 6382.139
2.049 6018.737 5719.454 6386.61
2.053 6022.948 5723.558 6391.177
2.058 6027.164 5727.657 6395.717
2.062 6031.382 5731.796 6400.277
2.066 6035.604 5735.894 6404.819
2.07 6039.829 5740.038 6409.36
2.075 6044.058 5744.189 6413.914
2.079 6048.29 5748.323 6418.427
2.083 6052.525 5752.467 6422.995
2.088 6056.764 5756.576 6427.59
2.092 6061.007 5760.712 6432.073
2.096 6065.253 5764.828 6436.702
2.101 6069.503 5768.939 6441.298
2.105 6073.756 5773.056 6445.83
2.11 6078.013 5777.225 6450.346
2.114 6082.274 5781.434 6454.928
2.119 6086.538 5785.628 6459.544
2.123 6090.807 5789.734 6464.113
2.128 6095.078 5793.876 6468.667
2.132 6099.354 5798.004 6473.291
2.137 6103.634 5802.221 6477.891
2.141 6107.917 5806.443 6482.454
2.146 6112.205 5810.586 6487.064
2.151 6116.496 5814.757 6491.628
2.155 6120.791 5818.944 6496.186
2.16 6125.091 5823.074 6500.764
2.165 6129.394 5827.212 6505.41
2.169 6133.701 5831.361 6510.017
2.174 6138.013 5835.54 6514.614
2.179 6142.328 5839.692 6519.259
2.183 6146.648 5843.877 6523.967
2.188 6150.972 5848.036 6528.635
2.193 6155.3 5852.259 6533.323
2.198 6159.633 5856.461 6538.006
2.203 6163.97 5860.694 6542.69
2.208 6168.311 5864.916 6547.426
2.212 6172.656 5869.063 6552.116
2.217 6177.006 5873.262 6556.768
2.222 6181.36 5877.468 6561.388
2.227 6185.719 5881.699 6566.11
2.232 6190.082 5885.902 6570.881
2.237 6194.45 5890.148 6575.62
2.242 6198.822 5894.408 6580.405
2.247 6203.199 5898.642 6585.138
2.252 6207.581 5902.872 6589.824
2.257 6211.967 5907.134 6594.557
2.262 6216.358 5911.41 6599.323
2.268 6220.754 5915.652 6604.046
2.273 6225.155 5919.987 6608.753
2.278 6229.56 5924.298 6613.454
2.283 6233.97 5928.633 6618.209
2.288 6238.385 5932.894 6622.979
2.294 6242.805 5937.106 6627.732
2.299 6247.23 5941.426 6632.521
2.304 6251.66 5945.714 6637.285
2.309 6256.095 5950.019 6642.081
2.315 6260.535 5954.384 6646.915
2.32 6264.98 5958.729 6651.717
2.326 6269.431 5963.049 6656.485
2.331 6273.886 5967.406 6661.267
2.336 6278.347 5971.704 6666.099
2.342 6282.813 5976.038 6670.92
2.347 6287.284 5980.307 6675.8
2.353 6291.76 5984.66 6680.637
2.358 6296.242 5988.963 6685.454
2.364 6300.73 5993.277 6690.29
2.37 6305.223 5997.616 6695.107
2.375 6309.721 6001.992 6699.945
2.381 6314.225 6006.343 6704.804
2.387 6318.734 6010.693 6709.673
2.392 6323.249 6015.033 6714.56
2.398 6327.77 6019.419 6719.395
2.404 6332.296 6023.838 6724.281
2.41 6336.828 6028.237 6729.174
2.415 6341.366 6032.575 6734.103
2.421 6345.91 6036.975 6739.027
2.427 6350.459 6041.38 6743.961
2.433 6355.014 6045.764 6748.898
2.439 6359.576 6050.197 6753.81
2.445 6364.143 6054.649 6758.699
2.451 6368.716 6059.07 6763.607
2.457 6373.296 6063.486 6768.553
2.463 6377.881 6067.991 6773.504
2.469 6382.473 6072.397 6778.527
2.475 6387.07 6076.816 6783.485
2.481 6391.674 6081.299 6788.456
2.488 6396.285 6085.809 6793.53
2.494 6400.901 6090.288 6798.496
2.5 6405.524 6094.781 6803.404
2.506 6410.153 6099.257 6808.413
2.513 6414.789 6103.745 6813.371
2.519 6419.431 6108.142 6818.375
2.525 6424.08 6112.599 6823.348
2.532 6428.736 6117.046 6828.349
2.538 6433.397 6121.542 6833.367
2.545 6438.066 6126.062 6838.412
2.551 6442.742 6130.609 6843.439
2.558 6447.424 6135.164 6848.487
2.564 6452.113 6139.705 6853.602
2.571 6456.808 6144.267 6858.659
2.577 6461.511 6148.819 6863.708
2.584 6466.221 6153.37 6868.798
2.591 6470.938 6157.891 6873.898
2.597 6475.661 6162.414 6878.973
2.604 6480.392 6167.003 6884.102
2.611 6485.13 6171.562 6889.206
2.618 6489.875 6176.111 6894.368
2.625 6494.628 6180.674 6899.503
2.632 6499.387 6185.264 6904.626
2.639 6504.154 6189.838 6909.783
2.646 6508.929 6194.443 6914.985
2.653 6513.711 6199.078 6920.121
2.66 6518.5 6203.732 6925.265
2.667 6523.297 6208.385 6930.453
2.674 6528.101 6213.002 6935.607
2.681 6532.914 6217.594 6940.809
2.688 6537.733 6222.305 6946.043
2.695 6542.561 6226.93 6951.303
2.703 6547.396 6231.564 6956.442
2.71 6552.24 6236.257 6961.741
2.717 6557.091 6240.915 6967.074
2.725 6561.95 6245.561 6972.346
2.732 6566.817 6250.228 6977.565
2.74 6571.693 6254.974 6982.856
2.747 6576.576 6259.664 6988.171
2.755 6581.468 6264.354 6993.529
2.762 6586.367 6269.073 6998.809
2.77 6591.276 6273.782 7004.103
2.778 6596.192 6278.482 7009.477
2.786 6601.117 6283.214 7014.758
2.793 6606.05 6287.945 7020.13
2.801 6610.992 6292.724 7025.514
2.809 6615.943 6297.503 7030.904
2.817 6620.902 6302.281 7036.309
2.825 6625.87 6307.021 7041.689
2.833 6630.847 6311.768 7047.083
2.841 6635.832 6316.54 7052.422
2.849 6640.827 6321.313 7057.811
2.857 6645.83 6326.053 7063.271
2.865 6650.842 6330.877 7068.728
2.874 6655.864 6335.637 7074.157
2.882 6660.894 6340.465 7079.609
2.89 6665.934 6345.322 7085.021
2.899 6670.983 6350.203 7090.536
2.907 6676.042 6355.078 7096.081
2.915 6681.109 6359.962 7101.62
2.924 6686.187 6364.821 7107.24
2.933 6691.273 6369.709 7112.763
2.941 6696.37 6374.64 7118.405
2.95 6701.476 6379.559 7123.94
2.959 6706.592 6384.503 7129.536
2.967 6711.717 6389.433 7135.095
2.976 6716.853 6394.332 7140.661
2.985 6721.998 6399.251 7146.279
2.994 6727.153 6404.206 7151.886
3.003 6732.319 6409.182 7157.525
3.012 6737.494 6414.064 7163.227
3.021 6742.68 6418.964 7168.864
3.03 6747.876 6423.975 7174.535
3.04 6753.083 6428.964 7180.233
3.049 6758.3 6434.002 7185.951
3.058 6763.527 6439.026 7191.627
3.067 6768.765 6444.021 7197.328
3.077 6774.014 6449.145 7203.103
3.086 6779.273 6454.206 7208.81
3.096 6784.543 6459.302 7214.502
3.106 6789.824 6464.347 7220.189
3.115 6795.116 6469.429 7225.95
3.125 6800.419 6474.539 7231.667
3.135 6805.733 6479.609 7237.41
3.145 6811.059 6484.706 7243.145
3.155 6816.395 6489.836 7249.016
3.165 6821.743 6494.963 7254.858
3.175 6827.103 6500.091 7260.678
3.185 6832.474 6505.204 7266.598
3.195 6837.856 6510.393 7272.497
3.205 6843.251 6515.538 7278.367
3.215 6848.657 6520.651 7284.243
3.226 6854.075 6525.855 7290.173
3.236 6859.504 6530.997 7296.03
3.247 6864.946 6536.233 7301.956
3.257 6870.4 6541.524 7307.859
3.268 6875.866 6546.711 7313.811
3.279 6881.345 6552.008 7319.828
3.289 6886.836 6557.306 7325.859
3.3 6892.339 6562.553 7331.85
3.311 6897.855 6567.797 7337.941
3.322 6903.384 6573.075 7344.029
3.333 6908.925 6578.374 7350.087
3.344 6914.479 6583.662 7356.2
3.356 6920.046 6588.97 7362.201
3.367 6925.626 6594.352 7368.222
3.378 6931.22 6599.712 7374.339
3.39 6936.826 6605.026 7380.488
3.401 6942.446 6610.371 7386.658
3.413 6948.08 6615.816 7392.849
3.425 6953.726 6621.195 7399.085
3.436 6959.387 6626.532 7405.269
3.448 6965.061 6631.903 7411.445
3.46 6970.749 6637.361 7417.668
3.472 6976.451 6642.776 7423.888
3.484 6982.167 6648.134 7430.145
3.497 6987.897 6653.62 7436.367
3.509 6993.642 6659.072 7442.645
3.521 6999.401 6664.608 7448.926
3.534 7005.174 6670.111 7455.194
3.546 7010.962 6675.582 7461.566
3.559 7016.765 6681.118 7468.03
3.571 7022.582 6686.581 7474.404
3.584 7028.414 6692.089 7480.775
3.597 7034.262 6697.629 7487.256
3.61 7040.125 6703.172 7493.673
3.623 7046.002 6708.772 7500.084
3.636 7051.896 6714.415 7506.524
3.65 7057.805 6720.059 7513.027
3.663 7063.729 6725.662 7519.398
3.676 7069.669 6731.254 7525.932
3.69 7075.625 6736.928 7532.509
3.704 7081.597 6742.638 7539.048
3.717 7087.586 6748.312 7545.625
3.731 7093.59 6754.036 7552.212
3.745 7099.611 6759.73 7558.793
3.759 7105.649 6765.471 7565.49
3.774 7111.703 6771.236 7572.135
3.788 7117.774 6777.044 7578.757
3.802 7123.862 6782.756 7585.476
3.817 7129.967 6788.638 7592.209
3.831 7136.089 6794.438 7598.947
3.846 7142.228 6800.263 7605.631
3.861 7148.385 6806.032 7612.41
3.876 7154.56 6811.934 7619.211
3.891 7160.753 6817.848 7626.012
3.906 7166.963 6823.703 7632.855
3.922 7173.191 6829.484 7639.71
3.937 7179.438 6835.436 7646.578
3.953 7185.703 6841.357 7653.412
3.968 7191.986 6847.288 7660.404
3.984 7198.289 6853.192 7667.441
4 7204.61 6859.141 7674.444
4.016 7210.95 6865.123 7681.369
4.032 7217.309 6871.086 7688.38
4.049 7223.687 6877.106 7695.423
4.065 7230.085 6883.18 7702.493
4.082 7236.503 6889.222 7709.594
4.098 7242.94 6895.358 7716.77
4.115 7249.398 6901.52 7723.934
4.132 7255.875 6907.612 7730.956
4.149 7262.373 6913.802 7738.118
4.167 7268.891 6919.948 7745.313
4.184 7275.43 6926.121 7752.562
4.202 7281.99 6932.364 7759.864
4.219 7288.571 6938.537 7767.149
4.237 7295.173 6944.778 7774.427
4.255 7301.797 6951.038 7781.813
4.274 7308.442 6957.254 7789.254
4.292 7315.109 6963.547 7796.652
4.31 7321.798 6969.863 7804.063
4.329 7328.509 6976.139 7811.508
4.348 7335.242 6982.492 7818.943
4.367 7341.998 6988.858 7826.484
4.386 7348.777 6995.288 7833.976
4.405 7355.579 7001.693 7841.519
4.425 7362.404 7008.148 7849.027
4.444 7369.252 7014.571 7856.679
4.464 7376.124 7021.076 7864.345
4.484 7383.02 7027.59 7871.985
4.505 7389.94 7034.021 7879.628
4.525 7396.884 7040.614 7887.375
4.545 7403.853 7047.182 7895.066
4.566 7410.846 7053.718 7902.824
4.587 7417.864 7060.255 7910.504
4.608 7424.908 7066.826 7918.324
4.63 7431.977 7073.454 7926.161
4.651 7439.071 7080.137 7933.867
4.673 7446.192 7086.862 7941.766
4.695 7453.339 7093.491 7949.655
4.717 7460.512 7100.219 7957.736
4.739 7467.711 7106.989 7965.749
4.762 7474.938 7113.752 7973.873
4.785 7482.192 7120.634 7981.967
4.808 7489.473 7127.447 7990.072
4.831 7496.782 7134.218 7998.115
4.854 7504.12 7141.141 8006.362
4.878 7511.485 7148.061 8014.673
4.902 7518.879 7154.962 8022.918
4.926 7526.301 7161.83 8031.143
4.95 7533.753 7168.818 8039.419
4.975 7541.234 7175.833 8047.699
5 7548.745 7182.895 8056.159
5.025 7556.286 7189.923 8064.631
5.051 7563.857 7196.908 8072.919
5.076 7571.459 7203.984 8081.352
5.102 7579.092 7211.087 8089.914
5.128 7586.756 7218.267 8098.561
5.155 7594.452 7225.513 8107.249
5.181 7602.179 7232.691 8115.903
5.208 7609.939 7239.869 8124.627
5.236 7617.732 7247.178 8133.177
5.263 7625.557 7254.445 8141.96
5.291 7633.415 7261.692 8150.78
5.319 7641.308 7268.977 8159.58
5.348 7649.234 7276.356 8168.435
5.376 7657.194 7283.819 8177.322
5.405 7665.19 7291.265 8186.241
5.435 7673.22 7298.781 8195.198
5.464 7681.286 7306.271 8204.313
5.495 7689.388 7313.78 8213.531
5.525 7697.525 7321.384 8222.655
5.556 7705.7 7329.02 8231.88
5.587 7713.912 7336.589 8241.096
5.618 7722.161 7344.328 8250.393
5.65 7730.448 7351.908 8259.69
5.682 7738.774 7359.674 8269.008
5.714 7747.138 7367.391 8278.46
5.747 7755.542 7375.106 8287.92
5.78 7763.985 7383.024 8297.42
5.814 7772.468 7390.96 8306.979
5.848 7780.992 7398.853 8316.61
5.882 7789.557 7406.711 8326.208
5.917 7798.164 7414.653 8335.944
5.952 7806.812 7422.625 8345.657
5.988 7815.503 7430.745 8355.51
6.024 7824.238 7438.856 8365.426
6.061 7833.015 7446.913 8375.33
6.098 7841.837 7455.056 8385.275
6.135 7850.704 7463.23 8395.291
6.173 7859.615 7471.481 8405.428
6.211 7868.573 7479.722 8415.648
6.25 7877.577 7487.988 8425.898
6.289 7886.627 7496.47 8436.054
6.329 7895.725 7504.935 8446.336
6.369 7904.872 7513.391 8456.793
6.41 7914.066 7521.864 8467.365
6.452 7923.311 7530.416 8477.664
6.494 7932.605 7538.927 8488.201
6.536 7941.949 7547.662 8498.84
6.579 7951.345 7556.279 8509.577
6.623 7960.793 7564.904 8520.334
6.667 7970.293 7573.636 8531.131
6.711 7979.847 7582.306 8542.005
6.757 7989.454 7591.24 8553.013
6.803 7999.117 7600.038 8564.041
6.849 8008.834 7608.931 8575.004
6.897 8018.608 7617.976 8586.187
6.944 8028.439 7627.012 8597.367
6.993 8038.328 7636.011 8608.689
7.042 8048.275 7645.085 8620.216
7.092 8058.281 7654.308 8631.718
7.143 8068.348 7663.553 8643.314
7.194 8078.476 7672.922 8655.186
7.246 8088.665 7682.282 8666.939
7.299 8098.918 7691.727 8678.609
7.353 8109.234 7701.244 8690.374
7.407 8119.614 7710.733 8702.308
7.463 8130.061 7720.205 8714.255
7.519 8140.574 7729.738 8726.378
7.576 8151.154 7739.305 8738.451
7.634 8161.803 7749.065 8750.606
7.692 8172.521 7758.829 8763.24
7.752 8183.311 7768.649 8775.535
7.812 8194.171 7778.492 8788.058
7.874 8205.105 7788.368 8800.838
7.937 8216.112 7798.446 8813.796
8 8227.195 7808.425 8826.725
8.065 8238.354 7818.511 8839.645
8.13 8249.59 7828.76 8852.646
8.197 8260.906 7839.119 8865.764
8.264 8272.301 7849.531 8878.955
8.333 8283.777 7859.968 8892.314
8.403 8295.336 7870.327 8905.872
8.475 8306.979 7880.883 8919.3
8.547 8318.708 7891.535 8932.936
8.621 8330.523 7902.254 8946.744
8.696 8342.427 7913.03 8960.816
8.772 8354.42 7923.922 8974.628
8.85 8366.505 7934.832 8988.789
8.929 8378.683 7945.881 9002.884
9.009 8390.955 7956.904 9017.16
9.091 8403.324 7968.112 9031.71
9.174 8415.79 7979.276 9046.287
9.259 8428.357 7990.571 9061.081
9.346 8441.025 8002.006 9075.753
9.434 8453.796 8013.418 9090.785
9.524 8466.673 8024.859 9105.845
9.615 8479.657 8036.579 9121.4
9.709 8492.75 8048.47 9136.894
9.804 8505.955 8060.295 9152.455
9.901 8519.273 8072.163 9168.127
10 8532.707 8084.191 9183.98
10.101 8546.26 8096.407 9199.838
10.204 8559.932 8108.67 9215.836
10.309 8573.727 8121.035 9232.068
10.417 8587.648 8133.484 9248.578
10.526 8601.697 8146.034 9265.289
10.638 8615.876 8158.7 9282.189
10.753 8630.188 8171.474 9299.072
10.87 8644.636 8184.329 9316.323
10.989 8659.223 8197.326 9333.572
11.111 8673.952 8210.423 9351.258
11.236 8688.826 8223.694 9369.057
11.364 8703.848 8236.896 9386.922
11.494 8719.021 8250.312 9404.918
11.628 8734.35 8263.91 9423.154
11.765 8749.837 8277.459 9441.852
11.905 8765.485 8291.357 9460.661
12.048 8781.3 8305.263 9479.411
12.195 8797.285 8319.314 9498.569
12.346 8813.443 8333.477 9518.273
12.5 8829.779 8347.867 9537.825
12.658 8846.298 8362.532 9557.816
12.821 8863.003 8377.14 9577.894
12.987 8879.9 8392.013 9598.411
13.158 8896.994 8406.95 9619.115
13.333 8914.289 8422.269 9640.022
13.514 8931.791 8437.377 9661.404
13.699 8949.505 8452.923 9682.825
13.889 8967.437 8468.565 9704.594
14.085 8985.593 8484.522 9726.628
14.286 9003.978 8500.542 9749.291
14.493 9022.601 8516.674 9772.21
14.706 9041.466 8533.16 9795.422
14.925 9060.581 8549.737 9818.885
15.152 9079.954 8566.781 9842.591
15.385 9099.592 8583.747 9866.566
15.625 9119.503 8601.122 9891.159
15.873 9139.696 8618.562 9916.343
16.129 9160.179 8636.329 9941.603
16.393 9180.961 8654.255 9967.464
16.667 9202.052 8672.47 9993.353
16.949 9223.461 8690.957 10019.84
17.241 9245.201 8709.679 10046.87
17.544 9267.281 8728.496 10074.639
17.857 9289.714 8747.833 10102.718
18.182 9312.511 8767.436 10131.193
18.519 9335.686 8787.281 10160.607
18.868 9359.252 8807.466 10190.211
19.231 9383.224 8828.001 10220.323
19.608 9407.618 8848.781 10251.41
20 9432.448 8869.901 10282.983
20.408 9457.733 8891.26 10315.46
20.833 9483.491 8913.276 10348.268
21.277 9509.74 8935.491 10381.618
21.739 9536.502 8958.397 10415.44
22.222 9563.798 8981.465 10450.285
22.727 9591.652 9004.919 10485.764
23.256 9620.088 9028.986 10522.036
23.81 9649.132 9053.366 10559.296
24.39 9678.814 9078.205 10597.414
25 9709.164 9103.713 10636.678
25.641 9740.214 9129.583 10677.093
26.316 9772 9156.183 10717.975
27.027 9804.56 9183.262 10760.243
27.778 9837.934 9210.765 10803.882
28.571 9872.168 9238.971 10848.587
29.412 9907.309 9267.805 10894.99
30.303 9943.41 9297.534 10942.641
31.25 9980.528 9327.877 10991.565
32.258 10018.726 9359.337 11041.939
33.333 10058.072 9391.513 11093.884
34.483 10098.641 9424.518 11148.035
35.714 10140.517 9458.775 11204.484
37.037 10183.791 9493.76 11262.609
38.462 10228.566 9529.986 11322.931
40 10274.956 9567.147 11385.961
41.667 10323.087 9605.832 11451.473
43.478 10373.104 9645.725 11519.992
45.455 10425.168 9687.138 11592.057
47.619 10479.464 9730.06 11667.513
50 10536.202 9774.981 11745.915
52.632 10595.625 9821.918 11828.981
55.556 10658.013 9871.264 11916.696
58.824 10723.694 9922.822 12008.903
62.5 10793.053 9976.775 12106.558
66.667 10866.551 10033.46 12210.938
71.429 10944.738 10093.362 12322.805
76.923 11028.287 10157.074 12442.383
83.333 11118.026 10225.37 12574.054
90.909 11214.997 10298.052 12716.407
100 11320.532 10376.758 12872.684
111.111 11436.373 10461.951 13044.575
125 11564.866 10556.042 13238.658
142.857 11709.276 10661.096 13459.226
166.667 11874.343 10779.621 13713.583
200 12067.347 10916.35 14018.046
250 12300.343 11077.556 14390.288
333.333 12595.619 11277.997 14874.597
500 13002.291 11545.533 15563.822
1000 13672.761 11966.409 16757.968
1111.111 13772.026 12026.049 16940.489
1250 13882.186 12091.064 17145.718
1428.571 14006.051 12164.517 17379.629
1666.667 14147.704 12246.936 17650.634
2000 14313.41 12342 17972.049
2500 14513.55 12455.245 18368.52
3333.333 14767.31 12594.659 18882.63
5000 15116.974 12781.81 19613.018
10000 15693.737 13075.845 20871.947
