"Pr" "Mp" "Q_2" "Q_9"
1.01 3080.609 2713.626 3374
1.011 3107.334 2744.236 3398.286
1.012 3132.21 2772.621 3421
1.013 3155.512 2798.873 3442.22
1.014 3177.458 2823.705 3462.278
1.015 3198.22 2847.237 3481.358
1.016 3217.94 2869.555 3499.345
1.017 3236.736 2890.677 3516.624
1.018 3254.705 2910.916 3533.207
1.019 3271.929 2930.372 3549.063
1.02 3288.48 2949.061 3564.244
1.021 3304.417 2967.092 3578.91
1.022 3319.795 2984.288 3593.032
1.024 3334.657 3000.988 3606.783
1.025 3349.046 3017.134 3620.067
1.026 3362.996 3032.679 3632.991
1.027 3376.539 3047.633 3645.477
1.028 3389.704 3062.353 3657.653
1.029 3402.515 3076.678 3669.506
1.03 3414.996 3090.584 3681.034
1.031 3427.167 3104.215 3692.261
1.032 3439.048 3117.448 3703.295
1.033 3450.654 3130.449 3714.085
1.034 3462.001 3143.18 3724.647
1.035 3473.104 3155.516 3734.952
1.036 3483.976 3167.543 3745.013
1.037 3494.628 3179.382 3754.826
1.038 3505.072 3191.06 3764.538
1.04 3515.318 3202.561 3774.041
1.041 3525.375 3213.889 3783.375
1.042 3535.252 3224.849 3792.595
1.043 3544.957 3235.749 3801.648
1.044 3554.498 3246.239 3810.621
1.045 3563.882 3256.552 3819.426
1.046 3573.116 3266.666 3828.111
1.047 3582.206 3276.771 3836.652
1.048 3591.157 3286.631 3845.015
1.049 3599.975 3296.426 3853.226
1.05 3608.665 3305.917 3861.324
1.052 3617.233 3315.395 3869.313
1.053 3625.682 3324.655 3877.313
1.054 3634.018 3333.839 3885.191
1.055 3642.243 3342.869 3892.923
1.056 3650.362 3351.851 3900.543
1.057 3658.379 3360.636 3908.023
1.058 3666.296 3369.437 3915.511
1.059 3674.118 3377.982 3922.848
1.06 3681.848 3386.506 3930.204
1.062 3689.488 3394.771 3937.461
1.063 3697.041 3403.079 3944.491
1.064 3704.51 3411.224 3951.485
1.065 3711.897 3419.278 3958.498
1.066 3719.205 3427.404 3965.418
1.067 3726.437 3435.254 3972.26
1.068 3733.594 3443.088 3978.898
1.07 3740.678 3450.871 3985.588
1.071 3747.693 3458.614 3992.179
1.072 3754.639 3466.217 3998.66
1.073 3761.518 3473.812 4005.115
1.074 3768.333 3481.25 4011.547
1.075 3775.084 3488.6 4017.915
1.076 3781.775 3495.875 4024.18
1.078 3788.405 3503.075 4030.334
1.079 3794.978 3510.196 4036.526
1.08 3801.493 3517.298 4042.634
1.081 3807.954 3524.301 4048.812
1.082 3814.36 3531.304 4054.908
1.083 3820.714 3538.233 4060.887
1.085 3827.016 3545.113 4066.858
1.086 3833.268 3551.983 4072.787
1.087 3839.471 3558.759 4078.643
1.088 3845.627 3565.393 4084.375
1.089 3851.735 3571.999 4090.107
1.091 3857.798 3578.613 4095.913
1.092 3863.816 3585.13 4101.655
1.093 3869.79 3591.698 4107.307
1.094 3875.722 3598.158 4112.891
1.095 3881.612 3604.608 4118.484
1.096 3887.461 3610.996 4123.958
1.098 3893.27 3617.294 4129.498
1.099 3899.039 3623.499 4134.997
1.1 3904.771 3629.77 4140.43
1.101 3910.464 3636.029 4145.789
1.103 3916.121 3642.16 4151.186
1.104 3921.742 3648.256 4156.418
1.105 3927.327 3654.309 4161.725
1.106 3932.877 3660.337 4166.945
1.107 3938.394 3666.216 4172.165
1.109 3943.877 3672.154 4177.329
1.11 3949.328 3677.976 4182.457
1.111 3954.746 3683.85 4187.631
1.112 3960.133 3689.702 4192.787
1.114 3965.489 3695.45 4197.901
1.115 3970.815 3701.19 4202.895
1.116 3976.111 3706.923 4207.953
1.117 3981.377 3712.532 4212.964
1.119 3986.615 3718.055 4217.905
1.12 3991.825 3723.658 4222.857
1.121 3997.007 3729.335 4227.815
1.122 4002.162 3734.854 4232.773
1.124 4007.29 3740.394 4237.679
1.125 4012.392 3745.916 4242.511
1.126 4017.468 3751.382 4247.301
1.127 4022.519 3756.954 4252.144
1.129 4027.545 3762.366 4256.887
1.13 4032.546 3767.781 4261.624
1.131 4037.523 3773.175 4266.398
1.133 4042.477 3778.502 4271.116
1.134 4047.407 3783.863 4275.797
1.135 4052.314 3789.175 4280.514
1.136 4057.198 3794.457 4285.12
1.138 4062.061 3799.639 4289.765
1.139 4066.901 3804.718 4294.385
1.14 4071.72 3809.768 4298.985
1.142 4076.518 3814.904 4303.621
1.143 4081.295 3820.028 4308.142
1.144 4086.052 3825.133 4312.696
1.145 4090.788 3830.168 4317.205
1.147 4095.504 3835.286 4321.651
1.148 4100.201 3840.345 4326.12
1.149 4104.879 3845.372 4330.565
1.151 4109.537 3850.376 4334.99
1.152 4114.177 3855.34 4339.407
1.153 4118.798 3860.299 4343.839
1.155 4123.401 3865.265 4348.236
1.156 4127.987 3870.221 4352.586
1.157 4132.554 3875.101 4356.999
1.159 4137.104 3879.99 4361.33
1.16 4141.638 3884.851 4365.65
1.161 4146.154 3889.651 4369.995
1.163 4150.653 3894.419 4374.304
1.164 4155.137 3899.159 4378.536
1.166 4159.604 3903.93 4382.821
1.167 4164.055 3908.646 4387.099
1.168 4168.49 3913.394 4391.294
1.17 4172.91 3918.085 4395.556
1.171 4177.314 3922.819 4399.82
1.172 4181.704 3927.444 4404.032
1.174 4186.078 3932.183 4408.169
1.175 4190.438 3936.835 4412.344
1.176 4194.784 3941.507 4416.504
1.178 4199.115 3946.143 4420.667
1.179 4203.432 3950.736 4424.739
1.181 4207.735 3955.283 4428.894
1.182 4212.025 3959.838 4432.949
1.183 4216.301 3964.476 4437.059
1.185 4220.563 3969.07 4441.104
1.186 4224.813 3973.592 4445.14
1.188 4229.049 3978.014 4449.207
1.189 4233.273 3982.453 4453.265
1.19 4237.484 3986.91 4457.326
1.192 4241.682 3991.437 4461.293
1.193 4245.868 3995.924 4465.285
1.195 4250.042 4000.391 4469.271
1.196 4254.204 4004.845 4473.311
1.198 4258.354 4009.257 4477.316
1.199 4262.492 4013.686 4481.306
1.2 4266.619 4018.119 4485.277
1.202 4270.734 4022.527 4489.183
1.203 4274.838 4026.837 4493.123
1.205 4278.931 4031.164 4497.093
1.206 4283.012 4035.541 4501.003
1.208 4287.083 4039.917 4504.875
1.209 4291.144 4044.228 4508.798
1.211 4295.193 4048.5 4512.689
1.212 4299.232 4052.836 4516.519
1.214 4303.261 4057.101 4520.385
1.215 4307.28 4061.374 4524.242
1.217 4311.288 4065.716 4528.134
1.218 4315.286 4070.012 4531.976
1.22 4319.275 4074.201 4535.83
1.221 4323.254 4078.342 4539.598
1.222 4327.223 4082.53 4543.466
1.224 4331.183 4086.777 4547.304
1.225 4335.133 4090.956 4551.143
1.227 4339.074 4095.165 4554.904
1.229 4343.006 4099.277 4558.681
1.23 4346.929 4103.441 4562.438
1.232 4350.843 4107.538 4566.143
1.233 4354.748 4111.737 4569.915
1.235 4358.645 4115.831 4573.662
1.236 4362.532 4119.934 4577.442
1.238 4366.412 4124.086 4581.175
1.239 4370.282 4128.213 4584.885
1.241 4374.145 4132.345 4588.6
1.242 4377.999 4136.404 4592.316
1.244 4381.845 4140.494 4596.046
1.245 4385.683 4144.519 4599.75
1.247 4389.513 4148.536 4603.476
1.248 4393.335 4152.571 4607.174
1.25 4397.149 4156.58 4610.872
1.252 4400.956 4160.525 4614.558
1.253 4404.755 4164.549 4618.258
1.255 4408.547 4168.525 4621.909
1.256 4412.331 4172.581 4625.546
1.258 4416.108 4176.548 4629.165
1.259 4419.878 4180.443 4632.791
1.261 4423.64 4184.35 4636.378
1.263 4427.395 4188.438 4640.003
1.264 4431.144 4192.439 4643.559
1.266 4434.885 4196.328 4647.184
1.267 4438.62 4200.309 4650.792
1.269 4442.348 4204.249 4654.438
1.271 4446.069 4208.12 4658.058
1.272 4449.783 4212.061 4661.617
1.274 4453.491 4215.956 4665.186
1.276 4457.193 4219.899 4668.776
1.277 4460.888 4223.846 4672.328
1.279 4464.577 4227.675 4675.93
1.28 4468.259 4231.575 4679.467
1.282 4471.936 4235.489 4682.996
1.284 4475.606 4239.341 4686.525
1.285 4479.27 4243.09 4690.076
1.287 4482.929 4246.956 4693.582
1.289 4486.581 4250.748 4697.068
1.29 4490.228 4254.574 4700.64
1.292 4493.869 4258.366 4704.145
1.294 4497.504 4262.177 4707.657
1.295 4501.133 4266.049 4711.146
1.297 4504.757 4269.833 4714.68
1.299 4508.375 4273.676 4718.184
1.3 4511.988 4277.429 4721.615
1.302 4515.596 4281.209 4725.062
1.304 4519.198 4284.998 4728.546
1.305 4522.795 4288.806 4732.011
1.307 4526.387 4292.573 4735.499
1.309 4529.974 4296.35 4738.968
1.311 4533.555 4300.145 4742.416
1.312 4537.132 4303.931 4745.898
1.314 4540.703 4307.648 4749.354
1.316 4544.27 4311.462 4752.78
1.318 4547.832 4315.231 4756.223
1.319 4551.389 4318.95 4759.626
1.321 4554.941 4322.666 4763.083
1.323 4558.489 4326.353 4766.495
1.325 4562.032 4329.965 4769.934
1.326 4565.57 4333.671 4773.35
1.328 4569.104 4337.36 4776.779
1.33 4572.633 4341.061 4780.218
1.332 4576.158 4344.738 4783.631
1.333 4579.679 4348.423 4787.056
1.335 4583.195 4352.104 4790.445
1.337 4586.707 4355.795 4793.865
1.339 4590.215 4359.427 4797.214
1.34 4593.718 4363.067 4800.611
1.342 4597.218 4366.722 4804.033
1.344 4600.713 4370.37 4807.395
1.346 4604.204 4374.084 4810.776
1.348 4607.692 4377.717 4814.137
1.35 4611.175 4381.349 4817.521
1.351 4614.655 4385.063 4820.888
1.353 4618.13 4388.652 4824.27
1.355 4621.602 4392.266 4827.648
1.357 4625.071 4395.912 4831.002
1.359 4628.535 4399.549 4834.311
1.361 4631.996 4403.161 4837.703
1.362 4635.453 4406.773 4841.044
1.364 4638.907 4410.456 4844.422
1.366 4642.357 4414.102 4847.761
1.368 4645.803 4417.711 4851.062
1.37 4649.247 4421.259 4854.417
1.372 4652.687 4424.843 4857.722
1.374 4656.123 4428.415 4861.064
1.376 4659.556 4431.97 4864.421
1.377 4662.986 4435.54 4867.755
1.379 4666.413 4439.136 4871.074
1.381 4669.836 4442.607 4874.432
1.383 4673.256 4446.156 4877.777
1.385 4676.674 4449.707 4881.086
1.387 4680.088 4453.303 4884.4
1.389 4683.499 4456.909 4887.706
1.391 4686.907 4460.502 4891.007
1.393 4690.312 4464.077 4894.312
1.395 4693.715 4467.59 4897.628
1.397 4697.114 4471.144 4900.903
1.399 4700.511 4474.689 4904.174
1.401 4703.904 4478.223 4907.484
1.403 4707.295 4481.741 4910.757
1.404 4710.684 4485.271 4914.055
1.406 4714.069 4488.778 4917.394
1.408 4717.452 4492.323 4920.668
1.41 4720.833 4495.879 4923.961
1.412 4724.21 4499.362 4927.259
1.414 4727.586 4502.81 4930.597
1.416 4730.958 4506.293 4933.89
1.418 4734.329 4509.786 4937.173
1.42 4737.696 4513.262 4940.467
1.422 4741.062 4516.761 4943.76
1.425 4744.425 4520.212 4947.037
1.427 4747.786 4523.722 4950.328
1.429 4751.144 4527.237 4953.589
1.431 4754.5 4530.741 4956.845
1.433 4757.854 4534.263 4960.092
1.435 4761.206 4537.737 4963.346
1.437 4764.555 4541.202 4966.62
1.439 4767.903 4544.727 4969.845
1.441 4771.248 4548.218 4973.109
1.443 4774.592 4551.664 4976.4
1.445 4777.933 4555.093 4979.69
1.447 4781.272 4558.55 4982.997
1.449 4784.609 4562.014 4986.273
1.451 4787.945 4565.521 4989.532
1.453 4791.278 4568.987 4992.823
1.456 4794.61 4572.465 4996.126
1.458 4797.94 4575.85 4999.413
1.46 4801.268 4579.326 5002.697
1.462 4804.594 4582.776 5005.9
1.464 4807.918 4586.246 5009.146
1.466 4811.241 4589.654 5012.388
1.468 4814.562 4593.087 5015.692
1.471 4817.881 4596.508 5018.954
1.473 4821.199 4600.042 5022.222
1.475 4824.515 4603.435 5025.442
1.477 4827.83 4606.813 5028.672
1.479 4831.143 4610.249 5031.924
1.481 4834.454 4613.677 5035.157
1.484 4837.764 4617.109 5038.388
1.486 4841.073 4620.466 5041.679
1.488 4844.38 4623.866 5044.902
1.49 4847.686 4627.323 5048.105
1.493 4850.99 4630.802 5051.361
1.495 4854.293 4634.197 5054.572
1.497 4857.595 4637.596 5057.817
1.499 4860.895 4640.933 5061.027
1.502 4864.195 4644.325 5064.277
1.504 4867.493 4647.693 5067.488
1.506 4870.79 4651.047 5070.734
1.508 4874.085 4654.467 5073.933
1.511 4877.38 4657.885 5077.159
1.513 4880.673 4661.237 5080.356
1.515 4883.965 4664.612 5083.576
1.517 4887.257 4668.039 5086.731
1.52 4890.547 4671.517 5089.942
1.522 4893.836 4674.92 5093.131
1.524 4897.124 4678.26 5096.309
1.527 4900.411 4681.584 5099.486
1.529 4903.698 4684.94 5102.668
1.531 4906.983 4688.296 5105.94
1.534 4910.268 4691.731 5109.157
1.536 4913.551 4695.087 5112.327
1.538 4916.834 4698.467 5115.588
1.541 4920.116 4701.914 5118.806
1.543 4923.398 4705.282 5122.023
1.546 4926.678 4708.666 5125.229
1.548 4929.958 4711.978 5128.427
1.55 4933.237 4715.352 5131.646
1.553 4936.516 4718.71 5134.929
1.555 4939.794 4722.095 5138.159
1.558 4943.071 4725.445 5141.322
1.56 4946.347 4728.756 5144.565
1.563 4949.624 4732.139 5147.81
1.565 4952.899 4735.498 5150.987
1.567 4956.174 4738.914 5154.199
1.57 4959.449 4742.256 5157.435
1.572 4962.723 4745.653 5160.68
1.575 4965.996 4749.047 5163.902
1.577 4969.269 4752.469 5167.115
1.58 4972.542 4755.902 5170.291
1.582 4975.814 4759.274 5173.518
1.585 4979.087 4762.607 5176.703
1.587 4982.358 4765.927 5179.904
1.59 4985.63 4769.275 5183.137
1.592 4988.901 4772.66 5186.362
1.595 4992.172 4776.034 5189.566
1.597 4995.442 4779.402 5192.744
1.6 4998.713 4782.763 5196.031
1.603 5001.983 4786.123 5199.254
1.605 5005.253 4789.462 5202.441
1.608 5008.523 4792.806 5205.704
1.61 5011.793 4796.135 5208.91
1.613 5015.063 4799.461 5212.146
1.616 5018.333 4802.783 5215.34
1.618 5021.603 4806.072 5218.55
1.621 5024.872 4809.403 5221.724
1.623 5028.142 4812.754 5224.928
1.626 5031.412 4816.079 5228.104
1.629 5034.682 4819.468 5231.318
1.631 5037.951 4822.796 5234.527
1.634 5041.221 4826.124 5237.75
1.637 5044.491 4829.517 5240.948
1.639 5047.762 4832.876 5244.181
1.642 5051.032 4836.159 5247.39
1.645 5054.303 4839.468 5250.585
1.647 5057.574 4842.756 5253.788
1.65 5060.845 4846.114 5257.079
1.653 5064.116 4849.514 5260.273
1.656 5067.388 4852.832 5263.457
1.658 5070.659 4856.18 5266.658
1.661 5073.932 4859.538 5269.858
1.664 5077.204 4862.839 5273.124
1.667 5080.477 4866.144 5276.315
1.669 5083.751 4869.42 5279.487
1.672 5087.024 4872.723 5282.673
1.675 5090.299 4876.047 5285.909
1.678 5093.573 4879.423 5289.102
1.681 5096.848 4882.8 5292.292
1.684 5100.124 4886.159 5295.523
1.686 5103.4 4889.507 5298.722
1.689 5106.677 4892.851 5301.981
1.692 5109.954 4896.184 5305.213
1.695 5113.232 4899.535 5308.403
1.698 5116.511 4902.892 5311.645
1.701 5119.79 4906.238 5314.897
1.704 5123.07 4909.603 5318.14
1.706 5126.35 4912.908 5321.365
1.709 5129.632 4916.231 5324.605
1.712 5132.914 4919.604 5327.794
1.715 5136.196 4922.979 5330.972
1.718 5139.48 4926.308 5334.166
1.721 5142.764 4929.604 5337.354
1.724 5146.049 4933.006 5340.577
1.727 5149.335 4936.348 5343.776
1.73 5152.622 4939.702 5347.048
1.733 5155.91 4943.039 5350.292
1.736 5159.198 4946.371 5353.551
1.739 5162.488 4949.743 5356.779
1.742 5165.778 4953.12 5359.975
1.745 5169.07 4956.521 5363.241
1.748 5172.362 4959.868 5366.487
1.751 5175.656 4963.22 5369.719
1.754 5178.95 4966.574 5372.974
1.757 5182.246 4969.828 5376.223
1.761 5185.542 4973.153 5379.471
1.764 5188.84 4976.569 5382.701
1.767 5192.139 4979.846 5385.9
1.77 5195.439 4983.218 5389.198
1.773 5198.74 4986.499 5392.442
1.776 5202.042 4989.83 5395.687
1.779 5205.346 4993.177 5398.927
1.783 5208.651 4996.513 5402.211
1.786 5211.957 4999.873 5405.415
1.789 5215.264 5003.235 5408.689
1.792 5218.573 5006.597 5411.957
1.795 5221.883 5009.991 5415.237
1.799 5225.194 5013.344 5418.502
1.802 5228.507 5016.73 5421.753
1.805 5231.821 5020.146 5425.002
1.808 5235.136 5023.501 5428.314
1.812 5238.453 5026.931 5431.6
1.815 5241.772 5030.283 5434.909
1.818 5245.092 5033.689 5438.212
1.821 5248.413 5037.01 5441.466
1.825 5251.736 5040.434 5444.696
1.828 5255.06 5043.774 5447.977
1.832 5258.386 5047.157 5451.295
1.835 5261.714 5050.574 5454.606
1.838 5265.043 5053.95 5457.897
1.842 5268.374 5057.301 5461.156
1.845 5271.706 5060.679 5464.452
1.848 5275.04 5064.012 5467.789
1.852 5278.376 5067.443 5471.056
1.855 5281.714 5070.907 5474.38
1.859 5285.053 5074.315 5477.693
1.862 5288.394 5077.722 5480.98
1.866 5291.737 5081.098 5484.274
1.869 5295.081 5084.481 5487.569
1.873 5298.428 5087.805 5490.865
1.876 5301.776 5091.159 5494.164
1.88 5305.126 5094.546 5497.462
1.883 5308.479 5097.911 5500.762
1.887 5311.833 5101.316 5504.117
1.89 5315.189 5104.702 5507.392
1.894 5318.547 5108.148 5510.704
1.898 5321.906 5111.518 5514.065
1.901 5325.268 5114.913 5517.369
1.905 5328.632 5118.302 5520.681
1.908 5331.998 5121.712 5524.027
1.912 5335.367 5125.159 5527.367
1.916 5338.737 5128.519 5530.713
1.919 5342.109 5131.97 5534.032
1.923 5345.484 5135.402 5537.364
1.927 5348.86 5138.777 5540.742
1.931 5352.239 5142.155 5544.168
1.934 5355.62 5145.58 5547.515
1.938 5359.003 5149.012 5550.839
1.942 5362.389 5152.4 5554.216
1.946 5365.777 5155.82 5557.568
1.949 5369.167 5159.259 5560.921
1.953 5372.56 5162.657 5564.303
1.957 5375.954 5166.113 5567.624
1.961 5379.352 5169.518 5570.999
1.965 5382.751 5172.899 5574.413
1.969 5386.153 5176.319 5577.82
1.972 5389.558 5179.782 5581.173
1.976 5392.965 5183.212 5584.506
1.98 5396.374 5186.718 5587.906
1.984 5399.786 5190.134 5591.279
1.988 5403.201 5193.565 5594.659
1.992 5406.618 5197.033 5598.042
1.996 5410.038 5200.475 5601.475
2 5413.46 5203.938 5604.866
2.004 5416.885 5207.362 5608.282
2.008 5420.313 5210.809 5611.613
2.012 5423.743 5214.251 5615.017
2.016 5427.176 5217.712 5618.413
2.02 5430.612 5221.138 5621.836
2.024 5434.051 5224.659 5625.215
2.028 5437.492 5228.143 5628.599
2.033 5440.936 5231.62 5632.047
2.037 5444.383 5235.095 5635.463
2.041 5447.833 5238.579 5638.858
2.045 5451.286 5242.077 5642.25
2.049 5454.742 5245.548 5645.653
2.053 5458.2 5249.065 5649.059
2.058 5461.662 5252.527 5652.453
2.062 5465.126 5256.054 5655.901
2.066 5468.594 5259.552 5659.34
2.07 5472.065 5263.055 5662.772
2.075 5475.538 5266.572 5666.185
2.079 5479.015 5270.053 5669.627
2.083 5482.495 5273.578 5673.064
2.088 5485.978 5277.119 5676.502
2.092 5489.464 5280.65 5679.993
2.096 5492.953 5284.128 5683.472
2.101 5496.446 5287.629 5686.923
2.105 5499.942 5291.133 5690.419
2.11 5503.441 5294.617 5693.862
2.114 5506.943 5298.167 5697.345
2.119 5510.449 5301.701 5700.832
2.123 5513.958 5305.247 5704.351
2.128 5517.471 5308.739 5707.837
2.132 5520.986 5312.258 5711.346
2.137 5524.506 5315.845 5714.857
2.141 5528.029 5319.389 5718.361
2.146 5531.555 5322.944 5721.914
2.151 5535.084 5326.489 5725.43
2.155 5538.618 5330.046 5728.954
2.16 5542.155 5333.553 5732.471
2.165 5545.695 5337.14 5736.001
2.169 5549.239 5340.685 5739.542
2.174 5552.787 5344.271 5743.108
2.179 5556.338 5347.857 5746.667
2.183 5559.893 5351.44 5750.198
2.188 5563.452 5355.015 5753.728
2.193 5567.014 5358.655 5757.29
2.198 5570.581 5362.245 5760.872
2.203 5574.151 5365.88 5764.426
2.208 5577.725 5369.461 5767.999
2.212 5581.303 5373.034 5771.542
2.217 5584.885 5376.663 5775.115
2.222 5588.47 5380.221 5778.714
2.227 5592.06 5383.812 5782.353
2.232 5595.654 5387.383 5785.977
2.237 5599.251 5390.992 5789.577
2.242 5602.853 5394.606 5793.182
2.247 5606.459 5398.282 5796.783
2.252 5610.069 5401.887 5800.441
2.257 5613.683 5405.506 5804.062
2.262 5617.301 5409.102 5807.662
2.268 5620.923 5412.738 5811.3
2.273 5624.55 5416.392 5814.933
2.278 5628.181 5420.036 5818.553
2.283 5631.816 5423.64 5822.206
2.288 5635.455 5427.311 5825.808
2.294 5639.099 5431.005 5829.44
2.299 5642.747 5434.659 5833.009
2.304 5646.4 5438.328 5836.615
2.309 5650.057 5441.994 5840.218
2.315 5653.719 5445.58 5843.88
2.32 5657.385 5449.239 5847.568
2.326 5661.055 5452.93 5851.238
2.331 5664.73 5456.597 5854.913
2.336 5668.41 5460.283 5858.594
2.342 5672.094 5463.967 5862.291
2.347 5675.783 5467.663 5865.936
2.353 5679.477 5471.368 5869.64
2.358 5683.176 5475.088 5873.31
2.364 5686.879 5478.825 5876.984
2.37 5690.587 5482.518 5880.679
2.375 5694.3 5486.232 5884.4
2.381 5698.017 5489.984 5888.136
2.387 5701.74 5493.695 5891.857
2.392 5705.468 5497.456 5895.585
2.398 5709.2 5501.151 5899.284
2.404 5712.938 5504.869 5903.008
2.41 5716.68 5508.598 5906.757
2.415 5720.428 5512.345 5910.519
2.421 5724.18 5516.092 5914.279
2.427 5727.938 5519.8 5918.074
2.433 5731.701 5523.585 5921.791
2.439 5735.469 5527.329 5925.511
2.445 5739.243 5531.083 5929.269
2.451 5743.022 5534.866 5933.053
2.457 5746.806 5538.72 5936.875
2.463 5750.595 5542.515 5940.643
2.469 5754.39 5546.319 5944.476
2.475 5758.19 5550.063 5948.308
2.481 5761.996 5553.931 5952.057
2.488 5765.807 5557.753 5955.819
2.494 5769.624 5561.513 5959.608
2.5 5773.446 5565.35 5963.383
2.506 5777.274 5569.155 5967.161
2.513 5781.108 5573.021 5970.959
2.519 5784.947 5576.827 5974.779
2.525 5788.792 5580.661 5978.572
2.532 5792.643 5584.453 5982.422
2.538 5796.499 5588.314 5986.321
2.545 5800.362 5592.184 5990.134
2.551 5804.23 5596.07 5993.996
2.558 5808.104 5599.923 5997.841
2.564 5811.985 5603.799 6001.688
2.571 5815.871 5607.655 6005.588
2.577 5819.763 5611.574 6009.458
2.584 5823.661 5615.435 6013.38
2.591 5827.566 5619.31 6017.274
2.597 5831.476 5623.242 6021.155
2.604 5835.393 5627.163 6025.073
2.611 5839.316 5631.108 6029.01
2.618 5843.246 5635.028 6032.985
2.625 5847.182 5638.992 6036.978
2.632 5851.124 5642.882 6040.913
2.639 5855.072 5646.763 6044.858
2.646 5859.027 5650.653 6048.832
2.653 5862.989 5654.517 6052.778
2.66 5866.957 5658.44 6056.722
2.667 5870.931 5662.388 6060.692
2.674 5874.913 5666.371 6064.666
2.681 5878.901 5670.363 6068.662
2.688 5882.896 5674.328 6072.656
2.695 5886.897 5678.36 6076.613
2.703 5890.905 5682.354 6080.658
2.71 5894.921 5686.343 6084.677
2.717 5898.943 5690.323 6088.737
2.725 5902.972 5694.322 6092.705
2.732 5907.008 5698.321 6096.747
2.74 5911.051 5702.398 6100.806
2.747 5915.101 5706.406 6104.875
2.755 5919.159 5710.458 6109.014
2.762 5923.224 5714.485 6113.077
2.77 5927.295 5718.444 6117.154
2.778 5931.375 5722.513 6121.263
2.786 5935.461 5726.525 6125.351
2.793 5939.555 5730.571 6129.456
2.801 5943.657 5734.637 6133.541
2.809 5947.765 5738.736 6137.617
2.817 5951.882 5742.783 6141.744
2.825 5956.006 5746.852 6145.869
2.833 5960.138 5750.914 6150.047
2.841 5964.277 5754.977 6154.198
2.849 5968.424 5759.099 6158.414
2.857 5972.579 5763.214 6162.616
2.865 5976.742 5767.323 6166.81
2.874 5980.913 5771.404 6170.998
2.882 5985.092 5775.501 6175.241
2.89 5989.279 5779.648 6179.474
2.899 5993.474 5783.819 6183.713
2.907 5997.677 5787.973 6187.967
2.915 6001.888 5792.152 6192.171
2.924 6006.107 5796.28 6196.418
2.933 6010.335 5800.404 6200.74
2.941 6014.571 5804.546 6205.028
2.95 6018.816 5808.743 6209.317
2.959 6023.069 5812.959 6213.614
2.967 6027.331 5817.139 6217.959
2.976 6031.601 5821.328 6222.277
2.985 6035.88 5825.485 6226.606
2.994 6040.168 5829.748 6230.894
3.003 6044.464 5833.96 6235.273
3.012 6048.769 5838.206 6239.592
3.021 6053.084 5842.497 6243.89
3.03 6057.407 5846.727 6248.227
3.04 6061.739 5851.012 6252.622
3.049 6066.08 5855.262 6257.052
3.058 6070.431 5859.583 6261.435
3.067 6074.791 5863.953 6265.834
3.077 6079.159 5868.325 6270.233
3.086 6083.538 5872.643 6274.668
3.096 6087.926 5877.019 6279.075
3.106 6092.323 5881.39 6283.463
3.115 6096.73 5885.735 6287.902
3.125 6101.146 5890.071 6292.29
3.135 6105.572 5894.464 6296.729
3.145 6110.008 5898.782 6301.198
3.155 6114.454 5903.152 6305.658
3.165 6118.909 5907.561 6310.197
3.175 6123.375 5911.939 6314.699
3.185 6127.851 5916.331 6319.206
3.195 6132.336 5920.773 6323.737
3.205 6136.832 5925.212 6328.263
3.215 6141.339 5929.628 6332.837
3.226 6145.855 5934.115 6337.47
3.236 6150.382 5938.575 6342.03
3.247 6154.92 5943.036 6346.551
3.257 6159.468 5947.474 6351.182
3.268 6164.026 5951.967 6355.808
3.279 6168.596 5956.503 6360.469
3.289 6173.176 5960.997 6365.027
3.3 6177.767 5965.552 6369.643
3.311 6182.369 5970.009 6374.289
3.322 6186.982 5974.569 6378.927
3.333 6191.606 5979.138 6383.649
3.344 6196.241 5983.67 6388.325
3.356 6200.888 5988.245 6393.028
3.367 6205.546 5992.747 6397.718
3.378 6210.215 5997.35 6402.475
3.39 6214.896 6001.919 6407.188
3.401 6219.589 6006.481 6411.905
3.413 6224.293 6011.098 6416.637
3.425 6229.01 6015.718 6421.449
3.436 6233.738 6020.407 6426.172
3.448 6238.477 6025.046 6430.959
3.46 6243.23 6029.662 6435.811
3.472 6247.994 6034.375 6440.623
3.484 6252.77 6039.036 6445.481
3.497 6257.559 6043.7 6450.314
3.509 6262.36 6048.38 6455.093
3.521 6267.174 6053.102 6459.975
3.534 6272 6057.862 6464.867
3.546 6276.839 6062.695 6469.821
3.559 6281.691 6067.455 6474.695
3.571 6286.556 6072.23 6479.624
3.584 6291.434 6077.036 6484.618
3.597 6296.325 6081.822 6489.576
3.61 6301.229 6086.601 6494.589
3.623 6306.147 6091.399 6499.663
3.636 6311.078 6096.245 6504.694
3.65 6316.022 6101.079 6509.777
3.663 6320.98 6105.894 6514.802
3.676 6325.952 6110.764 6519.884
3.69 6330.938 6115.676 6524.955
3.704 6335.938 6120.55 6530.051
3.717 6340.951 6125.453 6535.175
3.731 6345.979 6130.434 6540.264
3.745 6351.022 6135.37 6545.394
3.759 6356.078 6140.345 6550.57
3.774 6361.149 6145.273 6555.731
3.788 6366.235 6150.286 6560.932
3.802 6371.336 6155.326 6566.08
3.817 6376.451 6160.32 6571.217
3.831 6381.582 6165.269 6576.442
3.846 6386.728 6170.173 6581.748
3.861 6391.888 6175.186 6587.074
3.876 6397.065 6180.199 6592.326
3.891 6402.257 6185.224 6597.662
3.906 6407.464 6190.287 6602.955
3.922 6412.687 6195.432 6608.257
3.937 6417.926 6200.529 6613.566
3.953 6423.181 6205.551 6618.996
3.968 6428.453 6210.685 6624.391
3.984 6433.74 6215.843 6629.783
4 6439.044 6221.019 6635.232
4.016 6444.365 6226.153 6640.671
4.032 6449.702 6231.352 6646.146
4.049 6455.056 6236.559 6651.594
4.065 6460.427 6241.84 6657.094
4.082 6465.815 6247.079 6662.634
4.098 6471.221 6252.319 6668.168
4.115 6476.644 6257.568 6673.651
4.132 6482.084 6262.838 6679.25
4.149 6487.543 6268.162 6684.824
4.167 6493.019 6273.429 6690.429
4.184 6498.513 6278.728 6696.038
4.202 6504.025 6284.127 6701.668
4.219 6509.556 6289.461 6707.353
4.237 6515.106 6294.803 6713.025
4.255 6520.674 6300.229 6718.691
4.274 6526.26 6305.599 6724.437
4.292 6531.866 6311.006 6730.165
4.31 6537.491 6316.477 6735.982
4.329 6543.136 6321.951 6741.799
4.348 6548.8 6327.421 6747.59
4.367 6554.483 6333.011 6753.383
4.386 6560.187 6338.517 6759.206
4.405 6565.911 6344.144 6765.107
4.425 6571.655 6349.704 6770.999
4.444 6577.419 6355.291 6776.913
4.464 6583.204 6360.897 6782.831
4.484 6589.01 6366.542 6788.779
4.505 6594.836 6372.219 6794.708
4.525 6600.685 6377.871 6800.767
4.545 6606.554 6383.611 6806.748
4.566 6612.445 6389.36 6812.754
4.587 6618.358 6395.045 6818.782
4.608 6624.293 6400.742 6824.91
4.63 6630.25 6406.426 6831.08
4.651 6636.229 6412.22 6837.18
4.673 6642.232 6418.03 6843.274
4.695 6648.257 6423.844 6849.52
4.717 6654.305 6429.661 6855.742
4.739 6660.376 6435.494 6862.015
4.762 6666.471 6441.353 6868.254
4.785 6672.59 6447.254 6874.61
4.808 6678.733 6453.217 6880.959
4.831 6684.9 6459.193 6887.372
4.854 6691.091 6465.085 6893.797
4.878 6697.308 6471.033 6900.204
4.902 6703.549 6476.986 6906.632
4.926 6709.815 6482.986 6913.046
4.95 6716.107 6489.076 6919.479
4.975 6722.425 6495.109 6926.008
5 6728.768 6501.171 6932.596
5.025 6735.138 6507.283 6939.165
5.051 6741.535 6513.467 6945.748
5.076 6747.958 6519.653 6952.41
5.102 6754.408 6525.892 6959.042
5.128 6760.886 6532.127 6965.769
5.155 6767.391 6538.361 6972.472
5.181 6773.925 6544.655 6979.181
5.208 6780.486 6551.011 6985.9
5.236 6787.076 6557.325 6992.606
5.263 6793.695 6563.648 6999.546
5.291 6800.343 6570.035 7006.453
5.319 6807.021 6576.393 7013.34
5.348 6813.728 6582.791 7020.333
5.376 6820.465 6589.244 7027.381
5.405 6827.233 6595.7 7034.465
5.435 6834.032 6602.163 7041.548
5.464 6840.861 6608.702 7048.606
5.495 6847.722 6615.33 7055.725
5.525 6854.615 6621.91 7062.892
5.556 6861.54 6628.548 7069.947
5.587 6868.498 6635.196 7077.152
5.618 6875.488 6641.896 7084.501
5.65 6882.512 6648.62 7091.843
5.682 6889.569 6655.372 7099.22
5.714 6896.66 6662.101 7106.618
5.747 6903.786 6668.883 7113.973
5.78 6910.947 6675.732 7121.481
5.814 6918.142 6682.612 7129.021
5.848 6925.374 6689.482 7136.527
5.882 6932.641 6696.374 7144.067
5.917 6939.945 6703.417 7151.585
5.952 6947.286 6710.451 7159.283
5.988 6954.664 6717.377 7167.065
6.024 6962.08 6724.465 7174.878
6.061 6969.534 6731.602 7182.593
6.098 6977.027 6738.689 7190.406
6.135 6984.56 6745.721 7198.277
6.173 6992.131 6752.859 7206.133
6.211 6999.744 6760.028 7214.088
6.25 7007.396 6767.302 7222.054
6.289 7015.09 6774.617 7230.107
6.329 7022.826 6781.99 7238.206
6.369 7030.604 6789.313 7246.404
6.41 7038.424 6796.837 7254.617
6.452 7046.288 6804.306 7262.891
6.494 7054.196 6811.804 7271.12
6.536 7062.149 6819.37 7279.431
6.579 7070.146 6826.902 7287.844
6.623 7078.189 6834.516 7296.205
6.667 7086.279 6842.25 7304.746
6.711 7094.415 6849.979 7313.364
6.757 7102.599 6857.717 7321.976
6.803 7110.831 6865.429 7330.662
6.849 7119.111 6873.21 7339.412
6.897 7127.441 6880.964 7348.205
6.944 7135.822 6888.938 7357.062
6.993 7144.253 6896.905 7365.951
7.042 7152.736 6904.958 7374.828
7.092 7161.271 6912.911 7383.842
7.143 7169.859 6921.015 7392.896
7.194 7178.5 6929.17 7401.956
7.246 7187.197 6937.369 7411.17
7.299 7195.949 6945.554 7420.365
7.353 7204.756 6953.789 7429.717
7.407 7213.621 6962.172 7439.144
7.463 7222.544 6970.486 7448.589
7.519 7231.525 6978.886 7458.052
7.576 7240.566 6987.431 7467.547
7.634 7249.668 6996.006 7477.227
7.692 7258.83 7004.717 7486.961
7.752 7268.056 7013.405 7496.727
7.812 7277.344 7022.117 7506.594
7.874 7286.697 7030.916 7516.536
7.937 7296.115 7039.779 7526.533
8 7305.599 7048.572 7536.711
8.065 7315.151 7057.491 7546.836
8.13 7324.771 7066.55 7557.06
8.197 7334.461 7075.619 7567.435
8.264 7344.221 7084.707 7577.93
8.333 7354.053 7093.788 7588.402
8.403 7363.959 7102.911 7598.851
8.475 7373.938 7112.156 7609.573
8.547 7383.993 7121.435 7620.375
8.621 7394.125 7130.853 7631.28
8.696 7404.335 7140.279 7642.213
8.772 7414.625 7149.819 7653.213
8.85 7424.996 7159.433 7664.175
8.929 7435.448 7169.152 7675.204
9.009 7445.985 7178.844 7686.403
9.091 7456.607 7188.628 7697.795
9.174 7467.315 7198.604 7709.236
9.259 7478.112 7208.604 7720.696
9.346 7488.999 7218.725 7732.413
9.434 7499.978 7228.703 7744.237
9.524 7511.05 7238.981 7756.167
9.615 7522.217 7249.329 7768.151
9.709 7533.482 7259.848 7780.308
9.804 7544.845 7270.293 7792.607
9.901 7556.308 7280.946 7804.798
10 7567.875 7291.455 7817.269
10.101 7579.547 7302.295 7829.866
10.204 7591.325 7313.166 7842.66
10.309 7603.212 7324.18 7855.416
10.417 7615.211 7335.144 7868.451
10.526 7627.323 7346.353 7881.644
10.638 7639.552 7357.614 7894.885
10.753 7651.898 7368.929 7908.268
10.87 7664.366 7380.224 7921.697
10.989 7676.957 7391.796 7935.322
11.111 7689.674 7403.463 7949.204
11.236 7702.521 7415.191 7963.371
11.364 7715.499 7427.047 7977.553
11.494 7728.612 7438.985 7991.787
11.628 7741.864 7451.042 8006.125
11.765 7755.256 7463.245 8020.866
11.905 7768.793 7475.454 8035.626
12.048 7782.477 7487.881 8050.514
12.195 7796.313 7500.414 8065.56
12.346 7810.304 7513.049 8080.755
12.5 7824.454 7525.797 8096.18
12.658 7838.766 7538.641 8111.786
12.821 7853.246 7551.783 8127.608
12.987 7867.896 7564.946 8143.779
13.158 7882.722 7578.308 8160.034
13.333 7897.728 7591.794 8176.532
13.514 7912.919 7605.503 8193.279
13.699 7928.299 7619.447 8210.406
13.889 7943.874 7633.413 8227.615
14.085 7959.65 7647.713 8245.095
14.286 7975.632 7662.138 8262.752
14.493 7991.825 7676.636 8280.641
14.706 8008.236 7691.353 8298.95
14.925 8024.871 7706.381 8317.39
15.152 8041.737 7721.491 8335.953
15.385 8058.84 7736.67 8354.839
15.625 8076.189 7752.258 8374.117
15.873 8093.79 7767.981 8393.669
16.129 8111.651 7783.852 8413.544
16.393 8129.781 7799.983 8433.53
16.667 8148.189 7816.376 8453.918
16.949 8166.883 7832.967 8475.011
17.241 8185.874 7849.958 8496.247
17.544 8205.171 7867.098 8518.01
17.857 8224.785 7884.467 8540.181
18.182 8244.728 7901.931 8562.694
18.519 8265.01 7919.889 8585.616
18.868 8285.645 7938.065 8609.008
19.231 8306.647 7956.556 8632.548
19.608 8328.027 7975.262 8656.612
20 8349.803 7994.305 8681.145
20.408 8371.989 8013.877 8706.063
20.833 8394.601 8033.596 8731.848
21.277 8417.658 8053.91 8757.996
21.739 8441.178 8074.61 8784.742
22.222 8465.182 8095.628 8812.047
22.727 8489.689 8116.839 8839.953
23.256 8514.725 8138.361 8868.8
23.81 8540.312 8160.493 8898.187
24.39 8566.476 8183.128 8928.597
25 8593.247 8205.977 8959.472
25.641 8620.653 8229.574 8990.987
26.316 8648.728 8253.951 9023.343
27.027 8677.506 8278.683 9056.718
27.778 8707.025 8304.029 9090.889
28.571 8737.325 8329.96 9126.231
29.412 8768.453 8356.567 9162.448
30.303 8800.455 8383.595 9199.493
31.25 8833.385 8411.602 9237.599
32.258 8867.301 8440.483 9277.411
33.333 8902.265 8469.908 9318.226
34.483 8938.348 8500.537 9360.608
35.714 8975.626 8532.059 9404.196
37.037 9014.186 8564.19 9449.499
38.462 9054.121 8598.011 9496.542
40 9095.537 8632.747 9545.572
41.667 9138.554 8668.641 9596.833
43.478 9183.304 8705.726 9650.141
45.455 9229.938 8744.379 9705.852
47.619 9278.63 8784.289 9764.405
50 9329.574 8826.01 9825.68
52.632 9382.998 8869.542 9890.147
55.556 9439.165 8915.464 9958.411
58.824 9498.382 8963.679 10030.206
62.5 9561.011 9014.666 10106.576
66.667 9627.485 9068.381 10188.182
71.429 9698.322 9125.474 10275.333
76.923 9774.157 9186.004 10369.065
83.333 9855.773 9250.586 10470.2
90.909 9944.157 9320.076 10579.855
100 10040.574 9395.83 10701.084
111.111 10146.682 9478.472 10834.579
125 10264.718 9570.279 10985.425
142.857 10397.806 9672.591 11155.753
166.667 10550.497 9788.871 11353.496
200 10729.806 9923.139 11587.106
250 10947.404 10083.861 11874.632
333.333 11224.985 10286.448 12248.254
500 11610.711 10560.165 12777.384
1000 12255.675 11002.715 13691.843
1111.111 12352.155 11066.793 13831.512
1250 12459.532 11138.226 13988.717
1428.571 12580.659 11218.096 14165.621
1666.667 12719.693 11308.363 14371.265
2000 12883.041 11413.754 14616.913
2500 13081.364 11540.458 14918.777
3333.333 13334.475 11698.818 15307.934
5000 13686.365 11914.375 15862.06
10000 14275.035 12261.573 16816.8
