"Pr" "Mp" "Q_2" "Q_9"
1.01 3077.296 2622.887 3383.263
1.011 3109.648 2660.389 3412.835
1.012 3139.751 2695.172 3440.404
1.013 3167.939 2727.634 3466.056
1.014 3194.478 2757.967 3490.537
1.015 3219.578 2786.822 3513.667
1.016 3243.413 2814.391 3535.662
1.017 3266.123 2840.453 3556.415
1.018 3287.829 2865.274 3576.545
1.019 3308.63 2888.84 3595.804
1.02 3328.613 2911.767 3614.316
1.021 3347.851 2933.849 3632.171
1.022 3366.409 2955.122 3649.336
1.024 3384.341 2975.528 3665.81
1.025 3401.699 2995.201 3682.035
1.026 3418.523 3014.411 3697.705
1.027 3434.854 3032.986 3712.946
1.028 3450.726 3051.199 3727.686
1.029 3466.169 3068.75 3742.207
1.03 3481.211 3085.793 3756.281
1.031 3495.877 3102.366 3770.084
1.032 3510.189 3118.381 3783.626
1.033 3524.169 3134.32 3796.802
1.034 3537.836 3149.752 3809.667
1.035 3551.206 3164.722 3822.224
1.036 3564.295 3179.441 3834.486
1.037 3577.118 3193.891 3846.69
1.038 3589.688 3208.031 3858.549
1.04 3602.018 3221.955 3870.283
1.041 3614.12 3235.62 3881.648
1.042 3626.003 3248.891 3892.883
1.043 3637.678 3261.978 3904.097
1.044 3649.153 3274.987 3914.967
1.045 3660.439 3287.55 3925.71
1.046 3671.542 3299.932 3936.253
1.047 3682.47 3312.123 3946.671
1.048 3693.23 3324.048 3956.821
1.049 3703.83 3335.784 3966.904
1.05 3714.274 3347.331 3976.835
1.052 3724.569 3358.67 3986.771
1.053 3734.721 3370.046 3996.411
1.054 3744.735 3381.271 4005.995
1.055 3754.616 3392.371 4015.467
1.056 3764.368 3403.226 4024.78
1.057 3773.995 3413.867 4034.008
1.058 3783.503 3424.416 4043.006
1.059 3792.895 3434.619 4051.945
1.06 3802.175 3444.987 4060.813
1.062 3811.346 3454.971 4069.744
1.063 3820.411 3465.084 4078.501
1.064 3829.375 3475.087 4087.118
1.065 3838.241 3484.844 4095.593
1.066 3847.01 3494.375 4103.928
1.067 3855.686 3503.88 4112.21
1.068 3864.272 3513.426 4120.409
1.07 3872.77 3522.671 4128.451
1.071 3881.183 3531.971 4136.44
1.072 3889.514 3541.156 4144.392
1.073 3897.763 3550.196 4152.321
1.074 3905.935 3559.255 4160.223
1.075 3914.029 3568.106 4168.095
1.076 3922.05 3576.87 4175.794
1.078 3929.998 3585.553 4183.464
1.079 3937.876 3594.104 4190.985
1.08 3945.685 3602.695 4198.495
1.081 3953.427 3611.052 4205.898
1.082 3961.103 3619.425 4213.339
1.083 3968.716 3627.786 4220.771
1.085 3976.266 3636.105 4228.158
1.086 3983.756 3644.294 4235.415
1.087 3991.186 3652.449 4242.523
1.088 3998.559 3660.472 4249.564
1.089 4005.874 3668.48 4256.675
1.091 4013.135 3676.399 4263.744
1.092 4020.341 3684.165 4270.709
1.093 4027.494 3691.995 4277.602
1.094 4034.595 3699.727 4284.558
1.095 4041.646 3707.289 4291.403
1.096 4048.647 3715.002 4298.228
1.098 4055.6 3722.401 4304.95
1.099 4062.505 3729.932 4311.702
1.1 4069.363 3737.339 4318.425
1.101 4076.176 3744.738 4324.954
1.103 4082.945 3752.031 4331.513
1.104 4089.669 3759.546 4338.037
1.105 4096.351 3766.652 4344.519
1.106 4102.991 3773.846 4350.969
1.107 4109.589 3780.895 4357.352
1.109 4116.147 3787.819 4363.735
1.11 4122.665 3794.823 4370.091
1.111 4129.145 3801.783 4376.4
1.112 4135.586 3808.651 4382.641
1.114 4141.99 3815.495 4388.813
1.115 4148.357 3822.348 4394.958
1.116 4154.688 3829.03 4401.111
1.117 4160.984 3835.752 4407.257
1.119 4167.245 3842.523 4413.315
1.12 4173.472 3849.273 4419.404
1.121 4179.665 3856.026 4425.476
1.122 4185.825 3862.571 4431.471
1.124 4191.953 3869.16 4437.442
1.125 4198.049 3875.609 4443.332
1.126 4204.113 3882.171 4449.325
1.127 4210.147 3888.701 4455.282
1.129 4216.151 3895.13 4461.175
1.13 4222.125 3901.505 4466.987
1.131 4228.069 3907.846 4472.837
1.133 4233.985 3914.163 4478.587
1.134 4239.873 3920.418 4484.332
1.135 4245.733 3926.742 4490.133
1.136 4251.565 3932.966 4495.835
1.138 4257.371 3939.201 4501.588
1.139 4263.15 3945.352 4507.307
1.14 4268.903 3951.463 4512.876
1.142 4274.63 3957.56 4518.589
1.143 4280.332 3963.602 4524.241
1.144 4286.009 3969.632 4529.808
1.145 4291.662 3975.658 4535.402
1.147 4297.29 3981.64 4540.831
1.148 4302.895 3987.647 4546.321
1.149 4308.476 3993.622 4551.794
1.151 4314.035 3999.545 4557.285
1.152 4319.57 4005.422 4562.722
1.153 4325.083 4011.179 4568.234
1.155 4330.575 4016.995 4573.667
1.156 4336.044 4022.746 4579.134
1.157 4341.492 4028.459 4584.521
1.159 4346.919 4034.154 4589.894
1.16 4352.325 4039.894 4595.173
1.161 4357.711 4045.566 4600.457
1.163 4363.076 4051.239 4605.741
1.164 4368.422 4056.972 4611.029
1.166 4373.748 4062.555 4616.284
1.167 4379.054 4068.097 4621.498
1.168 4384.342 4073.713 4626.739
1.17 4389.61 4079.338 4631.936
1.171 4394.861 4084.878 4637.161
1.172 4400.092 4090.338 4642.29
1.174 4405.306 4095.963 4647.459
1.175 4410.502 4101.47 4652.595
1.176 4415.68 4106.934 4657.727
1.178 4420.841 4112.371 4662.824
1.179 4425.985 4117.883 4667.956
1.181 4431.112 4123.356 4673.003
1.182 4436.223 4128.633 4678.026
1.183 4441.316 4133.971 4683.141
1.185 4446.394 4139.258 4688.185
1.186 4451.456 4144.704 4693.152
1.188 4456.502 4149.953 4698.183
1.189 4461.532 4155.305 4703.183
1.19 4466.547 4160.683 4708.106
1.192 4471.546 4165.872 4713.073
1.193 4476.531 4171.155 4718.05
1.195 4481.501 4176.381 4723.01
1.196 4486.456 4181.523 4727.924
1.198 4491.397 4186.723 4732.896
1.199 4496.324 4191.916 4737.74
1.2 4501.236 4196.978 4742.612
1.202 4506.135 4202.048 4747.416
1.203 4511.019 4207.219 4752.185
1.205 4515.891 4212.26 4756.964
1.206 4520.749 4217.443 4761.824
1.208 4525.593 4222.467 4766.645
1.209 4530.425 4227.503 4771.466
1.211 4535.244 4232.553 4776.218
1.212 4540.05 4237.629 4781.024
1.214 4544.843 4242.662 4785.762
1.215 4549.624 4247.645 4790.514
1.217 4554.392 4252.606 4795.324
1.218 4559.149 4257.526 4800.1
1.22 4563.893 4262.484 4804.774
1.221 4568.626 4267.417 4809.467
1.222 4573.347 4272.283 4814.232
1.224 4578.056 4277.207 4818.996
1.225 4582.754 4282.05 4823.726
1.227 4587.441 4286.866 4828.405
1.229 4592.116 4291.794 4833.058
1.23 4596.78 4296.656 4837.683
1.232 4601.434 4301.533 4842.297
1.233 4606.077 4306.426 4846.916
1.235 4610.709 4311.273 4851.599
1.236 4615.33 4316.096 4856.219
1.238 4619.941 4320.907 4860.85
1.239 4624.542 4325.649 4865.437
1.241 4629.133 4330.366 4870.038
1.242 4633.713 4335.136 4874.546
1.244 4638.284 4339.868 4879.103
1.245 4642.845 4344.573 4883.568
1.247 4647.396 4349.379 4888.06
1.248 4651.938 4354.073 4892.575
1.25 4656.47 4358.827 4897.098
1.252 4660.992 4363.469 4901.653
1.253 4665.506 4368.12 4906.136
1.255 4670.01 4372.769 4910.624
1.256 4674.505 4377.504 4915.115
1.258 4678.991 4382.249 4919.578
1.259 4683.469 4386.903 4924.111
1.261 4687.937 4391.518 4928.581
1.263 4692.397 4396.097 4933.043
1.264 4696.849 4400.706 4937.488
1.266 4701.292 4405.327 4941.922
1.267 4705.726 4409.867 4946.38
1.269 4710.153 4414.421 4950.822
1.271 4714.571 4418.937 4955.32
1.272 4718.981 4423.47 4959.692
1.274 4723.383 4427.99 4964.094
1.276 4727.777 4432.52 4968.514
1.277 4732.163 4437.021 4972.905
1.279 4736.542 4441.516 4977.246
1.28 4740.912 4446.022 4981.667
1.282 4745.276 4450.56 4986.067
1.284 4749.632 4455.121 4990.403
1.285 4753.98 4459.519 4994.707
1.287 4758.321 4463.937 4998.997
1.289 4762.655 4468.361 5003.405
1.29 4766.982 4472.945 5007.798
1.292 4771.302 4477.384 5012.032
1.294 4775.614 4481.861 5016.36
1.295 4779.92 4486.252 5020.707
1.297 4784.219 4490.702 5024.953
1.299 4788.511 4495.212 5029.221
1.3 4792.797 4499.521 5033.543
1.302 4797.075 4503.953 5037.85
1.304 4801.348 4508.363 5042.085
1.305 4805.614 4512.809 5046.319
1.307 4809.873 4517.207 5050.518
1.309 4814.126 4521.592 5054.774
1.311 4818.373 4525.931 5059.076
1.312 4822.614 4530.329 5063.341
1.314 4826.848 4534.648 5067.596
1.316 4831.077 4539.012 5071.833
1.318 4835.3 4543.348 5076.077
1.319 4839.516 4547.73 5080.289
1.321 4843.727 4552.007 5084.585
1.323 4847.932 4556.385 5088.835
1.325 4852.131 4560.69 5093.064
1.326 4856.325 4565.017 5097.293
1.328 4860.513 4569.317 5101.496
1.33 4864.696 4573.622 5105.697
1.332 4868.873 4577.86 5109.833
1.333 4873.045 4582.076 5114.08
1.335 4877.211 4586.42 5118.278
1.337 4881.372 4590.633 5122.447
1.339 4885.528 4594.863 5126.624
1.34 4889.679 4599.081 5130.838
1.342 4893.824 4603.291 5135.001
1.344 4897.965 4607.527 5139.05
1.346 4902.101 4611.763 5143.23
1.348 4906.231 4616.027 5147.39
1.35 4910.357 4620.249 5151.569
1.351 4914.478 4624.463 5155.729
1.353 4918.595 4628.717 5159.9
1.355 4922.706 4632.926 5164.007
1.357 4926.813 4637.163 5168.181
1.359 4930.915 4641.335 5172.349
1.361 4935.013 4645.537 5176.48
1.362 4939.106 4649.732 5180.619
1.364 4943.195 4653.976 5184.779
1.366 4947.28 4658.22 5188.948
1.368 4951.36 4662.371 5193.112
1.37 4955.436 4666.576 5197.241
1.372 4959.507 4670.72 5201.338
1.374 4963.575 4674.836 5205.395
1.376 4967.638 4678.985 5209.461
1.377 4971.698 4683.151 5213.567
1.379 4975.753 4687.29 5217.685
1.381 4979.804 4691.43 5221.8
1.383 4983.851 4695.533 5225.889
1.385 4987.895 4699.622 5229.998
1.387 4991.935 4703.755 5234.039
1.389 4995.97 4707.81 5238.093
1.391 5000.003 4711.916 5242.148
1.393 5004.031 4716.048 5246.228
1.395 5008.056 4720.094 5250.268
1.397 5012.077 4724.183 5254.35
1.399 5016.095 4728.305 5258.357
1.401 5020.109 4732.415 5262.396
1.403 5024.119 4736.508 5266.44
1.404 5028.127 4740.643 5270.509
1.406 5032.13 4744.776 5274.5
1.408 5036.131 4748.893 5278.535
1.41 5040.128 4752.955 5282.583
1.412 5044.122 4757.041 5286.612
1.414 5048.113 4761.096 5290.628
1.416 5052.101 4765.187 5294.623
1.418 5056.085 4769.203 5298.596
1.42 5060.067 4773.213 5302.665
1.422 5064.045 4777.278 5306.633
1.425 5068.02 4781.404 5310.655
1.427 5071.993 4785.465 5314.718
1.429 5075.962 4789.46 5318.771
1.431 5079.929 4793.476 5322.799
1.433 5083.893 4797.492 5326.877
1.435 5087.854 4801.384 5330.853
1.437 5091.812 4805.413 5334.884
1.439 5095.768 4809.38 5338.916
1.441 5099.721 4813.425 5342.913
1.443 5103.671 4817.425 5346.943
1.445 5107.619 4821.368 5350.945
1.447 5111.564 4825.379 5354.814
1.449 5115.506 4829.426 5358.845
1.451 5119.446 4833.42 5362.871
1.453 5123.384 4837.471 5366.922
1.456 5127.319 4841.478 5370.909
1.458 5131.252 4845.484 5374.866
1.46 5135.183 4849.476 5378.894
1.462 5139.111 4853.464 5382.862
1.464 5143.037 4857.474 5386.725
1.466 5146.961 4861.4 5390.661
1.468 5150.883 4865.366 5394.704
1.471 5154.802 4869.308 5398.604
1.473 5158.719 4873.23 5402.593
1.475 5162.635 4877.207 5406.507
1.477 5166.548 4881.07 5410.477
1.479 5170.459 4884.969 5414.43
1.481 5174.368 4888.886 5418.388
1.484 5178.276 4892.81 5422.293
1.486 5182.181 4896.717 5426.25
1.488 5186.085 4900.611 5430.235
1.49 5189.986 4904.534 5434.193
1.493 5193.886 4908.443 5438.139
1.495 5197.784 4912.391 5442.086
1.497 5201.681 4916.32 5446.01
1.499 5205.575 4920.269 5449.929
1.502 5209.468 4924.213 5453.841
1.504 5213.36 4928.131 5457.823
1.506 5217.25 4932.104 5461.811
1.508 5221.138 4936.118 5465.744
1.511 5225.025 4939.983 5469.64
1.513 5228.91 4943.923 5473.627
1.515 5232.793 4947.863 5477.663
1.517 5236.676 4951.815 5481.59
1.52 5240.556 4955.787 5485.536
1.522 5244.436 4959.661 5489.46
1.524 5248.314 4963.565 5493.3
1.527 5252.191 4967.427 5497.208
1.529 5256.066 4971.322 5501.172
1.531 5259.941 4975.288 5505.078
1.534 5263.814 4979.146 5509.019
1.536 5267.685 4983.039 5512.94
1.538 5271.556 4986.917 5516.885
1.541 5275.426 4990.861 5520.78
1.543 5279.294 4994.792 5524.678
1.546 5283.162 4998.694 5528.633
1.548 5287.028 5002.538 5532.578
1.55 5290.893 5006.47 5536.538
1.553 5294.758 5010.367 5540.431
1.555 5298.621 5014.212 5544.343
1.558 5302.484 5018.098 5548.218
1.56 5306.345 5021.999 5552.181
1.563 5310.206 5025.905 5556.073
1.565 5314.066 5029.803 5559.977
1.567 5317.925 5033.712 5563.951
1.57 5321.783 5037.617 5567.931
1.572 5325.641 5041.422 5571.846
1.575 5329.498 5045.281 5575.785
1.577 5333.354 5049.113 5579.749
1.58 5337.21 5052.982 5583.591
1.582 5341.065 5056.838 5587.483
1.585 5344.919 5060.789 5591.468
1.587 5348.773 5064.728 5595.391
1.59 5352.626 5068.664 5599.325
1.592 5356.479 5072.549 5603.21
1.595 5360.331 5076.377 5607.094
1.597 5364.183 5080.253 5611.021
1.6 5368.034 5084.072 5614.964
1.603 5371.885 5087.894 5618.924
1.605 5375.736 5091.746 5622.854
1.608 5379.586 5095.58 5626.82
1.61 5383.436 5099.335 5630.732
1.613 5387.286 5103.278 5634.68
1.616 5391.135 5107.125 5638.618
1.618 5394.984 5111.024 5642.567
1.621 5398.833 5114.889 5646.464
1.623 5402.682 5118.781 5650.405
1.626 5406.53 5122.648 5654.308
1.629 5410.379 5126.505 5658.186
1.631 5414.227 5130.344 5662.103
1.634 5418.076 5134.166 5666.024
1.637 5421.924 5137.936 5669.946
1.639 5425.772 5141.75 5673.89
1.642 5429.62 5145.523 5677.86
1.645 5433.469 5149.351 5681.776
1.647 5437.317 5153.183 5685.685
1.65 5441.166 5156.994 5689.592
1.653 5445.014 5160.812 5693.526
1.656 5448.863 5164.661 5697.482
1.658 5452.712 5168.515 5701.385
1.661 5456.561 5172.411 5705.307
1.664 5460.41 5176.218 5709.314
1.667 5464.26 5180.063 5713.239
1.669 5468.11 5183.837 5717.112
1.672 5471.96 5187.602 5721.022
1.675 5475.81 5191.535 5724.898
1.678 5479.661 5195.414 5728.826
1.681 5483.512 5199.286 5732.771
1.684 5487.364 5203.194 5736.687
1.686 5491.216 5207.04 5740.63
1.689 5495.068 5210.913 5744.589
1.692 5498.921 5214.694 5748.551
1.695 5502.775 5218.528 5752.455
1.698 5506.629 5222.343 5756.431
1.701 5510.484 5226.156 5760.31
1.704 5514.339 5229.996 5764.26
1.706 5518.195 5233.851 5768.158
1.709 5522.051 5237.645 5772.099
1.712 5525.908 5241.455 5776.041
1.715 5529.766 5245.298 5780.048
1.718 5533.625 5249.121 5783.985
1.721 5537.484 5252.953 5787.996
1.724 5541.344 5256.711 5791.936
1.727 5545.205 5260.538 5795.82
1.73 5549.067 5264.381 5799.698
1.733 5552.929 5268.219 5803.697
1.736 5556.792 5272.065 5807.686
1.739 5560.657 5275.887 5811.654
1.742 5564.522 5279.755 5815.58
1.745 5568.388 5283.527 5819.49
1.748 5572.255 5287.418 5823.477
1.751 5576.123 5291.24 5827.459
1.754 5579.993 5295.059 5831.402
1.757 5583.863 5298.839 5835.347
1.761 5587.734 5302.663 5839.302
1.764 5591.607 5306.543 5843.304
1.767 5595.48 5310.353 5847.316
1.77 5599.355 5314.183 5851.27
1.773 5603.231 5318.121 5855.214
1.776 5607.108 5321.949 5859.153
1.779 5610.986 5325.891 5863.123
1.783 5614.866 5329.744 5867.077
1.786 5618.747 5333.638 5871.035
1.789 5622.629 5337.473 5875.014
1.792 5626.512 5341.316 5879.02
1.795 5630.397 5345.122 5883
1.799 5634.283 5348.934 5887.035
1.802 5638.171 5352.767 5890.901
1.805 5642.06 5356.57 5894.941
1.808 5645.951 5360.411 5898.886
1.812 5649.843 5364.234 5902.817
1.815 5653.736 5368.086 5906.745
1.818 5657.631 5371.94 5910.729
1.821 5661.528 5375.778 5914.715
1.825 5665.426 5379.593 5918.69
1.828 5669.326 5383.497 5922.711
1.832 5673.227 5387.394 5926.691
1.835 5677.131 5391.262 5930.725
1.838 5681.035 5395.118 5934.698
1.842 5684.942 5398.989 5938.666
1.845 5688.85 5402.811 5942.772
1.848 5692.76 5406.754 5946.757
1.852 5696.672 5410.607 5950.763
1.855 5700.586 5414.462 5954.683
1.859 5704.501 5418.259 5958.671
1.862 5708.419 5422.045 5962.643
1.866 5712.338 5425.895 5966.618
1.869 5716.259 5429.704 5970.652
1.873 5720.182 5433.601 5974.654
1.876 5724.108 5437.474 5978.77
1.88 5728.035 5441.345 5982.765
1.883 5731.964 5445.245 5986.804
1.887 5735.895 5449.094 5990.919
1.89 5739.828 5452.983 5994.966
1.894 5743.764 5456.853 5998.961
1.898 5747.701 5460.724 6002.979
1.901 5751.641 5464.635 6007.044
1.905 5755.583 5468.56 6011.057
1.908 5759.527 5472.399 6015.089
1.912 5763.473 5476.249 6019.083
1.916 5767.422 5480.118 6023.021
1.919 5771.373 5483.988 6027.103
1.923 5775.326 5487.876 6031.128
1.927 5779.281 5491.818 6035.18
1.931 5783.239 5495.716 6039.195
1.934 5787.2 5499.66 6043.248
1.938 5791.162 5503.537 6047.268
1.942 5795.128 5507.434 6051.337
1.946 5799.095 5511.338 6055.393
1.949 5803.065 5515.239 6059.409
1.953 5807.038 5519.114 6063.47
1.957 5811.013 5523.128 6067.548
1.961 5814.991 5527.02 6071.656
1.965 5818.972 5530.888 6075.733
1.969 5822.955 5534.797 6079.772
1.972 5826.94 5538.76 6083.89
1.976 5830.929 5542.724 6088.043
1.98 5834.92 5546.707 6092.19
1.984 5838.914 5550.575 6096.295
1.988 5842.91 5554.585 6100.351
1.992 5846.91 5558.491 6104.417
1.996 5850.912 5562.39 6108.46
2 5854.917 5566.367 6112.542
2.004 5858.925 5570.34 6116.699
2.008 5862.936 5574.279 6120.862
2.012 5866.95 5578.168 6124.98
2.016 5870.967 5582.086 6129.137
2.02 5874.987 5586.034 6133.314
2.024 5879.01 5589.983 6137.417
2.028 5883.036 5593.943 6141.571
2.033 5887.065 5597.943 6145.739
2.037 5891.097 5601.873 6149.897
2.041 5895.132 5605.946 6154.008
2.045 5899.171 5609.965 6158.201
2.049 5903.212 5613.969 6162.373
2.053 5907.257 5617.986 6166.512
2.058 5911.305 5621.98 6170.642
2.062 5915.356 5625.942 6174.842
2.066 5919.411 5629.917 6179.059
2.07 5923.469 5633.853 6183.307
2.075 5927.531 5637.897 6187.461
2.079 5931.595 5641.802 6191.671
2.083 5935.664 5645.801 6195.804
2.088 5939.735 5649.75 6200.023
2.092 5943.81 5653.699 6204.25
2.096 5947.889 5657.731 6208.452
2.101 5951.971 5661.749 6212.642
2.105 5956.057 5665.794 6216.847
2.11 5960.146 5669.832 6221.041
2.114 5964.239 5673.853 6225.244
2.119 5968.336 5677.888 6229.379
2.123 5972.436 5681.923 6233.561
2.128 5976.541 5685.952 6237.705
2.132 5980.648 5689.973 6241.929
2.137 5984.76 5693.98 6246.082
2.141 5988.876 5697.977 6250.308
2.146 5992.995 5701.94 6254.522
2.151 5997.118 5705.989 6258.826
2.155 6001.245 5710.027 6263.121
2.16 6005.376 5714.074 6267.372
2.165 6009.511 5718.191 6271.549
2.169 6013.65 5722.197 6275.827
2.174 6017.793 5726.274 6280.015
2.179 6021.94 5730.266 6284.248
2.183 6026.092 5734.288 6288.436
2.188 6030.247 5738.335 6292.731
2.193 6034.407 5742.394 6296.996
2.198 6038.57 5746.483 6301.304
2.203 6042.738 5750.513 6305.66
2.208 6046.91 5754.571 6309.909
2.212 6051.087 5758.619 6314.223
2.217 6055.268 5762.7 6318.523
2.222 6059.453 5766.779 6322.796
2.227 6063.642 5770.866 6327.156
2.232 6067.836 5774.96 6331.436
2.237 6072.035 5779.015 6335.706
2.242 6076.238 5783.038 6340.032
2.247 6080.445 5787.116 6344.345
2.252 6084.657 5791.178 6348.657
2.257 6088.874 5795.265 6352.982
2.262 6093.095 5799.382 6357.35
2.268 6097.321 5803.521 6361.631
2.273 6101.552 5807.718 6365.913
2.278 6105.787 5811.9 6370.26
2.283 6110.027 5816.089 6374.634
2.288 6114.272 5820.288 6379.038
2.294 6118.522 5824.501 6383.397
2.299 6122.776 5828.684 6387.745
2.304 6127.036 5832.83 6392.105
2.309 6131.3 5837.031 6396.498
2.315 6135.57 5841.193 6400.859
2.32 6139.844 5845.361 6405.223
2.326 6144.124 5849.602 6409.656
2.331 6148.408 5853.831 6414.068
2.336 6152.698 5858.016 6418.46
2.342 6156.993 5862.203 6422.828
2.347 6161.293 5866.411 6427.278
2.353 6165.598 5870.612 6431.658
2.358 6169.909 5874.779 6436.063
2.364 6174.224 5879.016 6440.519
2.37 6178.546 5883.247 6444.956
2.375 6182.872 5887.392 6449.365
2.381 6187.204 5891.628 6453.823
2.387 6191.542 5895.865 6458.314
2.392 6195.885 5900.101 6462.823
2.398 6200.233 5904.405 6467.303
2.404 6204.587 5908.584 6471.748
2.41 6208.947 5912.871 6476.229
2.415 6213.312 5917.17 6480.72
2.421 6217.683 5921.435 6485.243
2.427 6222.06 5925.693 6489.791
2.433 6226.443 5929.914 6494.35
2.439 6230.831 5934.109 6498.926
2.445 6235.225 5938.36 6503.398
2.451 6239.625 5942.718 6507.911
2.457 6244.031 5946.965 6512.47
2.463 6248.443 5951.181 6517.143
2.469 6252.862 5955.485 6521.684
2.475 6257.286 5959.759 6526.21
2.481 6261.716 5964.012 6530.768
2.488 6266.152 5968.269 6535.324
2.494 6270.595 5972.658 6539.855
2.5 6275.043 5976.98 6544.401
2.506 6279.499 5981.325 6548.949
2.513 6283.96 5985.598 6553.609
2.519 6288.428 5989.913 6558.24
2.525 6292.902 5994.243 6562.868
2.532 6297.382 5998.606 6567.471
2.538 6301.869 6002.931 6572.083
2.545 6306.363 6007.288 6576.721
2.551 6310.863 6011.638 6581.405
2.558 6315.37 6016.039 6586.073
2.564 6319.883 6020.443 6590.733
2.571 6324.404 6024.871 6595.44
2.577 6328.931 6029.286 6600.136
2.584 6333.464 6033.664 6604.731
2.591 6338.005 6038.034 6609.447
2.597 6342.552 6042.452 6614.097
2.604 6347.107 6046.842 6618.839
2.611 6351.668 6051.257 6623.568
2.618 6356.237 6055.726 6628.247
2.625 6360.812 6060.157 6632.978
2.632 6365.395 6064.6 6637.724
2.639 6369.985 6069.09 6642.402
2.646 6374.582 6073.525 6647.161
2.653 6379.187 6077.981 6651.831
2.66 6383.799 6082.532 6656.596
2.667 6388.418 6086.977 6661.379
2.674 6393.044 6091.497 6666.215
2.681 6397.678 6095.939 6670.968
2.688 6402.32 6100.461 6675.702
2.695 6406.969 6104.981 6680.515
2.703 6411.626 6109.507 6685.287
2.71 6416.291 6114.046 6690.045
2.717 6420.963 6118.558 6694.811
2.725 6425.643 6123.028 6699.591
2.732 6430.331 6127.546 6704.417
2.74 6435.027 6132.072 6709.297
2.747 6439.731 6136.599 6714.088
2.755 6444.443 6141.167 6719.002
2.762 6449.163 6145.731 6723.866
2.77 6453.891 6150.332 6728.772
2.778 6458.627 6154.86 6733.703
2.786 6463.372 6159.497 6738.62
2.793 6468.124 6164.083 6743.607
2.801 6472.885 6168.675 6748.538
2.809 6477.655 6173.325 6753.505
2.817 6482.433 6178.037 6758.431
2.825 6487.22 6182.661 6763.369
2.833 6492.015 6187.301 6768.246
2.841 6496.818 6191.939 6773.203
2.849 6501.631 6196.582 6778.191
2.857 6506.452 6201.27 6783.237
2.865 6511.282 6205.956 6788.199
2.874 6516.121 6210.654 6793.147
2.882 6520.969 6215.341 6798.224
2.89 6525.826 6220.051 6803.215
2.899 6530.692 6224.699 6808.284
2.907 6535.567 6229.454 6813.313
2.915 6540.451 6234.152 6818.373
2.924 6545.345 6238.804 6823.386
2.933 6550.247 6243.6 6828.539
2.941 6555.16 6248.283 6833.598
2.95 6560.081 6253.016 6838.718
2.959 6565.013 6257.766 6843.794
2.967 6569.953 6262.528 6848.939
2.976 6574.904 6267.352 6854.018
2.985 6579.864 6272.108 6859.16
2.994 6584.834 6276.846 6864.271
3.003 6589.814 6281.636 6869.438
3.012 6594.803 6286.521 6874.634
3.021 6599.803 6291.406 6879.887
3.03 6604.813 6296.235 6885.09
3.04 6609.833 6301.084 6890.295
3.049 6614.863 6305.934 6895.502
3.058 6619.903 6310.738 6900.657
3.067 6624.954 6315.581 6905.95
3.077 6630.015 6320.443 6911.124
3.086 6635.087 6325.389 6916.465
3.096 6640.169 6330.27 6921.844
3.106 6645.262 6335.174 6927.072
3.115 6650.365 6340.106 6932.34
3.125 6655.48 6345.083 6937.649
3.135 6660.605 6349.997 6942.957
3.145 6665.741 6354.968 6948.302
3.155 6670.888 6359.934 6953.649
3.165 6676.047 6364.93 6958.947
3.175 6681.216 6369.908 6964.22
3.185 6686.397 6374.804 6969.586
3.195 6691.589 6379.751 6974.958
3.205 6696.793 6384.824 6980.363
3.215 6702.008 6389.789 6985.744
3.226 6707.235 6394.768 6991.121
3.236 6712.473 6399.843 6996.59
3.247 6717.723 6404.805 7002.017
3.257 6722.985 6409.921 7007.473
3.268 6728.259 6414.975 7013.05
3.279 6733.545 6420.124 7018.528
3.289 6738.843 6425.227 7023.985
3.3 6744.153 6430.298 7029.591
3.311 6749.476 6435.411 7035.122
3.322 6754.811 6440.444 7040.615
3.333 6760.158 6445.651 7046.193
3.344 6765.518 6450.849 7051.659
3.356 6770.891 6456.02 7057.224
3.367 6776.276 6461.236 7062.83
3.378 6781.675 6466.429 7068.471
3.39 6787.086 6471.578 7074.046
3.401 6792.51 6476.783 7079.626
3.413 6797.947 6482.014 7085.286
3.425 6803.398 6487.225 7090.933
3.436 6808.862 6492.478 7096.693
3.448 6814.339 6497.774 7102.439
3.46 6819.83 6502.949 7108.15
3.472 6825.335 6508.293 7113.851
3.484 6830.853 6513.55 7119.534
3.497 6836.385 6518.865 7125.247
3.509 6841.931 6524.184 7131.042
3.521 6847.491 6529.497 7136.916
3.534 6853.066 6534.895 7142.738
3.546 6858.654 6540.252 7148.577
3.559 6864.257 6545.668 7154.414
3.571 6869.874 6551.053 7160.198
3.584 6875.507 6556.45 7166.155
3.597 6881.153 6561.862 7172.047
3.61 6886.815 6567.22 7177.935
3.623 6892.491 6572.612 7183.83
3.636 6898.183 6577.984 7189.836
3.65 6903.89 6583.387 7195.758
3.663 6909.612 6588.866 7201.643
3.676 6915.349 6594.43 7207.638
3.69 6921.102 6599.922 7213.578
3.704 6926.871 6605.455 7219.647
3.717 6932.656 6610.97 7225.673
3.731 6938.456 6616.574 7231.76
3.745 6944.273 6622.153 7237.824
3.759 6950.105 6627.767 7243.909
3.774 6955.954 6633.382 7250.087
3.788 6961.82 6638.977 7256.217
3.802 6967.701 6644.597 7262.393
3.817 6973.6 6650.185 7268.598
3.831 6979.516 6655.816 7274.677
3.846 6985.448 6661.427 7280.922
3.861 6991.398 6667.11 7287.136
3.876 6997.364 6672.763 7293.303
3.891 7003.348 6678.399 7299.573
3.906 7009.35 6684.081 7305.878
3.922 7015.369 6689.738 7312.05
3.937 7021.407 6695.457 7318.272
3.953 7027.462 6701.161 7324.6
3.968 7033.535 6706.961 7330.905
3.984 7039.627 6712.844 7337.196
4 7045.737 6718.57 7343.697
4.016 7051.865 6724.401 7350.127
4.032 7058.012 6730.161 7356.491
4.049 7064.179 6735.904 7362.938
4.065 7070.364 6741.783 7369.519
4.082 7076.568 6747.633 7376.03
4.098 7082.792 6753.554 7382.607
4.115 7089.035 6759.463 7389.066
4.132 7095.298 6765.382 7395.576
4.149 7101.581 6771.38 7402.144
4.167 7107.884 6777.388 7408.811
4.184 7114.207 6783.401 7415.333
4.202 7120.551 6789.513 7422.02
4.219 7126.915 6795.561 7428.739
4.237 7133.3 6801.563 7435.377
4.255 7139.706 6807.59 7442.179
4.274 7146.133 6813.718 7448.885
4.292 7152.581 6819.821 7455.646
4.31 7159.051 6826.001 7462.466
4.329 7165.543 6832.105 7469.377
4.348 7172.056 6838.319 7476.122
4.367 7178.592 6844.597 7483.034
4.386 7185.15 6850.753 7489.969
4.405 7191.73 6856.95 7496.976
4.425 7198.333 6863.181 7503.885
4.444 7204.959 6869.501 7510.935
4.464 7211.608 6875.705 7517.943
4.484 7218.28 6882.113 7525.047
4.505 7224.976 6888.439 7532.11
4.525 7231.695 6894.727 7539.278
4.545 7238.439 6901.053 7546.445
4.566 7245.207 6907.436 7553.564
4.587 7251.999 6913.884 7560.711
4.608 7258.816 6920.308 7567.88
4.63 7265.658 6926.729 7575.126
4.651 7272.524 6933.144 7582.295
4.673 7279.417 6939.547 7589.576
4.695 7286.335 6946.158 7596.869
4.717 7293.278 6952.682 7604.218
4.739 7300.248 6959.255 7611.705
4.762 7307.244 6965.929 7619.041
4.785 7314.267 6972.538 7626.553
4.808 7321.317 6979.176 7633.98
4.831 7328.393 6985.849 7641.433
4.854 7335.497 6992.591 7648.863
4.878 7342.629 6999.325 7656.195
4.902 7349.789 7006.116 7663.791
4.926 7356.977 7012.777 7671.358
4.95 7364.194 7019.605 7679.007
4.975 7371.439 7026.369 7686.714
5 7378.713 7033.167 7694.452
5.025 7386.017 7039.987 7702.23
5.051 7393.35 7046.853 7709.93
5.076 7400.714 7053.822 7717.793
5.102 7408.108 7060.699 7725.63
5.128 7415.532 7067.588 7733.478
5.155 7422.987 7074.614 7741.491
5.181 7430.474 7081.695 7749.567
5.208 7437.992 7088.765 7757.635
5.236 7445.542 7095.739 7765.587
5.263 7453.124 7102.799 7773.625
5.291 7460.739 7109.861 7781.681
5.319 7468.386 7117 7789.928
5.348 7476.067 7124.211 7798.115
5.376 7483.782 7131.485 7806.306
5.405 7491.531 7138.745 7814.575
5.435 7499.314 7146.002 7822.867
5.464 7507.131 7153.31 7831.207
5.495 7514.984 7160.788 7839.461
5.525 7522.873 7168.182 7847.755
5.556 7530.797 7175.606 7856.244
5.587 7538.758 7183.12 7864.79
5.618 7546.755 7190.608 7873.198
5.65 7554.79 7198.037 7881.667
5.682 7562.862 7205.579 7890.261
5.714 7570.972 7213.088 7898.966
5.747 7579.121 7220.699 7907.532
5.78 7587.308 7228.401 7916.343
5.814 7595.535 7236.02 7925.231
5.848 7603.802 7243.836 7934.131
5.882 7612.108 7251.578 7943.104
5.917 7620.456 7259.342 7952.041
5.952 7628.845 7267.146 7960.923
5.988 7637.275 7274.992 7969.96
6.024 7645.748 7282.783 7979.027
6.061 7654.263 7290.755 7988.275
6.098 7662.822 7298.778 7997.374
6.135 7671.424 7306.646 8006.592
6.173 7680.071 7314.632 8015.897
6.211 7688.762 7322.714 8025.197
6.25 7697.499 7330.776 8034.471
6.289 7706.282 7338.938 8043.892
6.329 7715.111 7347.112 8053.559
6.369 7723.987 7355.363 8063.063
6.41 7732.912 7363.5 8072.555
6.452 7741.884 7371.82 8082.097
6.494 7750.905 7380.165 8091.731
6.536 7759.976 7388.612 8101.403
6.579 7769.098 7397.043 8111.136
6.623 7778.27 7405.588 8121.037
6.667 7787.493 7414.11 8131.093
6.711 7796.769 7422.607 8141.113
6.757 7806.098 7431.211 8151.1
6.803 7815.481 7439.773 8161.365
6.849 7824.917 7448.562 8171.517
6.897 7834.409 7457.333 8181.713
6.944 7843.957 7466.147 8192.127
6.993 7853.562 7475.067 8202.384
7.042 7863.223 7483.943 8212.605
7.092 7872.944 7492.816 8223.265
7.143 7882.723 7501.833 8233.801
7.194 7892.562 7510.951 8244.299
7.246 7902.462 7519.997 8255.044
7.299 7912.423 7529.176 8265.765
7.353 7922.447 7538.412 8276.815
7.407 7932.534 7547.642 8287.604
7.463 7942.686 7556.757 8298.78
7.519 7952.903 7566.123 8309.885
7.576 7963.186 7575.395 8321.173
7.634 7973.536 7584.728 8332.624
7.692 7983.955 7594.141 8344.018
7.752 7994.443 7603.709 8355.404
7.812 8005.002 7613.323 8366.936
7.874 8015.632 7622.919 8378.679
7.937 8026.334 7632.687 8390.282
8 8037.11 7642.459 8402.142
8.065 8047.961 7652.327 8413.964
8.13 8058.888 7662.435 8426.008
8.197 8069.893 7672.548 8438.098
8.264 8080.976 7682.58 8450.332
8.333 8092.139 7692.648 8462.513
8.403 8103.383 7702.674 8474.911
8.475 8114.709 7712.885 8487.305
8.547 8126.12 7723.087 8499.953
8.621 8137.615 7733.509 8512.9
8.696 8149.198 7744.048 8525.4
8.772 8160.869 7754.534 8538.367
8.85 8172.629 7765.166 8551.317
8.929 8184.481 7775.906 8564.613
9.009 8196.425 7786.777 8578.026
9.091 8208.465 7797.684 8591.252
9.174 8220.6 7808.63 8604.487
9.259 8232.834 7819.621 8617.95
9.346 8245.167 7830.852 8631.606
9.434 8257.602 7842.16 8645.404
9.524 8270.141 7853.481 8659.291
9.615 8282.785 7864.846 8673.329
9.709 8295.536 7876.511 8687.577
9.804 8308.398 7888.087 8702.121
9.901 8321.37 7899.916 8716.599
10 8334.457 7911.668 8731.249
10.101 8347.659 7923.585 8745.809
10.204 8360.98 7935.725 8760.62
10.309 8374.422 7947.895 8775.618
10.417 8387.987 7960.088 8790.771
10.526 8401.678 7972.287 8806.186
10.638 8415.497 7984.73 8821.63
10.753 8429.447 7997.23 8837.528
10.87 8443.531 8009.825 8853.586
10.989 8457.751 8022.464 8869.719
11.111 8472.111 8035.482 8886.128
11.236 8486.614 8048.322 8902.19
11.364 8501.263 8061.301 8919.023
11.494 8516.06 8074.582 8935.722
11.628 8531.01 8087.859 8952.375
11.765 8546.116 8101.145 8969.276
11.905 8561.382 8114.694 8986.437
12.048 8576.811 8128.333 9004.09
12.195 8592.406 8142.18 9021.888
12.346 8608.174 8156.078 9039.983
12.5 8624.116 8170.09 9058.208
12.658 8640.238 8184.351 9076.417
12.821 8656.544 8198.677 9094.839
12.987 8673.038 8213.274 9113.707
13.158 8689.726 8227.967 9132.54
13.333 8706.613 8242.776 9151.777
13.514 8723.703 8257.763 9171.643
13.699 8741.003 8272.831 9191.375
13.889 8758.517 8288.151 9211.311
14.085 8776.252 8303.598 9231.788
14.286 8794.213 8319.282 9252.534
14.493 8812.408 8335.356 9273.59
14.706 8830.842 8351.632 9294.877
14.925 8849.523 8368.045 9316.751
15.152 8868.458 8384.599 9339.04
15.385 8887.654 8401.552 9361.357
15.625 8907.12 8418.473 9384.046
15.873 8926.863 8435.865 9407.36
16.129 8946.892 8453.346 9430.788
16.393 8967.217 8471.011 9454.693
16.667 8987.846 8489.036 9478.92
16.949 9008.791 8507.121 9503.376
17.241 9030.06 8525.362 9528.541
17.544 9051.666 8544.011 9554.036
17.857 9073.62 8562.874 9580.027
18.182 9095.934 8582.057 9606.291
18.519 9118.621 8601.61 9633.185
18.868 9141.694 8621.382 9660.752
19.231 9165.168 8641.655 9688.545
19.608 9189.058 8662.175 9716.936
20 9213.381 8683.177 9745.693
20.408 9238.152 8704.153 9775.44
20.833 9263.391 8725.589 9805.915
21.277 9289.115 8747.586 9836.591
21.739 9315.347 8769.868 9867.765
22.222 9342.106 8792.324 9900.031
22.727 9369.417 8815.712 9932.84
23.256 9397.303 8839.262 9966.605
23.81 9425.792 8863.265 10001.063
24.39 9454.912 8887.889 10036.658
25 9484.692 8912.923 10072.723
25.641 9515.166 8938.484 10109.869
26.316 9546.368 8964.53 10147.73
27.027 9578.337 8990.843 10186.73
27.778 9611.112 9018.107 10226.901
28.571 9644.739 9046.276 10267.876
29.412 9679.264 9074.898 10310.641
30.303 9714.741 9104.068 10354.461
31.25 9751.227 9134.061 10399.67
32.258 9788.782 9164.837 10446.073
33.333 9827.476 9196.616 10494.432
34.483 9867.384 9228.987 10544.273
35.714 9908.588 9262.742 10596.263
37.037 9951.181 9297.219 10650.487
38.462 9995.263 9333.04 10706.43
40 10040.948 9369.873 10764.176
41.667 10088.364 9407.91 10825.351
43.478 10137.653 9447.556 10889.097
45.455 10188.977 9488.425 10955.042
47.619 10242.52 9531.072 11024.105
50 10298.493 9575.566 11096.861
52.632 10357.137 9621.846 11172.878
55.556 10418.732 9669.973 11252.88
58.824 10483.607 9720.975 11338.414
62.5 10552.147 9774.449 11429.347
66.667 10624.811 9830.783 11525.445
71.429 10702.152 9890.463 11628.337
76.923 10784.843 9953.019 11739.005
83.333 10873.714 10020.747 11859.456
90.909 10969.809 10093.252 11990.637
100 11074.465 10171.685 12135.06
111.111 11189.431 10257.412 12293.897
125 11317.064 10351.861 12472.749
142.857 11460.647 10457.253 12674.56
166.667 11624.952 10576.152 12908.447
200 11817.316 10713.073 13184.61
250 12049.905 10875.475 13524.106
333.333 12345.249 11077.04 13967.249
500 12753.108 11350.412 14594.868
1000 13428.391 11778.634 15676.807
1111.111 13528.68 11839.694 15842.907
1250 13640.072 11907.714 16027.288
1428.571 13765.446 11983.411 16238.115
1666.667 13908.982 12067.909 16481.544
2000 14077.111 12166.857 16771.135
2500 14280.496 12283.716 17125.257
3333.333 14538.879 12431.086 17587.339
5000 14895.869 12628.405 18242.152
10000 15487.218 12941.288 19371.6
