"Pr" "Mp" "Q_2" "Q_9"
1.01 3357.128 2442.798 3885.357
1.011 3389.996 2490.648 3911.099
1.012 3420.574 2534.556 3935.685
1.013 3449.203 2574.846 3959.1
1.014 3476.153 2613.032 3981.155
1.015 3501.638 2649.166 4001.969
1.016 3525.835 2683.266 4021.903
1.017 3548.888 2714.85 4040.998
1.018 3570.918 2746.27 4059.227
1.019 3592.029 2776.137 4077.046
1.02 3612.306 2803.916 4093.833
1.021 3631.826 2831.316 4110.078
1.022 3650.653 2857.48 4126.076
1.024 3668.845 2882.839 4141.408
1.025 3686.451 2907.265 4156.413
1.026 3703.515 2930.545 4170.813
1.027 3720.077 2952.609 4184.98
1.028 3736.172 2974.189 4198.916
1.029 3751.831 2994.986 4212.249
1.03 3767.082 3015.793 4225.441
1.031 3781.951 3035.743 4238.229
1.032 3796.46 3055.413 4250.919
1.033 3810.631 3074.676 4263.073
1.034 3824.483 3093.537 4275.224
1.035 3838.034 3111.268 4287.109
1.036 3851.299 3129.332 4298.793
1.037 3864.294 3146.49 4310.151
1.038 3877.031 3164.22 4321.257
1.04 3889.525 3180.971 4332.52
1.041 3901.785 3197.179 4343.445
1.042 3913.824 3213.429 4354.078
1.043 3925.651 3228.93 4364.541
1.044 3937.276 3244.105 4374.821
1.045 3948.707 3259.196 4385.113
1.046 3959.953 3273.777 4395.14
1.047 3971.021 3288.122 4405.246
1.048 3981.918 3302.545 4415.047
1.049 3992.652 3316.614 4424.806
1.05 4003.228 3330.361 4434.345
1.052 4013.653 3344.418 4443.704
1.053 4023.932 3357.904 4453.079
1.054 4034.07 3371.104 4462.271
1.055 4044.073 3383.989 4471.464
1.056 4053.945 3396.968 4480.534
1.057 4063.692 3409.734 4489.419
1.058 4073.316 3422.731 4498.168
1.059 4082.822 3435.074 4507.044
1.06 4092.214 3446.986 4515.721
1.062 4101.496 3459.368 4524.255
1.063 4110.671 3470.957 4532.631
1.064 4119.742 3482.607 4541.018
1.065 4128.713 3494.363 4549.344
1.066 4137.587 3505.782 4557.578
1.067 4146.366 3516.755 4565.805
1.068 4155.053 3527.694 4573.881
1.07 4163.651 3538.621 4581.998
1.071 4172.163 3549.788 4590.036
1.072 4180.59 3560.422 4597.946
1.073 4188.935 3571.054 4605.817
1.074 4197.201 3581.403 4613.718
1.075 4205.389 3591.798 4621.537
1.076 4213.502 3602.126 4629.194
1.078 4221.541 3612.562 4636.869
1.079 4229.508 3622.554 4644.407
1.08 4237.406 3632.282 4651.882
1.081 4245.235 3641.837 4659.286
1.082 4252.998 3651.54 4666.574
1.083 4260.696 3661.276 4673.732
1.085 4268.331 3670.915 4681.128
1.086 4275.904 3680.321 4688.36
1.087 4283.417 3689.514 4695.493
1.088 4290.87 3699.013 4702.647
1.089 4298.267 3708.261 4709.628
1.091 4305.607 3717.572 4716.692
1.092 4312.891 3726.841 4723.763
1.093 4320.123 3735.564 4730.704
1.094 4327.301 3744.494 4737.685
1.095 4334.428 3753.288 4744.53
1.096 4341.504 3761.955 4751.535
1.098 4348.532 3770.838 4758.124
1.099 4355.511 3779.63 4764.926
1.1 4362.442 3788.044 4771.632
1.101 4369.328 3796.564 4778.574
1.103 4376.168 3805.06 4785.161
1.104 4382.963 3813.476 4791.605
1.105 4389.715 3821.569 4798.164
1.106 4396.424 3829.963 4804.66
1.107 4403.091 3838.224 4810.974
1.109 4409.718 3846.498 4817.244
1.11 4416.304 3854.714 4823.621
1.111 4422.85 3862.626 4829.986
1.112 4429.358 3870.764 4836.33
1.114 4435.827 3878.783 4842.604
1.115 4442.259 3886.614 4848.946
1.116 4448.655 3894.474 4855.199
1.117 4455.014 3902.156 4861.425
1.119 4461.339 3909.971 4867.583
1.12 4467.628 3917.621 4873.647
1.121 4473.883 3925.399 4879.852
1.122 4480.105 3932.837 4885.823
1.124 4486.294 3940.168 4891.802
1.125 4492.451 3947.745 4897.724
1.126 4498.575 3954.861 4903.678
1.127 4504.669 3962.263 4909.646
1.129 4510.732 3969.618 4915.516
1.13 4516.764 3976.807 4921.573
1.131 4522.767 3984.006 4927.567
1.133 4528.741 3991.213 4933.506
1.134 4534.685 3998.347 4939.437
1.135 4540.602 4005.484 4945.402
1.136 4546.491 4012.512 4951.445
1.138 4552.352 4019.714 4957.324
1.139 4558.186 4026.563 4963.021
1.14 4563.994 4033.666 4968.734
1.142 4569.776 4040.246 4974.403
1.143 4575.532 4046.767 4980.136
1.144 4581.263 4053.504 4985.975
1.145 4586.969 4060.437 4991.589
1.147 4592.65 4067.24 4997.323
1.148 4598.307 4073.958 5002.853
1.149 4603.941 4080.47 5008.409
1.151 4609.55 4086.97 5014.033
1.152 4615.137 4093.368 5019.582
1.153 4620.701 4099.999 5025.222
1.155 4626.243 4106.792 5030.836
1.156 4631.763 4113.255 5036.356
1.157 4637.261 4119.664 5041.726
1.159 4642.737 4126.023 5047.198
1.16 4648.192 4132.15 5052.566
1.161 4653.627 4138.493 5057.988
1.163 4659.041 4144.844 5063.474
1.164 4664.434 4151.2 5068.856
1.166 4669.808 4157.598 5074.344
1.167 4675.162 4163.882 5079.778
1.168 4680.496 4170.07 5085.276
1.17 4685.812 4176.192 5090.64
1.171 4691.108 4182.162 5095.997
1.172 4696.386 4188.363 5101.428
1.174 4701.646 4194.545 5106.787
1.175 4706.887 4200.69 5112.109
1.176 4712.111 4206.768 5117.303
1.178 4717.316 4212.854 5122.597
1.179 4722.505 4218.861 5127.876
1.181 4727.676 4224.815 5133.109
1.182 4732.831 4230.739 5138.141
1.183 4737.968 4236.688 5143.258
1.185 4743.089 4242.52 5148.471
1.186 4748.194 4248.589 5153.688
1.188 4753.283 4254.325 5158.933
1.189 4758.356 4260.364 5164.131
1.19 4763.413 4266.021 5169.202
1.192 4768.455 4271.798 5174.325
1.193 4773.481 4277.404 5179.504
1.195 4778.493 4282.985 5184.521
1.196 4783.489 4288.665 5189.517
1.198 4788.471 4294.321 5194.498
1.199 4793.438 4299.965 5199.652
1.2 4798.391 4305.576 5204.824
1.202 4803.33 4311.181 5209.989
1.203 4808.255 4316.648 5215.126
1.205 4813.166 4322.133 5220.195
1.206 4818.063 4327.547 5225.325
1.208 4822.947 4332.991 5230.29
1.209 4827.818 4338.185 5235.296
1.211 4832.675 4343.774 5240.208
1.212 4837.52 4349.411 5245.224
1.214 4842.352 4354.804 5250.239
1.215 4847.171 4360.088 5255.184
1.217 4851.977 4365.437 5260.07
1.218 4856.771 4370.758 5265.056
1.22 4861.553 4376.097 5270.031
1.221 4866.323 4381.288 5274.978
1.222 4871.081 4386.522 5279.679
1.224 4875.827 4391.866 5284.466
1.225 4880.562 4397.29 5289.318
1.227 4885.285 4402.671 5294.263
1.229 4889.996 4407.723 5299.04
1.23 4894.697 4412.807 5303.841
1.232 4899.386 4418.023 5308.652
1.233 4904.064 4423.076 5313.57
1.235 4908.731 4428.371 5318.314
1.236 4913.388 4433.594 5323.065
1.238 4918.034 4438.776 5327.825
1.239 4922.67 4443.896 5332.745
1.241 4927.295 4448.926 5337.515
1.242 4931.91 4453.894 5342.343
1.244 4936.515 4458.888 5347.181
1.245 4941.11 4463.926 5351.957
1.247 4945.694 4469.049 5356.608
1.248 4950.27 4474.254 5361.283
1.25 4954.835 4479.446 5366.004
1.252 4959.391 4484.332 5370.608
1.253 4963.937 4489.485 5375.304
1.255 4968.475 4494.49 5380.067
1.256 4973.002 4499.485 5384.799
1.258 4977.521 4504.231 5389.457
1.259 4982.031 4509.355 5394.146
1.261 4986.532 4514.349 5398.866
1.263 4991.024 4519.315 5403.542
1.264 4995.507 4524.329 5408.172
1.266 4999.981 4529.31 5412.879
1.267 5004.447 4534.054 5417.433
1.269 5008.905 4538.98 5422.05
1.271 5013.354 4543.84 5426.775
1.272 5017.795 4548.879 5431.46
1.274 5022.228 4553.476 5435.966
1.276 5026.653 4558.298 5440.601
1.277 5031.069 4563.187 5445.173
1.279 5035.478 4567.928 5449.892
1.28 5039.879 4572.664 5454.459
1.282 5044.272 4577.301 5459.018
1.284 5048.658 4582.025 5463.581
1.285 5053.036 4586.885 5468.183
1.287 5057.407 4591.475 5472.756
1.289 5061.77 4596.134 5477.409
1.29 5066.126 4600.853 5481.844
1.292 5070.475 4605.567 5486.366
1.294 5074.816 4610.337 5490.927
1.295 5079.151 4615.293 5495.603
1.297 5083.478 4620.087 5499.984
1.299 5087.799 4624.811 5504.422
1.3 5092.113 4629.477 5509.054
1.302 5096.42 4634.057 5513.514
1.304 5100.72 4638.789 5517.971
1.305 5105.014 4643.434 5522.372
1.307 5109.301 4648.015 5526.96
1.309 5113.582 4652.605 5531.406
1.311 5117.856 4657.228 5535.923
1.312 5122.124 4661.691 5540.385
1.314 5126.386 4666.161 5544.972
1.316 5130.641 4670.703 5549.411
1.318 5134.891 4675.271 5553.984
1.319 5139.134 4679.864 5558.483
1.321 5143.372 4684.492 5562.868
1.323 5147.603 4688.986 5567.244
1.325 5151.829 4693.579 5571.72
1.326 5156.049 4698.136 5576.078
1.328 5160.263 4702.725 5580.593
1.33 5164.471 4707.125 5584.896
1.332 5168.674 4711.657 5589.337
1.333 5172.871 4716.027 5593.919
1.335 5177.063 4720.361 5598.291
1.337 5181.25 4724.735 5602.73
1.339 5185.431 4729.187 5607.199
1.34 5189.607 4733.581 5611.732
1.342 5193.777 4737.971 5616.217
1.344 5197.943 4742.383 5620.655
1.346 5202.103 4746.926 5625.135
1.348 5206.259 4751.41 5629.481
1.35 5210.409 4755.837 5633.92
1.351 5214.554 4760.185 5638.262
1.353 5218.695 4764.623 5642.758
1.355 5222.83 4768.919 5647.101
1.357 5226.961 4773.295 5651.469
1.359 5231.087 4777.666 5655.878
1.361 5235.209 4782.012 5660.194
1.362 5239.326 4786.276 5664.66
1.364 5243.438 4790.675 5668.986
1.366 5247.546 4794.94 5673.356
1.368 5251.649 4799.328 5677.652
1.37 5255.749 4803.693 5682.079
1.372 5259.843 4807.849 5686.618
1.374 5263.934 4812.203 5691.067
1.376 5268.02 4816.695 5695.572
1.377 5272.102 4821.041 5699.82
1.379 5276.179 4825.422 5704.222
1.381 5280.253 4829.485 5708.664
1.383 5284.323 4833.776 5712.965
1.385 5288.389 4837.985 5717.254
1.387 5292.45 4842.307 5721.538
1.389 5296.508 4846.437 5725.755
1.391 5300.562 4850.502 5730.127
1.393 5304.612 4854.771 5734.47
1.395 5308.659 4858.889 5738.873
1.397 5312.701 4863.212 5743.152
1.399 5316.74 4867.3 5747.435
1.401 5320.776 4871.551 5751.755
1.403 5324.808 4875.783 5755.998
1.404 5328.836 4880.144 5760.279
1.406 5332.861 4884.482 5764.472
1.408 5336.882 4888.74 5768.785
1.41 5340.9 4892.941 5773.058
1.412 5344.915 4897.045 5777.44
1.414 5348.926 4901.199 5781.708
1.416 5352.934 4905.425 5786.035
1.418 5356.939 4909.626 5790.391
1.42 5360.941 4913.904 5794.627
1.422 5364.939 4918.132 5798.915
1.425 5368.935 4922.133 5803.199
1.427 5372.927 4926.332 5807.553
1.429 5376.916 4930.448 5811.785
1.431 5380.903 4934.474 5816.058
1.433 5384.886 4938.74 5820.519
1.435 5388.867 4942.823 5824.635
1.437 5392.844 4947.003 5828.986
1.439 5396.819 4951.158 5833.172
1.441 5400.791 4955.145 5837.391
1.443 5404.761 4959.13 5841.686
1.445 5408.727 4963.216 5845.987
1.447 5412.691 4967.319 5850.034
1.449 5416.653 4971.432 5854.24
1.451 5420.611 4975.434 5858.552
1.453 5424.568 4979.469 5862.82
1.456 5428.521 4983.571 5867.12
1.458 5432.473 4987.647 5871.322
1.46 5436.422 4991.559 5875.492
1.462 5440.368 4995.66 5879.723
1.464 5444.312 4999.622 5883.893
1.466 5448.254 5003.698 5888.067
1.468 5452.193 5007.677 5892.243
1.471 5456.131 5011.571 5896.629
1.473 5460.066 5015.62 5900.905
1.475 5463.999 5019.618 5905.18
1.477 5467.929 5023.759 5909.266
1.479 5471.858 5027.878 5913.368
1.481 5475.784 5031.888 5917.715
1.484 5479.709 5035.896 5921.997
1.486 5483.631 5039.95 5926.252
1.488 5487.552 5044.028 5930.525
1.49 5491.471 5047.928 5934.582
1.493 5495.387 5051.889 5938.843
1.495 5499.302 5055.956 5943.251
1.497 5503.215 5059.851 5947.49
1.499 5507.126 5063.768 5951.78
1.502 5511.036 5067.61 5955.97
1.504 5514.944 5071.492 5960.145
1.506 5518.85 5075.407 5964.377
1.508 5522.754 5079.303 5968.678
1.511 5526.657 5083.265 5972.916
1.513 5530.558 5087.156 5977.262
1.515 5534.457 5091.102 5981.517
1.517 5538.355 5095.053 5985.782
1.52 5542.252 5098.961 5989.859
1.522 5546.147 5102.894 5994.256
1.524 5550.041 5106.679 5998.408
1.527 5553.933 5110.513 6002.655
1.529 5557.824 5114.46 6006.849
1.531 5561.713 5118.524 6011.046
1.534 5565.601 5122.593 6015.276
1.536 5569.488 5126.493 6019.513
1.538 5573.374 5130.284 6023.768
1.541 5577.258 5134.184 6027.946
1.543 5581.142 5137.97 6032.119
1.546 5585.024 5141.76 6036.428
1.548 5588.905 5145.669 6040.721
1.55 5592.784 5149.82 6045.027
1.553 5596.663 5153.605 6049.241
1.555 5600.541 5157.615 6053.437
1.558 5604.418 5161.573 6057.634
1.56 5608.293 5165.279 6061.858
1.563 5612.168 5169.129 6066.007
1.565 5616.042 5172.903 6070.036
1.567 5619.915 5176.771 6074.106
1.57 5623.787 5180.674 6078.14
1.572 5627.659 5184.528 6082.326
1.575 5631.529 5188.354 6086.521
1.577 5635.399 5192.166 6090.728
1.58 5639.268 5195.975 6094.974
1.582 5643.136 5199.65 6098.992
1.585 5647.004 5203.374 6103.188
1.587 5650.871 5207.275 6107.349
1.59 5654.737 5211.204 6111.523
1.592 5658.603 5215.038 6115.815
1.595 5662.468 5218.9 6120.01
1.597 5666.333 5222.652 6124.14
1.6 5670.197 5226.366 6128.299
1.603 5674.06 5230.097 6132.544
1.605 5677.924 5233.831 6136.756
1.608 5681.786 5237.688 6140.949
1.61 5685.649 5241.431 6145.111
1.613 5689.511 5245.197 6149.243
1.616 5693.372 5248.975 6153.298
1.618 5697.233 5252.849 6157.533
1.621 5701.094 5256.65 6161.814
1.623 5704.955 5260.499 6166.148
1.626 5708.816 5264.232 6170.394
1.629 5712.676 5267.974 6174.516
1.631 5716.536 5271.649 6178.748
1.634 5720.396 5275.354 6183.059
1.637 5724.256 5279.124 6187.233
1.639 5728.115 5282.803 6191.521
1.642 5731.975 5286.555 6195.688
1.645 5735.835 5290.408 6199.981
1.647 5739.694 5294.134 6204.188
1.65 5743.554 5298.005 6208.353
1.653 5747.413 5301.758 6212.578
1.656 5751.273 5305.454 6216.822
1.658 5755.133 5309.397 6220.922
1.661 5758.993 5313.251 6225.075
1.664 5762.853 5317.04 6229.357
1.667 5766.713 5320.889 6233.591
1.669 5770.573 5324.693 6237.711
1.672 5774.434 5328.539 6241.882
1.675 5778.295 5332.231 6246.012
1.678 5782.156 5335.942 6250.065
1.681 5786.017 5339.641 6254.318
1.684 5789.879 5343.269 6258.571
1.686 5793.741 5346.967 6262.702
1.689 5797.603 5350.811 6266.895
1.692 5801.466 5354.482 6271.001
1.695 5805.329 5358.235 6275.366
1.698 5809.193 5362.091 6279.519
1.701 5813.057 5366.004 6283.775
1.704 5816.922 5369.806 6287.992
1.706 5820.787 5373.68 6292.246
1.709 5824.653 5377.459 6296.337
1.712 5828.519 5381.144 6300.619
1.715 5832.386 5385.049 6304.809
1.718 5836.254 5388.819 6308.962
1.721 5840.122 5392.579 6313.233
1.724 5843.991 5396.435 6317.412
1.727 5847.861 5400.099 6321.574
1.73 5851.731 5403.862 6325.799
1.733 5855.602 5407.541 6330.003
1.736 5859.474 5411.286 6334.29
1.739 5863.347 5415.077 6338.513
1.742 5867.221 5418.749 6342.73
1.745 5871.095 5422.559 6347.053
1.748 5874.97 5426.248 6351.271
1.751 5878.847 5430.058 6355.463
1.754 5882.724 5433.75 6359.658
1.757 5886.602 5437.47 6363.928
1.761 5890.481 5441.096 6368.125
1.764 5894.362 5444.853 6372.451
1.767 5898.243 5448.715 6376.673
1.77 5902.125 5452.673 6380.935
1.773 5906.008 5456.315 6385.148
1.776 5909.893 5460.077 6389.271
1.779 5913.779 5463.805 6393.5
1.783 5917.666 5467.435 6397.769
1.786 5921.554 5471.22 6401.944
1.789 5925.443 5474.977 6406.122
1.792 5929.333 5478.736 6410.442
1.795 5933.225 5482.592 6414.62
1.799 5937.118 5486.43 6418.869
1.802 5941.013 5490.236 6423.079
1.805 5944.908 5493.851 6427.37
1.808 5948.806 5497.818 6431.761
1.812 5952.704 5501.63 6435.943
1.815 5956.604 5505.308 6440.294
1.818 5960.505 5509.012 6444.357
1.821 5964.408 5512.728 6448.679
1.825 5968.313 5516.387 6452.966
1.828 5972.219 5520.118 6457.102
1.832 5976.126 5523.823 6461.377
1.835 5980.035 5527.493 6465.755
1.838 5983.946 5531.392 6470.127
1.842 5987.858 5535.155 6474.326
1.845 5991.772 5538.954 6478.563
1.848 5995.688 5542.761 6482.728
1.852 5999.605 5546.558 6487.009
1.855 6003.524 5550.392 6491.378
1.859 6007.445 5554.2 6495.671
1.862 6011.367 5557.935 6499.889
1.866 6015.292 5561.679 6504.143
1.869 6019.218 5565.354 6508.416
1.873 6023.146 5569.182 6512.718
1.876 6027.076 5572.922 6517.065
1.88 6031.008 5576.583 6521.374
1.883 6034.942 5580.346 6525.723
1.887 6038.878 5584.122 6529.886
1.89 6042.816 5587.936 6534.284
1.894 6046.755 5591.754 6538.585
1.898 6050.697 5595.674 6542.95
1.901 6054.641 5599.431 6547.312
1.905 6058.587 5603.18 6551.559
1.908 6062.535 5607.037 6555.799
1.912 6066.486 5610.795 6560.051
1.916 6070.438 5614.378 6564.378
1.919 6074.393 5618.154 6568.773
1.923 6078.35 5622.026 6572.955
1.927 6082.309 5625.822 6577.187
1.931 6086.27 5629.747 6581.605
1.934 6090.234 5633.62 6585.902
1.938 6094.2 5637.396 6590.2
1.942 6098.169 5641.214 6594.55
1.946 6102.139 5645.038 6598.81
1.949 6106.113 5648.895 6603.075
1.953 6110.088 5652.671 6607.397
1.957 6114.066 5656.524 6611.714
1.961 6118.047 5660.365 6615.936
1.965 6122.03 5664.131 6620.335
1.969 6126.016 5668.151 6624.569
1.972 6130.004 5671.856 6628.774
1.976 6133.995 5675.645 6633.129
1.98 6137.988 5679.424 6637.481
1.984 6141.985 5683.339 6641.925
1.988 6145.983 5687.159 6646.241
1.992 6149.985 5690.919 6650.73
1.996 6153.989 5694.606 6655.107
2 6157.996 5698.628 6659.475
2.004 6162.006 5702.356 6663.924
2.008 6166.019 5706.165 6668.226
2.012 6170.034 5709.975 6672.5
2.016 6174.053 5713.87 6676.862
2.02 6178.074 5717.679 6681.123
2.024 6182.098 5721.53 6685.509
2.028 6186.125 5725.381 6689.98
2.033 6190.155 5729.283 6694.489
2.037 6194.189 5733.151 6698.93
2.041 6198.225 5736.99 6703.342
2.045 6202.264 5740.82 6707.595
2.049 6206.306 5744.77 6711.945
2.053 6210.352 5748.689 6716.231
2.058 6214.401 5752.509 6720.523
2.062 6218.452 5756.289 6724.989
2.066 6222.507 5760.348 6729.451
2.07 6226.566 5764.267 6733.975
2.075 6230.627 5768.04 6738.302
2.079 6234.692 5771.85 6742.743
2.083 6238.76 5775.761 6747.098
2.088 6242.832 5779.625 6751.606
2.092 6246.907 5783.461 6756.083
2.096 6250.985 5787.293 6760.455
2.101 6255.067 5791.204 6764.968
2.105 6259.152 5795.104 6769.508
2.11 6263.241 5798.983 6774.025
2.114 6267.333 5802.978 6778.613
2.119 6271.429 5806.765 6783.259
2.123 6275.529 5810.691 6787.842
2.128 6279.632 5814.47 6792.208
2.132 6283.739 5818.36 6796.556
2.137 6287.849 5822.419 6800.952
2.141 6291.963 5826.4 6805.461
2.146 6296.081 5830.243 6809.878
2.151 6300.203 5834.142 6814.349
2.155 6304.328 5838.033 6818.913
2.16 6308.458 5841.957 6823.354
2.165 6312.591 5845.961 6827.733
2.169 6316.728 5849.924 6832.413
2.174 6320.869 5853.784 6837.01
2.179 6325.014 5857.791 6841.432
2.183 6329.163 5861.726 6845.929
2.188 6333.316 5865.739 6850.475
2.193 6337.473 5869.733 6854.906
2.198 6341.634 5873.842 6859.503
2.203 6345.799 5877.858 6863.991
2.208 6349.969 5881.85 6868.511
2.212 6354.142 5885.76 6873.068
2.217 6358.32 5889.77 6877.683
2.222 6362.502 5893.803 6882.119
2.227 6366.689 5897.781 6886.625
2.232 6370.879 5901.709 6891.305
2.237 6375.075 5905.559 6896.037
2.242 6379.274 5909.645 6900.497
2.247 6383.478 5913.641 6905.129
2.252 6387.686 5917.712 6909.685
2.257 6391.899 5921.701 6914.24
2.262 6396.116 5925.773 6918.735
2.268 6400.338 5929.858 6923.27
2.273 6404.564 5933.926 6927.847
2.278 6408.796 5937.991 6932.461
2.283 6413.031 5942.002 6937.127
2.288 6417.272 5946.031 6941.696
2.294 6421.517 5950.188 6946.336
2.299 6425.767 5954.278 6951.006
2.304 6430.021 5958.241 6955.83
2.309 6434.281 5962.264 6960.466
2.315 6438.545 5966.344 6964.993
2.32 6442.814 5970.307 6969.801
2.326 6447.089 5974.357 6974.565
2.331 6451.368 5978.436 6979.237
2.336 6455.652 5982.436 6983.888
2.342 6459.941 5986.565 6988.699
2.347 6464.235 5990.46 6993.302
2.353 6468.535 5994.517 6998.012
2.358 6472.839 5998.636 7002.82
2.364 6477.149 6002.831 7007.511
2.37 6481.464 6007.112 7012.291
2.375 6485.784 6011.29 7017.017
2.381 6490.11 6015.245 7021.709
2.387 6494.441 6019.332 7026.538
2.392 6498.777 6023.47 7031.301
2.398 6503.119 6027.617 7036.051
2.404 6507.466 6031.761 7040.667
2.41 6511.818 6035.833 7045.539
2.415 6516.177 6040.008 7050.321
2.421 6520.54 6044.08 7055.2
2.427 6524.91 6048.314 7059.942
2.433 6529.285 6052.491 7064.803
2.439 6533.665 6056.535 7069.634
2.445 6538.052 6060.781 7074.623
2.451 6542.444 6065.009 7079.446
2.457 6546.842 6069.217 7084.447
2.463 6551.246 6073.518 7089.172
2.469 6555.655 6077.654 7094.031
2.475 6560.071 6081.819 7098.956
2.481 6564.493 6085.931 7103.728
2.488 6568.92 6090.155 7108.685
2.494 6573.354 6094.443 7113.505
2.5 6577.794 6098.711 7118.567
2.506 6582.24 6102.883 7123.461
2.513 6586.692 6107.084 7128.332
2.519 6591.15 6111.386 7133.315
2.525 6595.615 6115.746 7138.079
2.532 6600.086 6120.106 7142.939
2.538 6604.563 6124.299 7148.097
2.545 6609.047 6128.551 7152.835
2.551 6613.537 6132.801 7157.815
2.558 6618.034 6137.084 7162.69
2.564 6622.537 6141.437 7167.672
2.571 6627.046 6145.671 7172.506
2.577 6631.563 6149.969 7177.386
2.584 6636.086 6154.172 7182.308
2.591 6640.616 6158.587 7187.192
2.597 6645.152 6162.835 7192.18
2.604 6649.695 6167.212 7197.118
2.611 6654.246 6171.441 7202.032
2.618 6658.803 6175.679 7206.971
2.625 6663.367 6179.965 7211.759
2.632 6667.938 6184.201 7216.796
2.639 6672.516 6188.631 7221.921
2.646 6677.101 6193.018 7226.923
2.653 6681.693 6197.529 7232.015
2.66 6686.293 6201.815 7237.169
2.667 6690.899 6206.221 7242.126
2.674 6695.514 6210.478 7247.125
2.681 6700.135 6214.672 7252.197
2.688 6704.764 6218.949 7257.114
2.695 6709.4 6223.313 7262.144
2.703 6714.044 6227.72 7267.234
2.71 6718.695 6232.148 7272.301
2.717 6723.354 6236.589 7277.306
2.725 6728.02 6240.972 7282.268
2.732 6732.694 6245.384 7287.431
2.74 6737.376 6249.965 7292.67
2.747 6742.066 6254.372 7297.786
2.755 6746.764 6258.883 7302.851
2.762 6751.469 6263.349 7307.835
2.77 6756.183 6267.757 7312.918
2.778 6760.904 6272.168 7318.009
2.786 6765.634 6276.605 7323.186
2.793 6770.371 6281.132 7328.246
2.801 6775.117 6285.687 7333.561
2.809 6779.871 6290.201 7338.784
2.817 6784.634 6294.54 7343.971
2.825 6789.405 6299.085 7349.139
2.833 6794.184 6303.631 7354.472
2.841 6798.971 6308.17 7359.702
2.849 6803.768 6312.659 7364.917
2.857 6808.573 6317.138 7370.288
2.865 6813.386 6321.704 7375.502
2.874 6818.208 6326.289 7380.782
2.882 6823.039 6330.799 7386.087
2.89 6827.879 6335.4 7391.5
2.899 6832.728 6339.9 7396.826
2.907 6837.585 6344.348 7402.012
2.915 6842.452 6348.927 7407.397
2.924 6847.328 6353.466 7412.692
2.933 6852.212 6358.065 7418.078
2.941 6857.107 6362.777 7423.582
2.95 6862.01 6367.452 7429.019
2.959 6866.923 6372.063 7434.38
2.967 6871.845 6376.607 7439.656
2.976 6876.776 6381.286 7445.161
2.985 6881.717 6386.054 7450.485
2.994 6886.668 6390.705 7455.819
3.003 6891.628 6395.53 7461.329
3.012 6896.598 6400.178 7466.702
3.021 6901.578 6404.835 7472.012
3.03 6906.568 6409.499 7477.407
3.04 6911.568 6414.174 7482.93
3.049 6916.577 6418.935 7488.384
3.058 6921.597 6423.777 7493.756
3.067 6926.627 6428.546 7499.277
3.077 6931.667 6433.276 7504.793
3.086 6936.718 6438.152 7510.358
3.096 6941.779 6442.947 7515.853
3.106 6946.85 6447.654 7521.368
3.115 6951.932 6452.206 7526.915
3.125 6957.024 6457.167 7532.556
3.135 6962.127 6462.067 7537.975
3.145 6967.241 6466.703 7543.705
3.155 6972.366 6471.665 7549.11
3.165 6977.501 6476.578 7554.736
3.175 6982.648 6481.512 7560.273
3.185 6987.805 6486.391 7565.915
3.195 6992.974 6491.358 7571.627
3.205 6998.154 6496.16 7577.359
3.215 7003.345 6501.082 7583.083
3.226 7008.548 6506.082 7588.825
3.236 7013.762 6510.89 7594.45
3.247 7018.987 6515.801 7600.028
3.257 7024.224 6520.656 7605.861
3.268 7029.473 6525.561 7611.498
3.279 7034.734 6530.363 7617.309
3.289 7040.007 6535.314 7623.048
3.3 7045.291 6540.25 7628.841
3.311 7050.588 6545.246 7634.705
3.322 7055.897 6550.055 7640.387
3.333 7061.218 6555.129 7646.186
3.344 7066.551 6560.18 7651.954
3.356 7071.897 6565.221 7657.719
3.367 7077.255 6570.32 7663.66
3.378 7082.626 6575.348 7669.467
3.39 7088.01 6580.498 7675.385
3.401 7093.406 6585.622 7681.365
3.413 7098.815 6590.631 7687.159
3.425 7104.238 6595.93 7693.204
3.436 7109.673 6601.016 7699.129
3.448 7115.121 6606.064 7705.214
3.46 7120.583 6611.131 7711.334
3.472 7126.058 6616.155 7717.417
3.484 7131.547 6621.269 7723.451
3.497 7137.049 6626.353 7729.408
3.509 7142.565 6631.474 7735.52
3.521 7148.095 6636.706 7741.659
3.534 7153.639 6641.97 7747.85
3.546 7159.196 6647.141 7753.908
3.559 7164.768 6652.422 7759.824
3.571 7170.354 6657.799 7765.941
3.584 7175.954 6663.034 7772.023
3.597 7181.569 6668.295 7778.149
3.61 7187.199 6673.609 7784.215
3.623 7192.842 6678.951 7790.344
3.636 7198.501 6684.287 7796.384
3.65 7204.175 6689.563 7802.594
3.663 7209.864 6694.933 7808.801
3.676 7215.567 6700.275 7814.969
3.69 7221.286 6705.645 7821.36
3.704 7227.021 6711.021 7827.676
3.717 7232.771 6716.489 7833.835
3.731 7238.536 6721.786 7840.164
3.745 7244.317 6727.184 7846.661
3.759 7250.115 6732.77 7853.071
3.774 7255.928 6738.261 7859.243
3.788 7261.757 6743.655 7865.558
3.802 7267.602 6749.18 7871.788
3.817 7273.464 6754.654 7878.224
3.831 7279.343 6760.202 7884.584
3.846 7285.238 6765.729 7891.153
3.861 7291.149 6771.125 7897.633
3.876 7297.078 6776.712 7903.955
3.891 7303.024 6782.193 7910.416
3.906 7308.987 6787.676 7916.784
3.922 7314.967 6793.188 7923.196
3.937 7320.965 6798.714 7929.686
3.953 7326.98 6804.606 7936.323
3.968 7333.013 6810.295 7942.897
3.984 7339.065 6816.073 7949.42
4 7345.134 6821.597 7955.925
4.016 7351.221 6827.425 7962.668
4.032 7357.327 6833.098 7969.183
4.049 7363.451 6838.884 7975.832
4.065 7369.594 6844.645 7982.651
4.082 7375.756 6850.552 7989.47
4.098 7381.937 6856.239 7996.263
4.115 7388.137 6862.082 8003.067
4.132 7394.356 6867.913 8009.776
4.149 7400.595 6873.558 8016.642
4.167 7406.854 6879.479 8023.589
4.184 7413.132 6885.359 8030.335
4.202 7419.43 6891.236 8037.192
4.219 7425.749 6897.185 8044.102
4.237 7432.088 6903.069 8050.99
4.255 7438.447 6908.863 8057.879
4.274 7444.827 6914.915 8064.802
4.292 7451.228 6920.89 8071.901
4.31 7457.65 6926.864 8079.098
4.329 7464.094 6932.992 8086.188
4.348 7470.559 6939.031 8093.257
4.367 7477.045 6945.045 8100.382
4.386 7483.554 6951.117 8107.634
4.405 7490.084 6957.157 8114.793
4.425 7496.637 6963.477 8121.997
4.444 7503.212 6969.608 8129.481
4.464 7509.81 6975.823 8136.796
4.484 7516.431 6982.197 8144.034
4.505 7523.074 6988.348 8151.474
4.525 7529.741 6994.601 8158.681
4.545 7536.432 7000.958 8165.998
4.566 7543.146 7007.197 8173.427
4.587 7549.885 7013.559 8180.862
4.608 7556.647 7019.744 8188.335
4.63 7563.434 7026.113 8195.777
4.651 7570.245 7032.342 8203.528
4.673 7577.082 7038.752 8210.919
4.695 7583.943 7045.227 8218.474
4.717 7590.83 7051.655 8226.168
4.739 7597.742 7057.966 8233.903
4.762 7604.68 7064.285 8241.702
4.785 7611.644 7070.881 8249.532
4.808 7618.635 7077.34 8257.21
4.831 7625.652 7083.874 8264.82
4.854 7632.696 7090.416 8272.26
4.878 7639.768 7096.986 8280.135
4.902 7646.866 7103.664 8288.088
4.926 7653.992 7110.156 8296.041
4.95 7661.146 7116.802 8303.983
4.975 7668.329 7123.276 8312.097
5 7675.54 7129.761 8320.342
5.025 7682.779 7136.416 8328.787
5.051 7690.048 7143.233 8336.556
5.076 7697.346 7149.999 8344.804
5.102 7704.674 7156.949 8352.915
5.128 7712.032 7163.846 8361.018
5.155 7719.42 7170.702 8369.43
5.181 7726.839 7177.77 8377.716
5.208 7734.288 7184.742 8386.298
5.236 7741.769 7191.691 8394.904
5.263 7749.282 7198.707 8403.6
5.291 7756.826 7205.726 8412.3
5.319 7764.403 7212.729 8420.752
5.348 7772.012 7219.552 8429.356
5.376 7779.655 7226.591 8437.943
5.405 7787.33 7233.623 8446.303
5.435 7795.04 7240.724 8455.256
5.464 7802.783 7247.803 8464.147
5.495 7810.561 7254.815 8472.704
5.525 7818.373 7262.002 8481.662
5.556 7826.221 7269.288 8490.65
5.587 7834.104 7276.83 8499.608
5.618 7842.023 7283.918 8508.601
5.65 7849.979 7291.265 8517.816
5.682 7857.971 7298.374 8526.802
5.714 7866.001 7305.783 8535.987
5.747 7874.068 7313.333 8545.162
5.78 7882.174 7320.966 8554.034
5.814 7890.318 7328.558 8563.432
5.848 7898.5 7336.034 8572.87
5.882 7906.723 7343.708 8582.04
5.917 7914.985 7351.298 8591.475
5.952 7923.287 7359.106 8600.843
5.988 7931.631 7366.932 8610.526
6.024 7940.015 7374.764 8620.004
6.061 7948.441 7382.435 8629.571
6.098 7956.91 7390.2 8639.276
6.135 7965.422 7398.06 8649.096
6.173 7973.977 7405.878 8658.804
6.211 7982.575 7413.838 8668.727
6.25 7991.219 7421.822 8678.418
6.289 7999.907 7429.958 8688.262
6.329 8008.64 7437.779 8698.247
6.369 8017.42 7445.904 8708.442
6.41 8026.247 7454.018 8718.496
6.452 8035.121 7462.222 8728.637
6.494 8044.042 7470.21 8739.144
6.536 8053.012 7478.423 8749.534
6.579 8062.032 7486.601 8760.311
6.623 8071.101 7494.907 8771.209
6.667 8080.221 7503.245 8781.416
6.711 8089.391 7511.595 8791.825
6.757 8098.614 7520.125 8802.486
6.803 8107.889 7528.6 8813.386
6.849 8117.217 7537.124 8824.277
6.897 8126.599 7545.686 8834.997
6.944 8136.036 7554.04 8846.102
6.993 8145.528 7562.578 8857.074
7.042 8155.076 7571.336 8868.436
7.092 8164.681 7580.051 8879.716
7.143 8174.344 7588.903 8890.887
7.194 8184.066 7597.603 8902.3
7.246 8193.846 7606.581 8913.593
7.299 8203.688 7615.482 8925.192
7.353 8213.59 7624.526 8937.019
7.407 8223.554 7633.768 8948.939
7.463 8233.581 7642.76 8960.57
7.519 8243.672 7652.069 8972.451
7.576 8253.828 7661.285 8984.517
7.634 8264.05 7670.496 8996.556
7.692 8274.338 7679.951 9008.636
7.752 8284.694 7689.252 9021.098
7.812 8295.119 7698.735 9033.064
7.874 8305.613 7708.289 9045.423
7.937 8316.179 7717.735 9057.748
8 8326.816 7727.369 9070.391
8.065 8337.527 7737.141 9083.482
8.13 8348.312 7746.775 9096.008
8.197 8359.173 7756.375 9108.863
8.264 8370.11 7766.211 9122.038
8.333 8381.126 7776.129 9135.02
8.403 8392.221 7786.088 9148.486
8.475 8403.396 7796.194 9161.954
8.547 8414.653 7806.226 9175.355
8.621 8425.993 7816.367 9189.063
8.696 8437.419 7826.551 9203.307
8.772 8448.93 7836.768 9217.063
8.85 8460.529 7847.229 9230.904
8.929 8472.217 7857.636 9245.213
9.009 8483.996 7868.095 9259.677
9.091 8495.868 7878.411 9274.59
9.174 8507.833 7889.099 9289.265
9.259 8519.894 7899.917 9303.852
9.346 8532.052 7910.652 9319.115
9.434 8544.31 7921.267 9333.775
9.524 8556.669 7932.1 9349.266
9.615 8569.13 7943.117 9364.667
9.709 8581.697 7954.385 9380.268
9.804 8594.37 7965.503 9396.4
9.901 8607.152 7976.733 9412.334
10 8620.046 7988.037 9428.83
10.101 8633.052 7999.266 9445.349
10.204 8646.175 8011.13 9461.151
10.309 8659.414 8022.768 9477.437
10.417 8672.775 8034.401 9493.495
10.526 8686.257 8046.308 9510.497
10.638 8699.865 8058.404 9527.361
10.753 8713.601 8070.535 9544.558
10.87 8727.467 8082.283 9562.141
10.989 8741.466 8094.403 9580.1
11.111 8755.602 8106.712 9598.146
11.236 8769.876 8119.143 9616.209
11.364 8784.293 8131.656 9634.67
11.494 8798.855 8144.283 9653.481
11.628 8813.565 8157.068 9672.323
11.765 8828.427 8170.228 9691.324
11.905 8843.445 8183.487 9710.595
12.048 8858.622 8196.713 9730.199
12.195 8873.962 8210.074 9750.045
12.346 8889.468 8223.36 9770.581
12.5 8905.146 8236.475 9791.551
12.658 8920.998 8250.249 9812.142
12.821 8937.029 8264.201 9833.386
12.987 8953.244 8278.069 9855.066
13.158 8969.648 8292.062 9876.37
13.333 8986.244 8306.148 9898.608
13.514 9003.04 8320.806 9921.148
13.699 9020.038 8335.146 9943.442
13.889 9037.246 8349.742 9966.232
14.085 9054.668 8364.492 9989.491
14.286 9072.311 8379.531 10013.761
14.493 9090.181 8394.588 10038.122
14.706 9108.284 8410.046 10062.305
14.925 9126.627 8425.279 10087.078
15.152 9145.217 8441.278 10111.396
15.385 9164.061 8457.159 10137.165
15.625 9183.167 8473.12 10162.877
15.873 9202.542 8489.497 10189.075
16.129 9222.197 8505.856 10216.57
16.393 9242.138 8522.276 10244.201
16.667 9262.375 8539.1 10272.538
16.949 9282.919 8556.271 10300.367
17.241 9303.778 8573.472 10329.422
17.544 9324.964 8591.122 10358.562
17.857 9346.488 8608.965 10389.116
18.182 9368.362 8627.041 10420.524
18.519 9390.599 8645.309 10452.366
18.868 9413.21 8664.281 10484.314
19.231 9436.211 8683.244 10517.052
19.608 9459.615 8702.592 10550.738
20 9483.439 8721.89 10585.308
20.408 9507.699 8741.867 10620.409
20.833 9532.412 8762.072 10656.442
21.277 9557.597 8782.331 10693.108
21.739 9583.273 8802.88 10731.3
22.222 9609.461 8824.441 10769.249
22.727 9636.184 8845.966 10809.338
23.256 9663.465 8868.066 10850.028
23.81 9691.33 8890.062 10892.37
24.39 9719.806 8912.851 10935.253
25 9748.923 8935.753 10979.374
25.641 9778.711 8959.268 11024.493
26.316 9809.205 8983.44 11070.498
27.027 9840.44 9008.021 11119.371
27.778 9872.457 9033.31 11168.822
28.571 9905.298 9059.01 11219.893
29.412 9939.009 9084.703 11273.075
30.303 9973.64 9111.522 11326.995
31.25 10009.247 9139.396 11383.798
32.258 10045.889 9167.989 11442.654
33.333 10083.631 9196.832 11503.352
34.483 10122.547 9226.661 11565.175
35.714 10162.715 9256.955 11630.821
37.037 10204.224 9288.384 11698.317
38.462 10247.172 9320.497 11768.882
40 10291.667 9353.695 11845.093
41.667 10337.833 9388.017 11922.251
43.478 10385.806 9423.607 12004.568
45.455 10435.742 9460.298 12089.817
47.619 10487.818 9498.754 12179.945
50 10542.235 9538.048 12276.518
52.632 10599.225 9579.04 12376.174
55.556 10659.058 9621.724 12483.003
58.824 10722.048 9666.244 12595.496
62.5 10788.564 9712.266 12717.763
66.667 10859.046 9760.802 12846.975
71.429 10934.023 9811.837 12985.659
76.923 11014.139 9865.22 13135.51
83.333 11100.189 9922.625 13299.251
90.909 11193.17 9983.109 13480.105
100 11294.357 10048.702 13680.923
111.111 11405.423 10118.877 13904.282
125 11528.613 10197.339 14154.722
142.857 11667.055 10282.377 14443.864
166.667 11825.291 10378.068 14788.445
200 12010.294 10485.773 15196.241
250 12233.613 10612.309 15707.93
333.333 12516.595 10765.72 16390.917
500 12906.278 10962.963 17395.544
1000 13548.587 11260.853 19211.094
1111.111 13643.667 11302.25 19495.848
1250 13749.177 11347.551 19827.28
1428.571 13867.809 11397.494 20201.608
1666.667 14003.467 11452.287 20632.938
2000 14162.15 11514.364 21159.888
2500 14353.79 11587.314 21820.884
3333.333 14596.747 11676.784 22689.638
5000 14931.477 11795.083 23961.768
10000 15483.478 11973.481 26292.353
