"Pr" "Mp" "Q_2" "Q_9"
1.01 3065.519 2631.793 3367.963
1.011 3096.504 2667.744 3395.957
1.012 3125.337 2701.177 3422.009
1.013 3152.34 2732.489 3446.473
1.014 3177.764 2761.845 3469.513
1.015 3201.813 2789.63 3491.361
1.016 3224.65 2815.888 3512.102
1.017 3246.412 2840.866 3531.949
1.018 3267.213 2864.957 3551.075
1.019 3287.149 2887.854 3569.245
1.02 3306.301 2909.887 3586.649
1.021 3324.741 2930.986 3603.417
1.022 3342.53 2951.285 3619.767
1.024 3359.721 2970.867 3635.599
1.025 3376.361 2989.938 3650.881
1.026 3392.491 3008.326 3665.859
1.027 3408.149 3026.05 3680.148
1.028 3423.367 3043.335 3694.111
1.029 3438.175 3060.199 3707.806
1.03 3452.599 3076.533 3721.066
1.031 3466.664 3092.595 3734.131
1.032 3480.39 3108.181 3746.772
1.033 3493.798 3123.318 3759.207
1.034 3506.906 3138.004 3771.259
1.035 3519.73 3152.518 3783.178
1.036 3532.285 3166.631 3794.857
1.037 3544.585 3180.433 3806.161
1.038 3556.644 3194.066 3817.302
1.04 3568.473 3207.485 3828.4
1.041 3580.082 3220.501 3839.176
1.042 3591.483 3233.31 3849.848
1.043 3602.684 3245.774 3860.246
1.044 3613.695 3258.196 3870.468
1.045 3624.523 3270.4 3880.504
1.046 3635.177 3282.421 3890.433
1.047 3645.664 3294.1 3900.211
1.048 3655.989 3305.705 3909.853
1.049 3666.161 3317.094 3919.333
1.05 3676.185 3328.177 3928.72
1.052 3686.065 3339.185 3937.937
1.053 3695.809 3350.128 3947.019
1.054 3705.42 3360.874 3956.05
1.055 3714.903 3371.408 3964.954
1.056 3724.264 3381.835 3973.667
1.057 3733.505 3392.098 3982.241
1.058 3742.632 3402.285 3990.782
1.059 3751.647 3412.368 3999.257
1.06 3760.556 3422.261 4007.583
1.062 3769.36 3432.077 4015.862
1.063 3778.063 3441.826 4024.022
1.064 3786.669 3451.496 4032.139
1.065 3795.181 3460.961 4040.13
1.066 3803.6 3470.337 4048.069
1.067 3811.931 3479.503 4055.972
1.068 3820.175 3488.557 4063.663
1.07 3828.335 3497.578 4071.302
1.071 3836.413 3506.5 4078.861
1.072 3844.412 3515.357 4086.364
1.073 3852.334 3524.206 4093.79
1.074 3860.181 3533.02 4101.189
1.075 3867.955 3541.629 4108.509
1.076 3875.658 3550.097 4115.8
1.078 3883.291 3558.59 4123.017
1.079 3890.857 3566.989 4130.174
1.08 3898.357 3575.283 4137.271
1.081 3905.793 3583.512 4144.322
1.082 3913.166 3591.68 4151.232
1.083 3920.478 3599.808 4158.218
1.085 3927.73 3607.773 4164.983
1.086 3934.925 3615.542 4171.792
1.087 3942.062 3623.444 4178.543
1.088 3949.144 3631.224 4185.302
1.089 3956.172 3638.951 4191.911
1.091 3963.146 3646.651 4198.495
1.092 3970.069 3654.296 4205.025
1.093 3976.941 3661.923 4211.479
1.094 3983.764 3669.388 4217.941
1.095 3990.538 3676.723 4224.39
1.096 3997.264 3684.115 4230.775
1.098 4003.944 3691.412 4237.082
1.099 4010.579 3698.737 4243.353
1.1 4017.169 3705.982 4249.684
1.101 4023.715 3713.125 4255.91
1.103 4030.219 3720.257 4262.142
1.104 4036.681 3727.335 4268.283
1.105 4043.101 3734.391 4274.375
1.106 4049.482 3741.325 4280.462
1.107 4055.822 3748.151 4286.484
1.109 4062.125 3755.102 4292.567
1.11 4068.389 3761.882 4298.584
1.111 4074.616 3768.666 4304.489
1.112 4080.807 3775.406 4310.456
1.114 4086.961 3782.145 4316.3
1.115 4093.081 3788.805 4322.124
1.116 4099.166 3795.371 4327.946
1.117 4105.217 3801.972 4333.687
1.119 4111.234 3808.527 4339.382
1.12 4117.219 3815.103 4345.157
1.121 4123.172 3821.67 4350.85
1.122 4129.093 3828.193 4356.585
1.124 4134.984 3834.577 4362.152
1.125 4140.843 3840.951 4367.724
1.126 4146.673 3847.339 4373.311
1.127 4152.474 3853.631 4378.847
1.129 4158.245 3859.875 4384.409
1.13 4163.988 3866.094 4389.918
1.131 4169.703 3872.246 4395.444
1.133 4175.391 3878.378 4400.837
1.134 4181.051 3884.568 4406.279
1.135 4186.685 3890.672 4411.711
1.136 4192.292 3896.723 4417.089
1.138 4197.874 3902.768 4422.441
1.139 4203.431 3908.748 4427.722
1.14 4208.962 3914.709 4433.023
1.142 4214.469 3920.696 4438.308
1.143 4219.951 3926.562 4443.571
1.144 4225.41 3932.416 4448.824
1.145 4230.846 3938.317 4454.013
1.147 4236.258 3944.145 4459.211
1.148 4241.648 3949.925 4464.344
1.149 4247.015 3955.675 4469.545
1.151 4252.36 3961.546 4474.718
1.152 4257.683 3967.32 4479.865
1.153 4262.985 3973.094 4484.99
1.155 4268.266 3978.779 4490.049
1.156 4273.526 3984.389 4495.144
1.157 4278.766 3990.127 4500.179
1.159 4283.985 3995.767 4505.163
1.16 4289.184 4001.348 4510.109
1.161 4294.364 4006.928 4515.08
1.163 4299.525 4012.403 4520.089
1.164 4304.666 4018.012 4525.035
1.166 4309.789 4023.491 4529.976
1.167 4314.893 4029.048 4534.909
1.168 4319.979 4034.545 4539.766
1.17 4325.047 4040.019 4544.708
1.171 4330.097 4045.42 4549.575
1.172 4335.13 4050.838 4554.479
1.174 4340.145 4056.211 4559.286
1.175 4345.143 4061.506 4564.111
1.176 4350.125 4066.861 4568.914
1.178 4355.09 4072.201 4573.692
1.179 4360.038 4077.492 4578.514
1.181 4364.97 4082.837 4583.293
1.182 4369.887 4088.135 4588.057
1.183 4374.788 4093.376 4592.8
1.185 4379.673 4098.589 4597.565
1.186 4384.542 4103.76 4602.248
1.188 4389.397 4108.91 4606.884
1.189 4394.237 4114.02 4611.597
1.19 4399.062 4119.209 4616.225
1.192 4403.873 4124.325 4620.861
1.193 4408.669 4129.475 4625.568
1.195 4413.451 4134.63 4630.199
1.196 4418.219 4139.709 4634.813
1.198 4422.973 4144.84 4639.445
1.199 4427.714 4149.941 4644.012
1.2 4432.441 4154.963 4648.58
1.202 4437.154 4160.006 4653.143
1.203 4441.855 4165.025 4657.67
1.205 4446.543 4169.987 4662.154
1.206 4451.218 4175.06 4666.685
1.208 4455.88 4180.05 4671.174
1.209 4460.53 4184.997 4675.685
1.211 4465.167 4189.892 4680.18
1.212 4469.792 4194.835 4684.666
1.214 4474.405 4199.702 4689.104
1.215 4479.007 4204.669 4693.6
1.217 4483.596 4209.487 4698.016
1.218 4488.174 4214.386 4702.496
1.22 4492.74 4219.286 4706.935
1.221 4497.296 4224.106 4711.353
1.222 4501.839 4228.925 4715.799
1.224 4506.372 4233.703 4720.173
1.225 4510.894 4238.518 4724.535
1.227 4515.405 4243.38 4728.916
1.229 4519.906 4248.175 4733.247
1.23 4524.395 4252.94 4737.641
1.232 4528.875 4257.722 4741.994
1.233 4533.344 4262.478 4746.281
1.235 4537.803 4267.249 4750.606
1.236 4542.252 4272.04 4754.95
1.238 4546.691 4276.733 4759.263
1.239 4551.12 4281.442 4763.622
1.241 4555.539 4286.155 4767.927
1.242 4559.949 4290.81 4772.246
1.244 4564.349 4295.523 4776.512
1.245 4568.74 4300.167 4780.747
1.247 4573.122 4304.825 4785.017
1.248 4577.494 4309.458 4789.234
1.25 4581.858 4314.054 4793.481
1.252 4586.212 4318.627 4797.692
1.253 4590.558 4323.24 4801.904
1.255 4594.895 4327.833 4806.118
1.256 4599.223 4332.443 4810.344
1.258 4603.542 4337.043 4814.561
1.259 4607.853 4341.662 4818.771
1.261 4612.156 4346.192 4823
1.263 4616.451 4350.743 4827.177
1.264 4620.737 4355.296 4831.333
1.266 4625.015 4359.766 4835.481
1.267 4629.285 4364.299 4839.651
1.269 4633.548 4368.849 4843.833
1.271 4637.802 4373.328 4847.997
1.272 4642.049 4377.832 4852.151
1.274 4646.288 4382.291 4856.274
1.276 4650.52 4386.776 4860.387
1.277 4654.744 4391.212 4864.56
1.279 4658.961 4395.687 4868.667
1.28 4663.17 4400.188 4872.821
1.282 4667.372 4404.575 4876.928
1.284 4671.567 4409.012 4881.056
1.285 4675.755 4413.416 4885.127
1.287 4679.937 4417.752 4889.212
1.289 4684.111 4422.128 4893.292
1.29 4688.278 4426.518 4897.324
1.292 4692.439 4430.912 4901.402
1.294 4696.592 4435.251 4905.434
1.295 4700.74 4439.611 4909.471
1.297 4704.881 4443.952 4913.505
1.299 4709.015 4448.331 4917.541
1.3 4713.143 4452.696 4921.578
1.302 4717.264 4457.017 4925.651
1.304 4721.38 4461.395 4929.688
1.305 4725.489 4465.765 4933.735
1.307 4729.592 4470.073 4937.741
1.309 4733.689 4474.332 4941.766
1.311 4737.78 4478.6 4945.775
1.312 4741.866 4482.937 4949.789
1.314 4745.945 4487.242 4953.767
1.316 4750.019 4491.506 4957.76
1.318 4754.087 4495.784 4961.757
1.319 4758.149 4500.056 4965.761
1.321 4762.206 4504.233 4969.715
1.323 4766.257 4508.501 4973.706
1.325 4770.303 4512.698 4977.638
1.326 4774.343 4516.937 4981.627
1.328 4778.378 4521.158 4985.595
1.33 4782.408 4525.34 4989.525
1.332 4786.433 4529.516 4993.483
1.333 4790.452 4533.715 4997.411
1.335 4794.467 4537.92 5001.345
1.337 4798.476 4542.083 5005.245
1.339 4802.481 4546.307 5009.206
1.34 4806.48 4550.512 5013.121
1.342 4810.475 4554.672 5017.063
1.344 4814.465 4558.882 5020.988
1.346 4818.45 4563.02 5024.91
1.348 4822.43 4567.206 5028.837
1.35 4826.406 4571.374 5032.705
1.351 4830.377 4575.553 5036.573
1.353 4834.344 4579.753 5040.488
1.355 4838.306 4583.847 5044.38
1.357 4842.264 4587.927 5048.261
1.359 4846.217 4592.074 5052.164
1.361 4850.166 4596.203 5056.072
1.362 4854.111 4600.31 5059.958
1.364 4858.052 4604.411 5063.882
1.366 4861.988 4608.541 5067.818
1.368 4865.921 4612.628 5071.688
1.37 4869.849 4616.761 5075.509
1.372 4873.773 4620.891 5079.388
1.374 4877.693 4624.96 5083.25
1.376 4881.61 4629.026 5087.126
1.377 4885.522 4633.111 5090.972
1.379 4889.431 4637.192 5094.857
1.381 4893.336 4641.222 5098.693
1.383 4897.237 4645.253 5102.526
1.385 4901.135 4649.35 5106.368
1.387 4905.028 4653.378 5110.135
1.389 4908.919 4657.434 5114.034
1.391 4912.805 4661.49 5117.871
1.393 4916.689 4665.493 5121.696
1.395 4920.568 4669.507 5125.484
1.397 4924.445 4673.504 5129.305
1.399 4928.318 4677.528 5133.132
1.401 4932.187 4681.572 5136.938
1.403 4936.054 4685.608 5140.72
1.404 4939.917 4689.59 5144.515
1.406 4943.777 4693.577 5148.3
1.408 4947.633 4697.593 5152.076
1.41 4951.487 4701.601 5155.865
1.412 4955.338 4705.593 5159.643
1.414 4959.185 4709.606 5163.463
1.416 4963.03 4713.601 5167.272
1.418 4966.871 4717.589 5171.058
1.42 4970.71 4721.574 5174.863
1.422 4974.546 4725.557 5178.674
1.425 4978.379 4729.537 5182.452
1.427 4982.209 4733.468 5186.249
1.429 4986.036 4737.434 5190.018
1.431 4989.861 4741.399 5193.775
1.433 4993.683 4745.396 5197.523
1.435 4997.502 4749.402 5201.304
1.437 5001.319 4753.349 5205.079
1.439 5005.133 4757.312 5208.785
1.441 5008.945 4761.31 5212.508
1.443 5012.754 4765.26 5216.241
1.445 5016.561 4769.241 5220.015
1.447 5020.365 4773.23 5223.824
1.449 5024.167 4777.158 5227.554
1.451 5027.967 4781.115 5231.323
1.453 5031.764 4785.054 5235.085
1.456 5035.559 4788.967 5238.875
1.458 5039.352 4792.899 5242.64
1.46 5043.143 4796.776 5246.35
1.462 5046.931 4800.729 5250.138
1.464 5050.718 4804.627 5253.893
1.466 5054.502 4808.586 5257.648
1.468 5058.284 4812.446 5261.404
1.471 5062.064 4816.308 5265.173
1.473 5065.843 4820.272 5268.948
1.475 5069.619 4824.162 5272.708
1.477 5073.393 4828.11 5276.416
1.479 5077.166 4832.043 5280.22
1.481 5080.936 4835.938 5283.972
1.484 5084.705 4839.856 5287.654
1.486 5088.472 4843.783 5291.377
1.488 5092.237 4847.683 5295.137
1.49 5096.001 4851.592 5298.863
1.493 5099.762 4855.492 5302.599
1.495 5103.523 4859.352 5306.372
1.497 5107.281 4863.237 5310.096
1.499 5111.038 4867.058 5313.799
1.502 5114.794 4870.923 5317.511
1.504 5118.547 4874.817 5321.234
1.506 5122.3 4878.591 5324.947
1.508 5126.051 4882.492 5328.689
1.511 5129.8 4886.363 5332.472
1.513 5133.548 4890.216 5336.212
1.515 5137.295 4894.067 5339.91
1.517 5141.04 4897.924 5343.588
1.52 5144.784 4901.758 5347.256
1.522 5148.527 4905.574 5350.949
1.524 5152.269 4909.407 5354.698
1.527 5156.009 4913.287 5358.408
1.529 5159.748 4917.173 5362.142
1.531 5163.486 4920.995 5365.863
1.534 5167.223 4924.864 5369.59
1.536 5170.959 4928.712 5373.317
1.538 5174.693 4932.563 5377.019
1.541 5178.427 4936.362 5380.7
1.543 5182.16 4940.14 5384.382
1.546 5185.891 4944.031 5388.141
1.548 5189.622 4947.881 5391.85
1.55 5193.352 4951.734 5395.578
1.553 5197.081 4955.592 5399.284
1.555 5200.809 4959.462 5402.977
1.558 5204.536 4963.296 5406.679
1.56 5208.262 4967.109 5410.382
1.563 5211.988 4970.998 5414.123
1.565 5215.713 4974.827 5417.817
1.567 5219.437 4978.675 5421.533
1.57 5223.161 4982.515 5425.247
1.572 5226.883 4986.373 5428.937
1.575 5230.606 4990.209 5432.656
1.577 5234.327 4994.017 5436.351
1.58 5238.048 4997.806 5440.068
1.582 5241.769 5001.613 5443.748
1.585 5245.488 5005.425 5447.445
1.587 5249.208 5009.271 5451.072
1.59 5252.927 5013.068 5454.784
1.592 5256.645 5016.885 5458.479
1.595 5260.363 5020.707 5462.192
1.597 5264.081 5024.524 5465.858
1.6 5267.798 5028.371 5469.6
1.603 5271.515 5032.225 5473.343
1.605 5275.232 5036.08 5477.063
1.608 5278.948 5039.867 5480.774
1.61 5282.664 5043.687 5484.46
1.613 5286.38 5047.504 5488.147
1.616 5290.096 5051.252 5491.895
1.618 5293.812 5054.959 5495.627
1.621 5297.527 5058.746 5499.318
1.623 5301.242 5062.585 5503.055
1.626 5304.957 5066.415 5506.745
1.629 5308.672 5070.266 5510.445
1.631 5312.388 5074.041 5514.164
1.634 5316.103 5077.828 5517.857
1.637 5319.818 5081.615 5521.57
1.639 5323.533 5085.408 5525.273
1.642 5327.248 5089.213 5528.968
1.645 5330.963 5092.961 5532.704
1.647 5334.678 5096.757 5536.424
1.65 5338.394 5100.588 5540.135
1.653 5342.11 5104.455 5543.855
1.656 5345.825 5108.238 5547.601
1.658 5349.542 5112.062 5551.331
1.661 5353.258 5115.829 5555.042
1.664 5356.974 5119.62 5558.721
1.667 5360.691 5123.402 5562.421
1.669 5364.408 5127.197 5566.153
1.672 5368.126 5131.03 5569.866
1.675 5371.844 5134.814 5573.558
1.678 5375.562 5138.524 5577.266
1.681 5379.281 5142.331 5580.958
1.684 5383 5146.124 5584.722
1.686 5386.72 5149.902 5588.457
1.689 5390.44 5153.68 5592.193
1.692 5394.16 5157.466 5595.942
1.695 5397.882 5161.212 5599.642
1.698 5401.603 5165.037 5603.358
1.701 5405.326 5168.817 5607.145
1.704 5409.049 5172.591 5610.95
1.706 5412.772 5176.429 5614.674
1.709 5416.497 5180.249 5618.421
1.712 5420.222 5184.05 5622.164
1.715 5423.947 5187.803 5625.899
1.718 5427.674 5191.572 5629.607
1.721 5431.401 5195.371 5633.348
1.724 5435.129 5199.186 5637.082
1.727 5438.858 5202.948 5640.812
1.73 5442.588 5206.74 5644.527
1.733 5446.318 5210.525 5648.274
1.736 5450.05 5214.343 5652.001
1.739 5453.782 5218.137 5655.785
1.742 5457.515 5221.948 5659.595
1.745 5461.25 5225.76 5663.345
1.748 5464.985 5229.565 5667.099
1.751 5468.721 5233.4 5670.873
1.754 5472.459 5237.212 5674.656
1.757 5476.197 5240.995 5678.439
1.761 5479.937 5244.811 5682.203
1.764 5483.677 5248.609 5685.956
1.767 5487.419 5252.42 5689.692
1.77 5491.162 5256.203 5693.407
1.773 5494.906 5260.023 5697.17
1.776 5498.651 5263.848 5700.924
1.779 5502.398 5267.631 5704.665
1.783 5506.146 5271.424 5708.476
1.786 5509.895 5275.261 5712.257
1.789 5513.645 5279.056 5716.025
1.792 5517.397 5282.856 5719.773
1.795 5521.15 5286.681 5723.543
1.799 5524.905 5290.503 5727.292
1.802 5528.661 5294.31 5731.079
1.805 5532.418 5298.127 5734.88
1.808 5536.177 5301.952 5738.685
1.812 5539.938 5305.756 5742.431
1.815 5543.699 5309.543 5746.213
1.818 5547.463 5313.414 5749.974
1.821 5551.228 5317.233 5753.779
1.825 5554.994 5321.015 5757.579
1.828 5558.763 5324.877 5761.403
1.832 5562.532 5328.717 5765.194
1.835 5566.304 5332.524 5769.008
1.838 5570.077 5336.344 5772.775
1.842 5573.852 5340.146 5776.543
1.845 5577.629 5343.959 5780.362
1.848 5581.407 5347.748 5784.13
1.852 5585.187 5351.62 5787.924
1.855 5588.969 5355.467 5791.767
1.859 5592.753 5359.293 5795.557
1.862 5596.539 5363.124 5799.335
1.866 5600.326 5366.977 5803.157
1.869 5604.116 5370.825 5806.973
1.873 5607.907 5374.617 5810.784
1.876 5611.7 5378.463 5814.633
1.88 5615.496 5382.298 5818.459
1.883 5619.293 5386.12 5822.304
1.887 5623.093 5389.966 5826.105
1.89 5626.894 5393.823 5829.931
1.894 5630.698 5397.651 5833.734
1.898 5634.503 5401.582 5837.545
1.901 5638.311 5405.437 5841.363
1.905 5642.121 5409.268 5845.166
1.908 5645.933 5413.098 5849.014
1.912 5649.748 5416.971 5852.855
1.916 5653.564 5420.816 5856.735
1.919 5657.383 5424.639 5860.611
1.923 5661.204 5428.501 5864.477
1.927 5665.028 5432.364 5868.343
1.931 5668.854 5436.217 5872.202
1.934 5672.682 5440.082 5876.109
1.938 5676.513 5443.979 5879.99
1.942 5680.346 5447.86 5883.862
1.946 5684.181 5451.732 5887.747
1.949 5688.019 5455.635 5891.63
1.953 5691.86 5459.552 5895.561
1.957 5695.703 5463.431 5899.431
1.961 5699.548 5467.307 5903.322
1.965 5703.396 5471.221 5907.245
1.969 5707.247 5475.148 5911.148
1.972 5711.1 5479.033 5915.041
1.976 5714.956 5482.934 5918.981
1.98 5718.815 5486.859 5922.877
1.984 5722.677 5490.807 5926.772
1.988 5726.541 5494.728 5930.679
1.992 5730.408 5498.641 5934.572
1.996 5734.277 5502.56 5938.477
2 5738.15 5506.483 5942.405
2.004 5742.025 5510.381 5946.348
2.008 5745.904 5514.304 5950.282
2.012 5749.785 5518.188 5954.257
2.016 5753.669 5522.126 5958.163
2.02 5757.556 5526.029 5962.106
2.024 5761.446 5529.914 5966.057
2.028 5765.339 5533.81 5970.02
2.033 5769.235 5537.79 5973.919
2.037 5773.134 5541.773 5977.84
2.041 5777.036 5545.751 5981.828
2.045 5780.942 5549.691 5985.798
2.049 5784.85 5553.654 5989.747
2.053 5788.762 5557.618 5993.686
2.058 5792.677 5561.477 5997.617
2.062 5796.595 5565.429 6001.621
2.066 5800.516 5569.301 6005.623
2.07 5804.441 5573.239 6009.555
2.075 5808.369 5577.168 6013.563
2.079 5812.3 5581.089 6017.564
2.083 5816.235 5585.003 6021.55
2.088 5820.173 5588.985 6025.539
2.092 5824.114 5592.966 6029.501
2.096 5828.059 5596.964 6033.525
2.101 5832.008 5600.91 6037.525
2.105 5835.96 5604.895 6041.524
2.11 5839.915 5608.924 6045.503
2.114 5843.874 5612.856 6049.532
2.119 5847.837 5616.808 6053.492
2.123 5851.803 5620.791 6057.532
2.128 5855.773 5624.762 6061.554
2.132 5859.747 5628.756 6065.569
2.137 5863.724 5632.723 6069.611
2.141 5867.705 5636.704 6073.712
2.146 5871.69 5640.691 6077.72
2.151 5875.679 5644.687 6081.783
2.155 5879.672 5648.689 6085.83
2.16 5883.668 5652.692 6089.896
2.165 5887.668 5656.729 6093.896
2.169 5891.673 5660.773 6097.974
2.174 5895.681 5664.797 6102.031
2.179 5899.693 5668.768 6106.107
2.183 5903.71 5672.813 6110.245
2.188 5907.73 5676.823 6114.333
2.193 5911.754 5680.876 6118.379
2.198 5915.783 5684.904 6122.44
2.203 5919.816 5688.949 6126.511
2.208 5923.852 5692.958 6130.596
2.212 5927.894 5696.966 6134.72
2.217 5931.939 5701.036 6138.787
2.222 5935.989 5705.121 6142.914
2.227 5940.042 5709.2 6147.04
2.232 5944.101 5713.267 6151.193
2.237 5948.163 5717.282 6155.333
2.242 5952.23 5721.343 6159.477
2.247 5956.302 5725.419 6163.627
2.252 5960.378 5729.481 6167.776
2.257 5964.458 5733.552 6171.932
2.262 5968.544 5737.648 6176.083
2.268 5972.633 5741.722 6180.245
2.273 5976.727 5745.831 6184.458
2.278 5980.826 5749.863 6188.649
2.283 5984.93 5753.948 6192.854
2.288 5989.038 5758.006 6197.04
2.294 5993.151 5762.128 6201.229
2.299 5997.269 5766.259 6205.405
2.304 6001.391 5770.318 6209.566
2.309 6005.519 5774.44 6213.752
2.315 6009.651 5778.527 6217.911
2.32 6013.788 5782.71 6222.093
2.326 6017.93 5786.848 6226.341
2.331 6022.078 5791.031 6230.535
2.336 6026.23 5795.25 6234.767
2.342 6030.387 5799.409 6238.999
2.347 6034.549 5803.571 6243.254
2.353 6038.717 5807.708 6247.542
2.358 6042.889 5811.823 6251.83
2.364 6047.067 5815.961 6256.098
2.37 6051.25 5820.135 6260.354
2.375 6055.439 5824.277 6264.687
2.381 6059.632 5828.449 6268.942
2.387 6063.831 5832.631 6273.241
2.392 6068.036 5836.839 6277.557
2.398 6072.246 5841.016 6281.868
2.404 6076.461 5845.191 6286.234
2.41 6080.682 5849.403 6290.578
2.415 6084.908 5853.596 6294.877
2.421 6089.14 5857.854 6299.215
2.427 6093.378 5862.08 6303.518
2.433 6097.621 5866.321 6307.835
2.439 6101.87 5870.556 6312.219
2.445 6106.124 5874.766 6316.56
2.451 6110.385 5878.996 6320.895
2.457 6114.651 5883.21 6325.267
2.463 6118.923 5887.369 6329.704
2.469 6123.201 5891.648 6334.051
2.475 6127.485 5895.914 6338.401
2.481 6131.775 5900.212 6342.821
2.488 6136.071 5904.5 6347.204
2.494 6140.373 5908.775 6351.588
2.5 6144.681 5913.059 6355.961
2.506 6148.995 5917.359 6360.355
2.513 6153.316 5921.626 6364.762
2.519 6157.643 5925.952 6369.158
2.525 6161.975 5930.265 6373.609
2.532 6166.315 5934.584 6378.023
2.538 6170.66 5938.837 6382.443
2.545 6175.012 5943.124 6386.91
2.551 6179.371 5947.42 6391.292
2.558 6183.736 5951.729 6395.815
2.564 6188.107 5956.081 6400.331
2.571 6192.485 5960.451 6404.861
2.577 6196.87 5964.826 6409.373
2.584 6201.261 5969.176 6413.862
2.591 6205.659 5973.582 6418.376
2.597 6210.064 5977.913 6422.895
2.604 6214.476 5982.288 6427.389
2.611 6218.894 5986.669 6431.915
2.618 6223.32 5991.053 6436.497
2.625 6227.752 5995.468 6441.083
2.632 6232.191 5999.852 6445.689
2.639 6236.638 6004.262 6450.262
2.646 6241.091 6008.729 6454.899
2.653 6245.552 6013.173 6459.473
2.66 6250.02 6017.621 6464.064
2.667 6254.495 6022.091 6468.673
2.674 6258.977 6026.459 6473.276
2.681 6263.467 6030.873 6477.901
2.688 6267.964 6035.392 6482.45
2.695 6272.468 6039.84 6487.093
2.703 6276.98 6044.3 6491.68
2.71 6281.499 6048.777 6496.324
2.717 6286.026 6053.235 6500.996
2.725 6290.561 6057.776 6505.673
2.732 6295.104 6062.257 6510.334
2.74 6299.654 6066.804 6514.993
2.747 6304.212 6071.379 6519.678
2.755 6308.777 6075.894 6524.382
2.762 6313.351 6080.424 6529.109
2.77 6317.933 6085.009 6533.81
2.778 6322.522 6089.504 6538.52
2.786 6327.12 6094 6543.285
2.793 6331.726 6098.517 6548.043
2.801 6336.34 6103.075 6552.81
2.809 6340.962 6107.663 6557.551
2.817 6345.592 6112.27 6562.288
2.825 6350.231 6116.878 6567.061
2.833 6354.879 6121.515 6571.855
2.841 6359.534 6126.135 6576.673
2.849 6364.198 6130.766 6581.471
2.857 6368.871 6135.387 6586.302
2.865 6373.553 6140.017 6591.089
2.874 6378.243 6144.683 6595.975
2.882 6382.942 6149.313 6600.83
2.89 6387.649 6153.962 6605.72
2.899 6392.366 6158.616 6610.595
2.907 6397.091 6163.283 6615.5
2.915 6401.826 6167.91 6620.398
2.924 6406.57 6172.599 6625.356
2.933 6411.322 6177.243 6630.304
2.941 6416.084 6181.871 6635.187
2.95 6420.855 6186.601 6640.101
2.959 6425.636 6191.296 6645.036
2.967 6430.425 6196.016 6649.961
2.976 6435.225 6200.719 6654.89
2.985 6440.033 6205.389 6659.851
2.994 6444.852 6210.178 6664.794
3.003 6449.68 6214.893 6669.783
3.012 6454.518 6219.659 6674.804
3.021 6459.365 6224.385 6679.837
3.03 6464.222 6229.143 6684.84
3.04 6469.09 6233.979 6689.869
3.049 6473.967 6238.737 6694.863
3.058 6478.854 6243.564 6699.932
3.067 6483.752 6248.383 6704.992
3.077 6488.659 6253.15 6710.1
3.086 6493.577 6257.978 6715.19
3.096 6498.505 6262.807 6720.207
3.106 6503.444 6267.64 6725.326
3.115 6508.393 6272.586 6730.446
3.125 6513.353 6277.407 6735.527
3.135 6518.323 6282.319 6740.641
3.145 6523.304 6287.24 6745.776
3.155 6528.296 6292.141 6751.029
3.165 6533.299 6297.077 6756.216
3.175 6538.312 6301.937 6761.392
3.185 6543.337 6306.89 6766.569
3.195 6548.373 6311.8 6771.796
3.205 6553.42 6316.728 6777.009
3.215 6558.478 6321.663 6782.319
3.226 6563.548 6326.553 6787.495
3.236 6568.629 6331.514 6792.761
3.247 6573.721 6336.466 6798.063
3.257 6578.826 6341.422 6803.343
3.268 6583.941 6346.383 6808.623
3.279 6589.069 6351.357 6814.014
3.289 6594.208 6356.385 6819.334
3.3 6599.36 6361.398 6824.662
3.311 6604.523 6366.391 6830.056
3.322 6609.699 6371.468 6835.399
3.333 6614.887 6376.534 6840.696
3.344 6620.087 6381.599 6846.138
3.356 6625.299 6386.698 6851.516
3.367 6630.524 6391.776 6856.978
3.378 6635.761 6396.883 6862.422
3.39 6641.011 6401.961 6867.885
3.401 6646.274 6407.114 6873.395
3.413 6651.55 6412.25 6878.929
3.425 6656.839 6417.444 6884.447
3.436 6662.141 6422.623 6890.013
3.448 6667.455 6427.77 6895.606
3.46 6672.784 6432.928 6901.059
3.472 6678.125 6438.13 6906.676
3.484 6683.48 6443.31 6912.235
3.497 6688.849 6448.498 6917.842
3.509 6694.231 6453.742 6923.417
3.521 6699.627 6459.048 6929.091
3.534 6705.036 6464.24 6934.686
3.546 6710.46 6469.54 6940.394
3.559 6715.898 6474.852 6946.091
3.571 6721.35 6480.183 6951.796
3.584 6726.816 6485.541 6957.451
3.597 6732.297 6490.879 6963.17
3.61 6737.792 6496.234 6968.936
3.623 6743.302 6501.614 6974.687
3.636 6748.826 6506.984 6980.394
3.65 6754.366 6512.393 6986.145
3.663 6759.92 6517.755 6991.889
3.676 6765.489 6523.182 6997.681
3.69 6771.074 6528.583 7003.466
3.704 6776.674 6534.074 7009.347
3.717 6782.29 6539.557 7015.195
3.731 6787.921 6545.06 7021.076
3.745 6793.567 6550.499 7026.931
3.759 6799.23 6556.015 7032.9
3.774 6804.908 6561.48 7038.914
3.788 6810.603 6567.004 7044.877
3.802 6816.314 6572.509 7050.898
3.817 6822.041 6578.009 7056.908
3.831 6827.784 6583.572 7062.905
3.846 6833.545 6589.094 7068.944
3.861 6839.321 6594.664 7075.025
3.876 6845.115 6600.227 7081.135
3.891 6850.926 6605.85 7087.283
3.906 6856.754 6611.49 7093.411
3.922 6862.599 6617.104 7099.536
3.937 6868.462 6622.706 7105.711
3.953 6874.342 6628.356 7111.868
3.968 6880.24 6633.999 7118.089
3.984 6886.156 6639.685 7124.257
4 6892.09 6645.404 7130.5
4.016 6898.042 6651.148 7136.779
4.032 6904.013 6656.938 7143.052
4.049 6910.002 6662.651 7149.377
4.065 6916.009 6668.454 7155.632
4.082 6922.036 6674.278 7161.921
4.098 6928.081 6680.116 7168.303
4.115 6934.146 6685.96 7174.691
4.132 6940.229 6691.812 7181.126
4.149 6946.333 6697.692 7187.51
4.167 6952.456 6703.559 7193.971
4.184 6958.598 6709.443 7200.403
4.202 6964.761 6715.393 7206.909
4.219 6970.944 6721.354 7213.515
4.237 6977.147 6727.336 7220.028
4.255 6983.37 6733.258 7226.606
4.274 6989.615 6739.271 7233.16
4.292 6995.88 6745.372 7239.748
4.31 7002.166 6751.398 7246.481
4.329 7008.473 6757.437 7253.171
4.348 7014.802 6763.48 7259.889
4.367 7021.153 6769.568 7266.62
4.386 7027.525 6775.627 7273.419
4.405 7033.919 6781.74 7280.166
4.425 7040.336 6787.878 7287.032
4.444 7046.775 6794.045 7293.834
4.464 7053.236 6800.202 7300.624
4.484 7059.721 6806.464 7307.543
4.505 7066.228 6812.748 7314.483
4.525 7072.759 6818.947 7321.463
4.545 7079.313 6825.221 7328.452
4.566 7085.891 6831.5 7335.44
4.587 7092.493 6837.758 7342.457
4.608 7099.118 6844.074 7349.491
4.63 7105.769 6850.428 7356.541
4.651 7112.444 6856.839 7363.746
4.673 7119.143 6863.165 7370.862
4.695 7125.868 6869.559 7378.106
4.717 7132.618 6875.971 7385.285
4.739 7139.394 6882.398 7392.485
4.762 7146.195 6888.864 7399.732
4.785 7153.023 6895.349 7407.047
4.808 7159.876 6901.891 7414.426
4.831 7166.757 6908.5 7421.662
4.854 7173.664 6915.104 7429.025
4.878 7180.598 6921.645 7436.409
4.902 7187.56 6928.313 7443.767
4.926 7194.549 6935.017 7451.293
4.95 7201.566 6941.657 7458.741
4.975 7208.612 6948.349 7466.303
5 7215.686 6955.081 7473.849
5.025 7222.788 6961.861 7481.527
5.051 7229.92 6968.713 7489.147
5.076 7237.081 6975.6 7496.821
5.102 7244.272 6982.339 7504.523
5.128 7251.493 6989.152 7512.241
5.155 7258.744 6996.07 7519.987
5.181 7266.025 7002.917 7527.76
5.208 7273.338 7009.853 7535.7
5.236 7280.682 7016.847 7543.628
5.263 7288.057 7023.876 7551.574
5.291 7295.464 7030.866 7559.479
5.319 7302.904 7037.844 7567.479
5.348 7310.376 7044.926 7575.54
5.376 7317.881 7052.015 7583.661
5.405 7325.419 7059.106 7591.798
5.435 7332.991 7066.229 7600.001
5.464 7340.597 7073.411 7608.206
5.495 7348.238 7080.692 7616.432
5.525 7355.913 7087.936 7624.785
5.556 7363.624 7095.265 7633.225
5.587 7371.37 7102.608 7641.623
5.618 7379.152 7109.981 7650.059
5.65 7386.971 7117.363 7658.619
5.682 7394.826 7124.77 7667.161
5.714 7402.718 7132.255 7675.765
5.747 7410.649 7139.63 7684.432
5.78 7418.617 7147.08 7693.119
5.814 7426.624 7154.599 7701.737
5.848 7434.669 7162.142 7710.451
5.882 7442.755 7169.687 7719.22
5.917 7450.88 7177.281 7728.053
5.952 7459.045 7184.918 7736.882
5.988 7467.252 7192.589 7745.799
6.024 7475.499 7200.278 7754.674
6.061 7483.789 7208.103 7763.619
6.098 7492.121 7215.898 7772.658
6.135 7500.495 7223.711 7781.858
6.173 7508.914 7231.589 7791.004
6.211 7517.376 7239.472 7800.195
6.25 7525.882 7247.38 7809.491
6.289 7534.434 7255.359 7818.764
6.329 7543.031 7263.481 7828.222
6.369 7551.675 7271.588 7837.722
6.41 7560.365 7279.59 7847.214
6.452 7569.102 7287.678 7856.808
6.494 7577.888 7295.986 7866.416
6.536 7586.722 7304.209 7876.115
6.579 7595.605 7312.453 7885.989
6.623 7604.539 7320.802 7895.835
6.667 7613.522 7329.253 7905.628
6.711 7622.557 7337.622 7915.584
6.757 7631.644 7346.128 7925.56
6.803 7640.784 7354.628 7935.627
6.849 7649.976 7363.129 7945.684
6.897 7659.223 7371.709 7955.862
6.944 7668.525 7380.364 7966.04
6.993 7677.882 7389.055 7976.262
7.042 7687.295 7397.782 7986.757
7.092 7696.766 7406.542 7997.257
7.143 7706.294 7415.453 8007.681
7.194 7715.881 7424.314 8018.251
7.246 7725.528 7433.198 8028.947
7.299 7735.235 7442.134 8039.709
7.353 7745.004 7451.15 8050.542
7.407 7754.834 7460.236 8061.416
7.463 7764.728 7469.404 8072.546
7.519 7774.686 7478.599 8083.48
7.576 7784.708 7487.943 8094.536
7.634 7794.797 7497.2 8105.715
7.692 7804.953 7506.529 8116.963
7.752 7815.176 7515.824 8128.413
7.812 7825.469 7525.258 8139.914
7.874 7835.832 7534.742 8151.395
7.937 7846.266 7544.332 8163.072
8 7856.772 7554.029 8174.786
8.065 7867.352 7563.67 8186.585
8.13 7878.007 7573.396 8198.579
8.197 7888.737 7583.183 8210.562
8.264 7899.544 7593.13 8222.604
8.333 7910.43 7603.061 8234.74
8.403 7921.395 7613.027 8246.947
8.475 7932.442 7623.097 8259.138
8.547 7943.57 7633.253 8271.738
8.621 7954.783 7643.42 8284.432
8.696 7966.08 7653.861 8297.056
8.772 7977.464 7664.204 8309.852
8.85 7988.936 7674.679 8322.822
8.929 8000.498 7685.343 8335.857
9.009 8012.151 7695.959 8348.986
9.091 8023.897 7706.665 8362.083
9.174 8035.737 7717.445 8375.516
9.259 8047.674 7728.301 8388.946
9.346 8059.708 7739.343 8402.461
9.434 8071.843 7750.228 8416.344
9.524 8084.079 7761.294 8430.142
9.615 8096.418 7772.465 8444.083
9.709 8108.863 7783.584 8458.179
9.804 8121.416 7794.933 8472.466
9.901 8134.078 7806.291 8486.981
10 8146.852 7817.878 8501.541
10.101 8159.74 7829.492 8516.166
10.204 8172.745 7841.152 8530.963
10.309 8185.868 7852.909 8546.035
10.417 8199.111 7864.796 8561.332
10.526 8212.479 7876.708 8576.54
10.638 8225.972 7888.795 8592.119
10.753 8239.594 7901.096 8607.706
10.87 8253.348 7913.446 8623.41
10.989 8267.236 7925.834 8639.44
11.111 8281.261 7938.328 8655.452
11.236 8295.426 7951.036 8671.743
11.364 8309.734 7963.81 8688.218
11.494 8324.189 7976.742 8704.873
11.628 8338.794 7989.799 8721.669
11.765 8353.552 8002.996 8738.858
11.905 8368.467 8016.271 8755.912
12.048 8383.542 8029.75 8773.445
12.195 8398.781 8043.25 8790.822
12.346 8414.189 8056.984 8808.77
12.5 8429.769 8070.753 8827.012
12.658 8445.525 8084.684 8845.456
12.821 8461.463 8098.849 8863.937
12.987 8477.586 8113.053 8882.558
13.158 8493.899 8127.55 8901.611
13.333 8510.407 8142.22 8920.817
13.514 8527.116 8156.988 8940.277
13.699 8544.03 8171.975 8960.333
13.889 8561.156 8187.098 8980.539
14.085 8578.498 8202.338 9000.777
14.286 8596.064 8217.903 9021.543
14.493 8613.859 8233.357 9042.453
14.706 8631.889 8249.235 9063.792
14.925 8650.162 8265.37 9085.493
15.152 8668.685 8281.511 9107.599
15.385 8687.466 8297.97 9129.841
15.625 8706.511 8314.508 9152.605
15.873 8725.829 8331.371 9175.848
16.129 8745.429 8348.506 9199.197
16.393 8765.32 8365.837 9223.08
16.667 8785.511 8383.376 9247.049
16.949 8806.011 8401.135 9271.554
17.241 8826.832 8419.203 9296.572
17.544 8847.984 8437.529 9321.876
17.857 8869.479 8456.13 9347.89
18.182 8891.328 8475.035 9374.116
18.519 8913.544 8494.19 9401.109
18.868 8936.142 8513.626 9428.382
19.231 8959.134 8533.349 9456.047
19.608 8982.535 8553.342 9484.415
20 9006.363 8573.624 9513.405
20.408 9030.633 8594.485 9543.093
20.833 9055.363 8615.533 9573.361
21.277 9080.572 8637.158 9604.128
21.739 9106.281 8659.029 9635.51
22.222 9132.51 8681.406 9667.826
22.727 9159.283 8703.937 9700.849
23.256 9186.623 8726.898 9734.561
23.81 9214.557 8750.532 9769.028
24.39 9243.114 8774.563 9804.177
25 9272.321 8799.005 9840.266
25.641 9302.213 8824.147 9877.389
26.316 9332.823 8849.642 9915.665
27.027 9364.19 8875.76 9954.839
27.778 9396.352 8902.846 9994.925
28.571 9429.354 8930.336 10036.529
29.412 9463.244 8958.614 10079.312
30.303 9498.073 8987.433 10123.225
31.25 9533.897 9017.173 10168.298
32.258 9570.779 9047.729 10214.877
33.333 9608.784 9079.024 10263.199
34.483 9647.989 9111.102 10313.188
35.714 9688.474 9144.519 10364.866
37.037 9730.33 9178.529 10418.361
38.462 9773.659 9213.655 10474.391
40 9818.573 9249.849 10532.424
41.667 9865.197 9287.474 10592.672
43.478 9913.674 9326.481 10655.449
45.455 9964.163 9367.132 10721.544
47.619 10016.848 9409.395 10790.66
50 10071.937 9452.94 10863.175
52.632 10129.669 9498.968 10939.446
55.556 10190.324 9546.819 11020.368
58.824 10254.226 9597.082 11105.162
62.5 10321.758 9649.801 11195.452
66.667 10393.377 9705.68 11291.749
71.429 10469.631 9764.657 11394.562
76.923 10551.189 9827.969 11505.895
83.333 10638.878 9895.077 11625.991
90.909 10733.734 9967.63 11757.128
100 10837.089 10045.991 11900.204
111.111 10950.684 10131.082 12059.434
125 11076.866 10225.32 12237.778
142.857 11218.907 10329.594 12440.046
166.667 11381.567 10448.46 12674.807
200 11572.167 10585.983 12952.811
250 11802.86 10749.404 13295.794
333.333 12096.175 10953.192 13740.953
500 12501.942 11227.597 14375.026
1000 13175.627 11665.631 15470.701
1111.111 13275.881 11728.549 15639.334
1250 13387.299 11798.346 15827.629
1428.571 13512.78 11875.95 16042.593
1666.667 13656.545 11964.108 16291.878
2000 13825.084 12066.799 16586.404
2500 14029.174 12188.473 16950.576
3333.333 14288.788 12340.924 17423.206
5000 14648.107 12544.537 18094.338
10000 15244.963 12870.318 19256.497
