"Pr" "Mp" "Q_2" "Q_9"
1.01 3070.433 2649.484 3402.474
1.011 3101.982 2687.095 3432.04
1.012 3131.337 2721.767 3459.644
1.013 3158.826 2754.399 3485.627
1.014 3184.704 2785.146 3510.002
1.015 3209.179 2813.903 3533.327
1.016 3232.419 2841.27 3555.561
1.017 3254.562 2867.057 3576.695
1.018 3275.726 2891.864 3596.831
1.019 3296.007 2915.542 3616.266
1.02 3315.49 2938.421 3634.98
1.021 3334.246 2960.193 3652.992
1.022 3352.338 2981.217 3670.172
1.024 3369.821 3001.495 3687.012
1.025 3386.743 3020.941 3703.112
1.026 3403.145 3039.858 3718.756
1.027 3419.065 3058.395 3734.125
1.028 3434.538 3076.176 3749.123
1.029 3449.592 3093.572 3763.771
1.03 3464.255 3110.465 3778
1.031 3478.551 3126.918 3791.83
1.032 3492.503 3143.018 3805.189
1.033 3506.13 3158.619 3818.437
1.034 3519.452 3173.911 3831.416
1.035 3532.484 3188.937 3843.931
1.036 3545.242 3203.62 3856.222
1.037 3557.741 3218.017 3868.294
1.038 3569.994 3231.998 3880.159
1.04 3582.012 3245.785 3891.782
1.041 3593.806 3259.221 3903.251
1.042 3605.388 3272.488 3914.537
1.043 3616.767 3285.765 3925.614
1.044 3627.952 3298.504 3936.535
1.045 3638.951 3311.082 3947.213
1.046 3649.772 3323.314 3957.77
1.047 3660.423 3335.325 3968.044
1.048 3670.91 3347.091 3978.235
1.049 3681.24 3358.922 3988.359
1.05 3691.418 3370.417 3998.464
1.052 3701.452 3381.658 4008.239
1.053 3711.346 3392.769 4017.902
1.054 3721.104 3403.868 4027.409
1.055 3730.733 3414.568 4036.819
1.056 3740.237 3425.415 4046.076
1.057 3749.619 3436.091 4055.292
1.058 3758.884 3446.57 4064.227
1.059 3768.036 3456.802 4073.217
1.06 3777.079 3466.874 4082.158
1.062 3786.016 3477.05 4090.915
1.063 3794.85 3486.951 4099.551
1.064 3803.585 3496.71 4108.342
1.065 3812.224 3506.397 4116.892
1.066 3820.769 3515.895 4125.317
1.067 3829.223 3525.404 4133.528
1.068 3837.589 3534.744 4141.86
1.07 3845.87 3543.88 4149.945
1.071 3854.068 3553.007 4158.044
1.072 3862.185 3562.009 4166.088
1.073 3870.223 3570.989 4173.976
1.074 3878.185 3579.834 4181.849
1.075 3886.072 3588.6 4189.679
1.076 3893.887 3597.2 4197.338
1.078 3901.631 3605.77 4204.962
1.079 3909.307 3614.351 4212.555
1.08 3916.915 3622.834 4220.067
1.081 3924.458 3631.189 4227.613
1.082 3931.938 3639.46 4235
1.083 3939.355 3647.582 4242.314
1.085 3946.711 3655.623 4249.643
1.086 3954.008 3663.602 4256.876
1.087 3961.247 3671.59 4264.096
1.088 3968.43 3679.438 4271.223
1.089 3975.557 3687.34 4278.284
1.091 3982.631 3695.129 4285.373
1.092 3989.651 3702.794 4292.352
1.093 3996.62 3710.462 4299.275
1.094 4003.538 3718.075 4306.14
1.095 4010.407 3725.634 4312.877
1.096 4017.228 3732.998 4319.604
1.098 4024.001 3740.515 4326.439
1.099 4030.728 3747.921 4333.149
1.1 4037.41 3755.284 4339.774
1.101 4044.047 3762.535 4346.337
1.103 4050.641 3769.846 4352.862
1.104 4057.191 3776.995 4359.369
1.105 4063.701 3784.217 4365.875
1.106 4070.169 3791.327 4372.397
1.107 4076.596 3798.3 4378.906
1.109 4082.985 3805.278 4385.232
1.11 4089.335 3812.152 4391.541
1.111 4095.647 3819.075 4397.861
1.112 4101.921 3825.838 4404.271
1.114 4108.159 3832.62 4410.524
1.115 4114.362 3839.403 4416.827
1.116 4120.529 3845.998 4423.032
1.117 4126.661 3852.603 4429.151
1.119 4132.76 3859.11 4435.309
1.12 4138.825 3865.786 4441.333
1.121 4144.858 3872.326 4447.396
1.122 4150.858 3878.906 4453.44
1.124 4156.827 3885.44 4459.39
1.125 4162.765 3891.894 4465.326
1.126 4168.672 3898.257 4471.182
1.127 4174.55 3904.56 4477.006
1.129 4180.397 3910.976 4482.916
1.13 4186.216 3917.295 4488.727
1.131 4192.007 3923.585 4494.538
1.133 4197.769 3929.807 4500.334
1.134 4203.503 3936.098 4506.169
1.135 4209.211 3942.197 4511.883
1.136 4214.892 3948.357 4517.654
1.138 4220.546 3954.445 4523.441
1.139 4226.175 3960.51 4529.02
1.14 4231.778 3966.513 4534.679
1.142 4237.357 3972.601 4540.271
1.143 4242.91 3978.503 4545.777
1.144 4248.439 3984.455 4551.387
1.145 4253.945 3990.358 4556.941
1.147 4259.427 3996.237 4562.426
1.148 4264.885 4002.158 4567.924
1.149 4270.321 4007.975 4573.335
1.151 4275.735 4013.783 4578.839
1.152 4281.126 4019.536 4584.172
1.153 4286.495 4025.29 4589.562
1.155 4291.843 4030.912 4594.982
1.156 4297.17 4036.743 4600.353
1.157 4302.476 4042.351 4605.631
1.159 4307.761 4047.973 4610.939
1.16 4313.026 4053.557 4616.221
1.161 4318.271 4059.209 4621.522
1.163 4323.497 4064.769 4626.822
1.164 4328.703 4070.3 4632.048
1.166 4333.889 4075.776 4637.24
1.167 4339.057 4081.261 4642.423
1.168 4344.207 4086.784 4647.6
1.17 4349.337 4092.283 4652.764
1.171 4354.45 4097.7 4657.95
1.172 4359.545 4103.122 4663.031
1.174 4364.622 4108.379 4668.147
1.175 4369.682 4113.816 4673.291
1.176 4374.725 4119.203 4678.334
1.178 4379.751 4124.529 4683.348
1.179 4384.76 4129.832 4688.411
1.181 4389.753 4135.153 4693.497
1.182 4394.729 4140.411 4698.563
1.183 4399.69 4145.696 4703.575
1.185 4404.634 4150.987 4708.55
1.186 4409.563 4156.186 4713.516
1.188 4414.477 4161.483 4718.544
1.189 4419.375 4166.639 4723.553
1.19 4424.259 4171.78 4728.48
1.192 4429.127 4176.944 4733.375
1.193 4433.981 4182.079 4738.209
1.195 4438.821 4187.299 4743.093
1.196 4443.646 4192.371 4747.941
1.198 4448.457 4197.529 4752.774
1.199 4453.254 4202.569 4757.675
1.2 4458.037 4207.619 4762.467
1.202 4462.807 4212.64 4767.297
1.203 4467.564 4217.661 4772.106
1.205 4472.307 4222.609 4777.041
1.206 4477.037 4227.613 4781.801
1.208 4481.755 4232.607 4786.623
1.209 4486.459 4237.599 4791.426
1.211 4491.151 4242.553 4796.228
1.212 4495.83 4247.517 4800.935
1.214 4500.498 4252.425 4805.66
1.215 4505.153 4257.368 4810.365
1.217 4509.796 4262.311 4814.988
1.218 4514.427 4267.245 4819.689
1.22 4519.047 4272.084 4824.389
1.221 4523.655 4277.002 4829.091
1.222 4528.251 4281.894 4833.703
1.224 4532.836 4286.758 4838.303
1.225 4537.41 4291.548 4842.982
1.227 4541.974 4296.383 4847.505
1.229 4546.526 4301.128 4852.193
1.23 4551.067 4305.891 4856.814
1.232 4555.598 4310.648 4861.421
1.233 4560.118 4315.302 4866.001
1.235 4564.628 4320.076 4870.555
1.236 4569.127 4324.782 4875.157
1.238 4573.617 4329.491 4879.691
1.239 4578.096 4334.182 4884.212
1.241 4582.566 4338.813 4888.747
1.242 4587.025 4343.552 4893.31
1.244 4591.475 4348.172 4897.846
1.245 4595.916 4352.792 4902.382
1.247 4600.347 4357.488 4906.93
1.248 4604.768 4362.1 4911.457
1.25 4609.18 4366.71 4915.913
1.252 4613.583 4371.319 4920.379
1.253 4617.978 4375.816 4924.818
1.255 4622.363 4380.33 4929.311
1.256 4626.739 4384.965 4933.757
1.258 4631.106 4389.428 4938.199
1.259 4635.465 4393.915 4942.64
1.261 4639.816 4398.452 4947.081
1.263 4644.158 4403.044 4951.49
1.264 4648.491 4407.545 4955.881
1.266 4652.816 4412.074 4960.273
1.267 4657.133 4416.54 4964.652
1.269 4661.442 4421.02 4968.989
1.271 4665.743 4425.4 4973.366
1.272 4670.037 4429.875 4977.684
1.274 4674.322 4434.294 4982.045
1.276 4678.6 4438.73 4986.407
1.277 4682.87 4443.214 4990.679
1.279 4687.132 4447.688 4995.08
1.28 4691.387 4452.14 4999.397
1.282 4695.634 4456.592 5003.688
1.284 4699.875 4461.035 5008
1.285 4704.108 4465.556 5012.336
1.287 4708.334 4469.972 5016.614
1.289 4712.553 4474.337 5020.841
1.29 4716.764 4478.756 5025.179
1.292 4720.969 4483.128 5029.583
1.294 4725.167 4487.489 5033.877
1.295 4729.359 4491.862 5038.152
1.297 4733.544 4496.199 5042.445
1.299 4737.722 4500.503 5046.716
1.3 4741.893 4504.798 5050.919
1.302 4746.058 4509.134 5055.188
1.304 4750.217 4513.472 5059.442
1.305 4754.369 4517.811 5063.64
1.307 4758.516 4522.149 5067.927
1.309 4762.656 4526.399 5072.13
1.311 4766.79 4530.602 5076.336
1.312 4770.917 4534.94 5080.616
1.314 4775.039 4539.335 5084.821
1.316 4779.155 4543.601 5088.942
1.318 4783.265 4547.875 5093.059
1.319 4787.37 4552.118 5097.208
1.321 4791.468 4556.344 5101.442
1.323 4795.561 4560.614 5105.638
1.325 4799.649 4564.869 5109.752
1.326 4803.731 4569.11 5113.906
1.328 4807.807 4573.304 5118.082
1.33 4811.878 4577.506 5122.288
1.332 4815.944 4581.759 5126.478
1.333 4820.005 4585.922 5130.696
1.335 4824.06 4590.025 5134.817
1.337 4828.11 4594.135 5138.982
1.339 4832.155 4598.253 5143.162
1.34 4836.195 4602.408 5147.408
1.342 4840.23 4606.568 5151.455
1.344 4844.26 4610.644 5155.532
1.346 4848.285 4614.812 5159.625
1.348 4852.306 4618.914 5163.716
1.35 4856.321 4623.053 5167.879
1.351 4860.332 4627.222 5172.02
1.353 4864.338 4631.385 5176.091
1.355 4868.34 4635.526 5180.087
1.357 4872.337 4639.583 5184.165
1.359 4876.33 4643.684 5188.323
1.361 4880.318 4647.696 5192.392
1.362 4884.302 4651.834 5196.504
1.364 4888.281 4655.902 5200.56
1.366 4892.257 4660.015 5204.589
1.368 4896.228 4664.103 5208.646
1.37 4900.195 4668.169 5212.727
1.372 4904.157 4672.178 5216.77
1.374 4908.116 4676.219 5220.828
1.376 4912.07 4680.308 5224.895
1.377 4916.021 4684.349 5229.015
1.379 4919.968 4688.362 5233.079
1.381 4923.91 4692.393 5237.152
1.383 4927.849 4696.432 5241.203
1.385 4931.784 4700.453 5245.264
1.387 4935.716 4704.483 5249.353
1.389 4939.644 4708.491 5253.377
1.391 4943.568 4712.489 5257.502
1.393 4947.488 4716.477 5261.556
1.395 4951.405 4720.49 5265.521
1.397 4955.318 4724.496 5269.539
1.399 4959.228 4728.537 5273.573
1.401 4963.134 4732.559 5277.549
1.403 4967.037 4736.507 5281.554
1.404 4970.937 4740.414 5285.569
1.406 4974.834 4744.374 5289.624
1.408 4978.727 4748.4 5293.544
1.41 4982.617 4752.329 5297.471
1.412 4986.503 4756.287 5301.496
1.414 4990.387 4760.301 5305.451
1.416 4994.267 4764.321 5309.399
1.418 4998.145 4768.282 5313.328
1.42 5002.019 4772.224 5317.336
1.422 5005.891 4776.176 5321.316
1.425 5009.759 4780.119 5325.26
1.427 5013.625 4784.045 5329.283
1.429 5017.488 4787.965 5333.24
1.431 5021.348 4791.939 5337.192
1.433 5025.205 4795.867 5341.181
1.435 5029.059 4799.778 5345.176
1.437 5032.911 4803.734 5349.172
1.439 5036.76 4807.692 5353.115
1.441 5040.607 4811.72 5357.064
1.443 5044.451 4815.611 5361.057
1.445 5048.292 4819.534 5365.016
1.447 5052.131 4823.469 5368.991
1.449 5055.967 4827.338 5372.883
1.451 5059.801 4831.308 5376.802
1.453 5063.633 4835.234 5380.811
1.456 5067.462 4839.108 5384.75
1.458 5071.289 4842.967 5388.719
1.46 5075.114 4846.85 5392.648
1.462 5078.936 4850.75 5396.549
1.464 5082.756 4854.641 5400.437
1.466 5086.574 4858.482 5404.322
1.468 5090.39 4862.411 5408.257
1.471 5094.204 4866.384 5412.177
1.473 5098.016 4870.258 5416.095
1.475 5101.825 4874.156 5419.985
1.477 5105.633 4878.085 5423.949
1.479 5109.438 4882.003 5427.879
1.481 5113.242 4885.845 5431.877
1.484 5117.044 4889.745 5435.775
1.486 5120.844 4893.678 5439.724
1.488 5124.642 4897.517 5443.685
1.49 5128.438 4901.308 5447.601
1.493 5132.233 4905.144 5451.564
1.495 5136.026 4908.979 5455.444
1.497 5139.817 4912.865 5459.361
1.499 5143.606 4916.728 5463.25
1.502 5147.394 4920.536 5467.158
1.504 5151.18 4924.37 5471.085
1.506 5154.964 4928.234 5475.016
1.508 5158.747 4932.104 5478.92
1.511 5162.529 4935.875 5482.834
1.513 5166.309 4939.656 5486.756
1.515 5170.088 4943.521 5490.686
1.517 5173.865 4947.37 5494.56
1.52 5177.641 4951.113 5498.478
1.522 5181.415 4955.032 5502.475
1.524 5185.188 4958.759 5506.381
1.527 5188.96 4962.547 5510.255
1.529 5192.73 4966.377 5514.179
1.531 5196.5 4970.259 5518.104
1.534 5200.268 4974.144 5522.039
1.536 5204.035 4977.982 5525.9
1.538 5207.8 4981.831 5529.764
1.541 5211.565 4985.64 5533.691
1.543 5215.329 4989.499 5537.543
1.546 5219.091 4993.342 5541.446
1.548 5222.853 4997.127 5545.392
1.55 5226.613 5000.938 5549.28
1.553 5230.373 5004.674 5553.154
1.555 5234.131 5008.466 5557.073
1.558 5237.889 5012.306 5560.97
1.56 5241.646 5016.135 5564.865
1.563 5245.402 5019.9 5568.707
1.565 5249.157 5023.716 5572.595
1.567 5252.911 5027.441 5576.447
1.57 5256.665 5031.195 5580.338
1.572 5260.418 5034.959 5584.118
1.575 5264.17 5038.77 5587.959
1.577 5267.921 5042.559 5591.913
1.58 5271.672 5046.274 5595.791
1.582 5275.422 5050.086 5599.65
1.585 5279.172 5053.867 5603.485
1.587 5282.921 5057.662 5607.318
1.59 5286.669 5061.429 5611.161
1.592 5290.417 5065.188 5615.045
1.595 5294.164 5068.86 5618.869
1.597 5297.911 5072.668 5622.737
1.6 5301.658 5076.483 5626.63
1.603 5305.404 5080.206 5630.495
1.605 5309.15 5084.081 5634.375
1.608 5312.895 5087.849 5638.24
1.61 5316.64 5091.617 5642.099
1.613 5320.385 5095.32 5645.95
1.616 5324.13 5099.038 5649.899
1.618 5327.874 5102.809 5653.738
1.621 5331.618 5106.514 5657.572
1.623 5335.362 5110.274 5661.446
1.626 5339.106 5113.974 5665.278
1.629 5342.849 5117.725 5669.215
1.631 5346.593 5121.495 5673.094
1.634 5350.336 5125.308 5677.048
1.637 5354.079 5129.116 5680.942
1.639 5357.823 5132.925 5684.844
1.642 5361.566 5136.67 5688.722
1.645 5365.309 5140.438 5692.633
1.647 5369.053 5144.27 5696.531
1.65 5372.796 5148.001 5700.46
1.653 5376.54 5151.746 5704.301
1.656 5380.283 5155.484 5708.159
1.658 5384.027 5159.236 5712.013
1.661 5387.771 5163 5715.826
1.664 5391.515 5166.783 5719.629
1.667 5395.26 5170.491 5723.526
1.669 5399.004 5174.222 5727.371
1.672 5402.749 5178.022 5731.166
1.675 5406.494 5181.738 5735.045
1.678 5410.24 5185.468 5738.846
1.681 5413.986 5189.223 5742.578
1.684 5417.732 5193.049 5746.374
1.686 5421.479 5196.752 5750.299
1.689 5425.226 5200.466 5754.185
1.692 5428.974 5204.214 5758.116
1.695 5432.722 5207.975 5761.995
1.698 5436.47 5211.674 5765.794
1.701 5440.219 5215.434 5769.616
1.704 5443.969 5219.181 5773.464
1.706 5447.719 5222.95 5777.346
1.709 5451.47 5226.632 5781.205
1.712 5455.222 5230.409 5785
1.715 5458.974 5234.166 5788.899
1.718 5462.727 5237.87 5792.854
1.721 5466.48 5241.688 5796.705
1.724 5470.234 5245.546 5800.632
1.727 5473.989 5249.3 5804.488
1.73 5477.745 5253.076 5808.369
1.733 5481.502 5256.862 5812.264
1.736 5485.259 5260.548 5816.128
1.739 5489.018 5264.253 5819.946
1.742 5492.777 5268.014 5823.828
1.745 5496.537 5271.746 5827.712
1.748 5500.298 5275.564 5831.616
1.751 5504.06 5279.27 5835.45
1.754 5507.823 5283.035 5839.298
1.757 5511.587 5286.775 5843.132
1.761 5515.352 5290.59 5847.014
1.764 5519.118 5294.244 5850.817
1.767 5522.885 5297.989 5854.7
1.77 5526.653 5301.782 5858.593
1.773 5530.423 5305.542 5862.452
1.776 5534.193 5309.265 5866.354
1.779 5537.965 5312.944 5870.219
1.783 5541.738 5316.703 5874.168
1.786 5545.512 5320.43 5878.13
1.789 5549.288 5324.172 5882.059
1.792 5553.064 5327.874 5885.96
1.795 5556.842 5331.619 5889.87
1.799 5560.622 5335.43 5893.768
1.802 5564.402 5339.139 5897.657
1.805 5568.184 5342.866 5901.521
1.808 5571.968 5346.658 5905.42
1.812 5575.753 5350.415 5909.323
1.815 5579.539 5354.207 5913.218
1.818 5583.327 5357.906 5917.185
1.821 5587.116 5361.675 5921.072
1.825 5590.907 5365.429 5925.09
1.828 5594.699 5369.246 5929.013
1.832 5598.493 5372.969 5932.917
1.835 5602.289 5376.796 5936.801
1.838 5606.086 5380.51 5940.777
1.842 5609.885 5384.25 5944.796
1.845 5613.685 5387.996 5948.741
1.848 5617.488 5391.77 5952.69
1.852 5621.292 5395.54 5956.683
1.855 5625.097 5399.341 5960.605
1.859 5628.905 5403.111 5964.565
1.862 5632.714 5406.917 5968.427
1.866 5636.525 5410.681 5972.376
1.869 5640.338 5414.505 5976.281
1.873 5644.153 5418.352 5980.236
1.876 5647.97 5422.107 5984.14
1.88 5651.789 5425.875 5988.073
1.883 5655.609 5429.645 5992.043
1.887 5659.432 5433.402 5996.028
1.89 5663.257 5437.171 6000.084
1.894 5667.083 5440.953 6004.066
1.898 5670.912 5444.736 6008.035
1.901 5674.743 5448.459 6011.928
1.905 5678.576 5452.284 6015.882
1.908 5682.411 5456.06 6019.864
1.912 5686.248 5459.858 6023.902
1.916 5690.087 5463.659 6027.869
1.919 5693.929 5467.484 6031.862
1.923 5697.773 5471.239 6035.881
1.927 5701.619 5475.063 6039.817
1.931 5705.467 5478.906 6043.726
1.934 5709.318 5482.74 6047.755
1.938 5713.171 5486.586 6051.722
1.942 5717.026 5490.405 6055.708
1.946 5720.884 5494.148 6059.703
1.949 5724.744 5497.893 6063.706
1.953 5728.607 5501.731 6067.721
1.957 5732.472 5505.545 6071.746
1.961 5736.339 5509.369 6075.738
1.965 5740.209 5513.212 6079.757
1.969 5744.082 5517.034 6083.718
1.972 5747.957 5520.809 6087.724
1.976 5751.835 5524.669 6091.782
1.98 5755.715 5528.508 6095.757
1.984 5759.599 5532.377 6099.783
1.988 5763.484 5536.207 6103.774
1.992 5767.373 5540.016 6107.865
1.996 5771.264 5543.835 6111.938
2 5775.158 5547.666 6115.947
2.004 5779.055 5551.555 6119.955
2.008 5782.954 5555.395 6123.996
2.012 5786.857 5559.231 6128.052
2.016 5790.762 5563.064 6132.089
2.02 5794.67 5566.925 6136.074
2.024 5798.581 5570.785 6140.143
2.028 5802.495 5574.6 6144.187
2.033 5806.412 5578.453 6148.296
2.037 5810.332 5582.333 6152.344
2.041 5814.255 5586.165 6156.397
2.045 5818.182 5589.997 6160.566
2.049 5822.111 5593.901 6164.585
2.053 5826.043 5597.803 6168.683
2.058 5829.978 5601.669 6172.807
2.062 5833.917 5605.555 6176.964
2.066 5837.859 5609.474 6181.107
2.07 5841.804 5613.392 6185.232
2.075 5845.752 5617.248 6189.28
2.079 5849.704 5621.127 6193.361
2.083 5853.659 5625.007 6197.444
2.088 5857.617 5628.927 6201.509
2.092 5861.579 5632.826 6205.655
2.096 5865.544 5636.65 6209.698
2.101 5869.512 5640.548 6213.814
2.105 5873.484 5644.467 6217.954
2.11 5877.459 5648.361 6222.01
2.114 5881.438 5652.261 6226.047
2.119 5885.421 5656.178 6230.231
2.123 5889.407 5660.042 6234.37
2.128 5893.396 5664.013 6238.575
2.132 5897.39 5667.964 6242.671
2.137 5901.387 5671.94 6246.83
2.141 5905.387 5675.89 6251.078
2.146 5909.391 5679.849 6255.288
2.151 5913.4 5683.839 6259.5
2.155 5917.411 5687.743 6263.664
2.16 5921.427 5691.627 6267.834
2.165 5925.447 5695.562 6271.938
2.169 5929.47 5699.458 6276.08
2.174 5933.497 5703.373 6280.26
2.179 5937.528 5707.293 6284.423
2.183 5941.564 5711.176 6288.617
2.188 5945.603 5715.15 6292.832
2.193 5949.646 5719.144 6297.085
2.198 5953.693 5723.069 6301.325
2.203 5957.745 5727.056 6305.472
2.208 5961.8 5731.032 6309.663
2.212 5965.86 5735.103 6313.887
2.217 5969.924 5739.108 6318.016
2.222 5973.992 5743.029 6322.246
2.227 5978.064 5746.956 6326.465
2.232 5982.14 5750.982 6330.583
2.237 5986.221 5755.026 6334.844
2.242 5990.306 5759.049 6339.109
2.247 5994.396 5762.942 6343.347
2.252 5998.49 5766.949 6347.627
2.257 6002.589 5770.99 6351.859
2.262 6006.691 5774.996 6356.126
2.268 6010.799 5779.028 6360.406
2.273 6014.911 5783.05 6364.621
2.278 6019.027 5787.014 6368.884
2.283 6023.149 5790.987 6373.167
2.288 6027.274 5795.041 6377.425
2.294 6031.405 5799.066 6381.649
2.299 6035.54 5803.128 6385.905
2.304 6039.68 5807.216 6390.22
2.309 6043.825 5811.302 6394.57
2.315 6047.974 5815.429 6398.815
2.32 6052.129 5819.459 6403.177
2.326 6056.288 5823.476 6407.487
2.331 6060.452 5827.533 6411.74
2.336 6064.621 5831.55 6416.022
2.342 6068.795 5835.589 6420.347
2.347 6072.975 5839.656 6424.62
2.353 6077.159 5843.719 6428.886
2.358 6081.348 5847.805 6433.245
2.364 6085.543 5851.89 6437.569
2.37 6089.742 5856.036 6441.917
2.375 6093.947 5860.148 6446.223
2.381 6098.157 5864.28 6450.584
2.387 6102.373 5868.391 6454.955
2.392 6106.594 5872.498 6459.39
2.398 6110.82 5876.602 6463.802
2.404 6115.051 5880.742 6468.183
2.41 6119.288 5884.856 6472.543
2.415 6123.53 5888.983 6476.941
2.421 6127.778 5893.068 6481.304
2.427 6132.032 5897.199 6485.744
2.433 6136.291 5901.318 6490.133
2.439 6140.555 5905.483 6494.559
2.445 6144.826 5909.671 6499.002
2.451 6149.102 5913.908 6503.421
2.457 6153.384 5918.006 6507.82
2.463 6157.671 5922.174 6512.278
2.469 6161.965 5926.357 6516.705
2.475 6166.264 5930.585 6521.15
2.481 6170.569 5934.841 6525.656
2.488 6174.88 5939.063 6530.09
2.494 6179.197 5943.227 6534.628
2.5 6183.52 5947.357 6539.168
2.506 6187.85 5951.541 6543.691
2.513 6192.185 5955.745 6548.169
2.519 6196.526 5959.952 6552.665
2.525 6200.874 5964.199 6557.201
2.532 6205.228 5968.449 6561.682
2.538 6209.588 5972.629 6566.239
2.545 6213.955 5976.865 6570.794
2.551 6218.328 5981.115 6575.37
2.558 6222.707 5985.388 6579.906
2.564 6227.093 5989.677 6584.501
2.571 6231.485 5994.006 6589.085
2.577 6235.884 5998.349 6593.628
2.584 6240.289 6002.667 6598.236
2.591 6244.701 6006.964 6602.909
2.597 6249.12 6011.236 6607.467
2.604 6253.546 6015.502 6612.079
2.611 6257.978 6019.777 6616.765
2.618 6262.417 6024.105 6621.357
2.625 6266.863 6028.428 6625.883
2.632 6271.316 6032.768 6630.567
2.639 6275.776 6037.099 6635.161
2.646 6280.242 6041.393 6639.757
2.653 6284.716 6045.762 6644.392
2.66 6289.197 6050.172 6648.944
2.667 6293.685 6054.441 6653.605
2.674 6298.181 6058.862 6658.298
2.681 6302.683 6063.286 6662.978
2.688 6307.193 6067.626 6667.621
2.695 6311.71 6072.02 6672.319
2.703 6316.235 6076.511 6677.081
2.71 6320.767 6080.894 6681.797
2.717 6325.307 6085.34 6686.464
2.725 6329.854 6089.665 6691.16
2.732 6334.409 6094.131 6695.949
2.74 6338.971 6098.567 6700.701
2.747 6343.541 6103.001 6705.461
2.755 6348.119 6107.473 6710.246
2.762 6352.705 6111.985 6715.046
2.77 6357.298 6116.394 6719.852
2.778 6361.9 6120.819 6724.668
2.786 6366.509 6125.33 6729.455
2.793 6371.127 6129.837 6734.279
2.801 6375.752 6134.357 6739.064
2.809 6380.386 6138.716 6743.785
2.817 6385.028 6143.27 6748.563
2.825 6389.678 6147.772 6753.427
2.833 6394.337 6152.231 6758.297
2.841 6399.004 6156.708 6763.197
2.849 6403.679 6161.27 6768.066
2.857 6408.363 6165.837 6772.944
2.865 6413.055 6170.354 6777.802
2.874 6417.756 6174.913 6782.67
2.882 6422.466 6179.531 6787.559
2.89 6427.184 6184.184 6792.439
2.899 6431.911 6188.768 6797.371
2.907 6436.647 6193.36 6802.32
2.915 6441.392 6197.94 6807.202
2.924 6446.146 6202.593 6812.152
2.933 6450.908 6207.224 6817.086
2.941 6455.68 6211.799 6822.026
2.95 6460.461 6216.432 6826.963
2.959 6465.252 6221.065 6831.937
2.967 6470.051 6225.744 6836.924
2.976 6474.86 6230.388 6841.908
2.985 6479.679 6234.976 6846.867
2.994 6484.506 6239.638 6851.927
3.003 6489.344 6244.289 6856.932
3.012 6494.191 6249.021 6862.016
3.021 6499.047 6253.717 6867.154
3.03 6503.914 6258.455 6872.275
3.04 6508.79 6263.19 6877.193
3.049 6513.676 6267.883 6882.317
3.058 6518.572 6272.594 6887.376
3.067 6523.478 6277.344 6892.421
3.077 6528.394 6282.021 6897.5
3.086 6533.321 6286.731 6902.496
3.096 6538.257 6291.524 6907.506
3.106 6543.204 6296.334 6912.646
3.115 6548.161 6301.047 6917.805
3.125 6553.129 6305.787 6923.003
3.135 6558.107 6310.593 6928.209
3.145 6563.096 6315.399 6933.418
3.155 6568.095 6320.177 6938.566
3.165 6573.106 6324.967 6943.702
3.175 6578.127 6329.692 6948.94
3.185 6583.159 6334.509 6954.214
3.195 6588.202 6339.353 6959.525
3.205 6593.256 6344.217 6964.801
3.215 6598.321 6349.059 6970.134
3.226 6603.398 6353.923 6975.437
3.236 6608.486 6358.773 6980.754
3.247 6613.585 6363.618 6986.091
3.257 6618.695 6368.542 6991.31
3.268 6623.818 6373.473 6996.594
3.279 6628.951 6378.438 7001.898
3.289 6634.097 6383.374 7007.176
3.3 6639.254 6388.298 7012.483
3.311 6644.424 6393.296 7017.819
3.322 6649.605 6398.28 7023.326
3.333 6654.799 6403.245 7028.691
3.344 6660.004 6408.237 7034.073
3.356 6665.222 6413.167 7039.47
3.367 6670.452 6418.225 7044.983
3.378 6675.695 6423.317 7050.485
3.39 6680.95 6428.355 7055.908
3.401 6686.218 6433.425 7061.451
3.413 6691.498 6438.502 7066.893
3.425 6696.792 6443.579 7072.452
3.436 6702.098 6448.668 7077.996
3.448 6707.417 6453.793 7083.591
3.46 6712.749 6458.844 7089.152
3.472 6718.095 6464.015 7094.725
3.484 6723.454 6469.107 7100.425
3.497 6728.826 6474.251 7106.081
3.509 6734.212 6479.406 7111.671
3.521 6739.611 6484.64 7117.282
3.534 6745.024 6489.854 7122.907
3.546 6750.451 6495.047 7128.459
3.559 6755.892 6500.306 7134.053
3.571 6761.347 6505.514 7139.885
3.584 6766.816 6510.677 7145.475
3.597 6772.3 6515.945 7151.203
3.61 6777.797 6521.14 7156.892
3.623 6783.309 6526.408 7162.558
3.636 6788.836 6531.716 7168.2
3.65 6794.378 6536.963 7174.061
3.663 6799.934 6542.334 7179.846
3.676 6805.505 6547.696 7185.642
3.69 6811.091 6553.009 7191.442
3.704 6816.693 6558.339 7197.339
3.717 6822.31 6563.627 7203.139
3.731 6827.942 6568.991 7209.016
3.745 6833.589 6574.369 7214.87
3.759 6839.253 6579.842 7220.715
3.774 6844.932 6585.266 7226.662
3.788 6850.627 6590.657 7232.59
3.802 6856.338 6596.066 7238.529
3.817 6862.065 6601.589 7244.523
3.831 6867.809 6607.025 7250.515
3.846 6873.569 6612.533 7256.47
3.861 6879.345 6618.052 7262.488
3.876 6885.139 6623.638 7268.452
3.891 6890.949 6629.139 7274.537
3.906 6896.776 6634.7 7280.67
3.922 6902.62 6640.231 7286.76
3.937 6908.481 6645.764 7292.896
3.953 6914.36 6651.386 7298.961
3.968 6920.257 6657.038 7305.067
3.984 6926.171 6662.625 7311.173
4 6932.103 6668.277 7317.256
4.016 6938.052 6673.947 7323.46
4.032 6944.02 6679.602 7329.564
4.049 6950.007 6685.237 7335.926
4.065 6956.012 6691.033 7342.154
4.082 6962.035 6696.78 7348.285
4.098 6968.077 6702.511 7354.549
4.115 6974.138 6708.235 7360.905
4.132 6980.218 6714.023 7367.269
4.149 6986.318 6719.812 7373.659
4.167 6992.437 6725.656 7380.054
4.184 6998.575 6731.466 7386.399
4.202 7004.733 6737.35 7392.78
4.219 7010.911 6743.215 7399.322
4.237 7017.11 6749.034 7405.751
4.255 7023.328 6754.839 7412.259
4.274 7029.567 6760.844 7418.797
4.292 7035.827 6766.68 7425.368
4.31 7042.107 6772.614 7431.855
4.329 7048.409 6778.606 7438.373
4.348 7054.731 6784.606 7445.003
4.367 7061.075 6790.567 7451.715
4.386 7067.441 6796.637 7458.476
4.405 7073.828 6802.631 7465.113
4.425 7080.238 6808.643 7471.797
4.444 7086.669 6814.796 7478.565
4.464 7093.123 6820.894 7485.2
4.484 7099.6 6826.986 7491.969
4.505 7106.099 6833.203 7498.655
4.525 7112.621 6839.376 7505.383
4.545 7119.167 6845.533 7512.152
4.566 7125.736 6851.717 7519.082
4.587 7132.328 6858.007 7525.9
4.608 7138.945 6864.265 7532.865
4.63 7145.586 6870.513 7539.898
4.651 7152.25 6876.807 7546.95
4.673 7158.94 6883.161 7553.926
4.695 7165.654 6889.565 7561.007
4.717 7172.393 6895.913 7568.163
4.739 7179.158 6902.188 7575.233
4.762 7185.948 6908.489 7582.329
4.785 7192.764 6914.869 7589.477
4.808 7199.606 6921.268 7596.619
4.831 7206.474 6927.752 7603.85
4.854 7213.369 6934.326 7611.049
4.878 7220.29 6940.787 7618.283
4.902 7227.239 6947.364 7625.574
4.926 7234.215 6953.997 7632.905
4.95 7241.218 6960.562 7640.138
4.975 7248.249 6967.228 7647.425
5 7255.309 6973.927 7654.766
5.025 7262.397 6980.578 7662.159
5.051 7269.514 6987.227 7669.57
5.076 7276.659 6993.953 7677.116
5.102 7283.834 7000.705 7684.655
5.128 7291.039 7007.43 7692.131
5.155 7298.274 7014.295 7699.624
5.181 7305.539 7021.067 7707.263
5.208 7312.834 7027.853 7714.891
5.236 7320.16 7034.721 7722.513
5.263 7327.518 7041.775 7730.265
5.291 7334.907 7048.699 7737.916
5.319 7342.328 7055.625 7745.646
5.348 7349.781 7062.569 7753.589
5.376 7357.267 7069.587 7761.39
5.405 7364.786 7076.55 7769.296
5.435 7372.338 7083.668 7777.322
5.464 7379.924 7090.779 7785.288
5.495 7387.543 7097.868 7793.202
5.525 7395.197 7105.026 7801.161
5.556 7402.886 7112.246 7809.214
5.587 7410.61 7119.306 7817.363
5.618 7418.37 7126.681 7825.434
5.65 7426.165 7134.105 7833.635
5.682 7433.997 7141.428 7841.825
5.714 7441.866 7148.777 7850.043
5.747 7449.772 7156.151 7858.329
5.78 7457.715 7163.558 7866.574
5.814 7465.697 7170.93 7875.084
5.848 7473.717 7178.491 7883.524
5.882 7481.776 7185.963 7891.945
5.917 7489.875 7193.427 7900.462
5.952 7498.013 7200.897 7908.86
5.988 7506.192 7208.629 7917.379
6.024 7514.412 7216.174 7925.948
6.061 7522.673 7223.792 7934.622
6.098 7530.975 7231.592 7943.347
6.135 7539.321 7239.22 7952.138
6.173 7547.709 7246.951 7961.073
6.211 7556.14 7254.771 7969.847
6.25 7564.616 7262.591 7978.826
6.289 7573.135 7270.592 7987.811
6.329 7581.7 7278.643 7996.79
6.369 7590.311 7286.465 8005.901
6.41 7598.968 7294.535 8015.053
6.452 7607.671 7302.738 8024.316
6.494 7616.422 7310.761 8033.577
6.536 7625.221 7318.926 8042.779
6.579 7634.068 7327.132 8052.022
6.623 7642.965 7335.393 8061.432
6.667 7651.912 7343.708 8070.767
6.711 7660.909 7351.975 8080.271
6.757 7669.957 7360.292 8089.696
6.803 7679.058 7368.709 8099.196
6.849 7688.211 7377.044 8108.899
6.897 7697.417 7385.583 8118.582
6.944 7706.677 7393.989 8128.155
6.993 7715.992 7402.472 8137.919
7.042 7725.363 7411.075 8147.908
7.092 7734.79 7419.706 8157.882
7.143 7744.275 7428.301 8167.836
7.194 7753.817 7436.998 8177.982
7.246 7763.418 7445.762 8188.158
7.299 7773.079 7454.61 8198.471
7.353 7782.8 7463.475 8208.683
7.407 7792.582 7472.396 8219.063
7.463 7802.427 7481.435 8229.546
7.519 7812.335 7490.418 8239.935
7.576 7822.307 7499.53 8250.509
7.634 7832.345 7508.785 8261.288
7.692 7842.448 7518.035 8271.993
7.752 7852.618 7527.27 8282.786
7.812 7862.857 7536.574 8293.614
7.874 7873.165 7546.055 8304.549
7.937 7883.542 7555.532 8315.741
8 7893.992 7565.106 8326.785
8.065 7904.513 7574.802 8337.976
8.13 7915.109 7584.436 8349.321
8.197 7925.779 7594.152 8360.695
8.264 7936.525 7604.112 8371.932
8.333 7947.349 7613.964 8383.593
8.403 7958.25 7623.878 8395.297
8.475 7969.232 7633.677 8406.934
8.547 7980.295 7643.768 8418.895
8.621 7991.441 7653.829 8430.823
8.696 8002.67 7664.065 8442.861
8.772 8013.985 7674.334 8455.046
8.85 8025.386 7684.711 8467.36
8.929 8036.876 7695.213 8479.694
9.009 8048.456 7705.783 8492.245
9.091 8060.128 7716.285 8504.631
9.174 8071.892 7726.898 8517.32
9.259 8083.752 7737.741 8529.85
9.346 8095.708 7748.564 8542.768
9.434 8107.762 7759.616 8555.711
9.524 8119.917 7770.396 8568.659
9.615 8132.173 7781.284 8581.686
9.709 8144.534 7792.533 8594.849
9.804 8157 7803.677 8608.216
9.901 8169.575 7814.941 8621.696
10 8182.26 7826.423 8635.285
10.101 8195.056 7837.736 8649.148
10.204 8207.968 7849.45 8663.061
10.309 8220.996 7861.206 8677.29
10.417 8234.144 7872.977 8691.422
10.526 8247.413 7884.749 8705.861
10.638 8260.806 7896.743 8720.133
10.753 8274.326 7908.845 8734.845
10.87 8287.975 7921.052 8749.642
10.989 8301.757 7933.463 8764.612
11.111 8315.674 7945.916 8779.647
11.236 8329.728 7958.535 8794.896
11.364 8343.924 7971.17 8810.294
11.494 8358.264 7983.926 8825.839
11.628 8372.751 7996.894 8841.556
11.765 8387.389 8009.995 8857.221
11.905 8402.181 8023.181 8873.159
12.048 8417.131 8036.519 8889.299
12.195 8432.243 8049.885 8905.712
12.346 8447.521 8063.49 8922.203
12.5 8462.967 8077.282 8938.856
12.658 8478.588 8091.087 8955.639
12.821 8494.387 8104.846 8972.939
12.987 8510.368 8118.959 8990.413
13.158 8526.536 8133.272 9007.926
13.333 8542.896 8147.789 9025.84
13.514 8559.453 8162.425 9043.863
13.699 8576.212 8177.242 9062.104
13.889 8593.179 8192.133 9080.817
14.085 8610.36 8207.058 9099.561
14.286 8627.759 8222.18 9118.603
14.493 8645.384 8237.486 9138.093
14.706 8663.24 8253.113 9157.348
14.925 8681.336 8268.969 9177.163
15.152 8699.676 8285.096 9197.365
15.385 8718.269 8301.267 9217.888
15.625 8737.123 8317.732 9238.672
15.873 8756.245 8334.441 9259.744
16.129 8775.644 8351.359 9281.352
16.393 8795.328 8368.319 9303.165
16.667 8815.307 8385.47 9325.371
16.949 8835.59 8403.054 9347.618
17.241 8856.187 8420.87 9370.327
17.544 8877.11 8439.081 9393.708
17.857 8898.369 8457.278 9417.298
18.182 8919.976 8475.919 9441.163
18.519 8941.943 8494.588 9465.58
18.868 8964.284 8513.793 9490.616
19.231 8987.013 8533.115 9515.918
19.608 9010.143 8553.03 9541.8
20 9033.692 8573.272 9568.126
20.408 9057.674 8593.588 9595.132
20.833 9082.107 8614.173 9622.353
21.277 9107.01 8635.382 9650.341
21.739 9132.403 8656.815 9678.932
22.222 9158.306 8678.709 9708.393
22.727 9184.742 8701.028 9738.04
23.256 9211.735 8723.726 9768.579
23.81 9239.309 8746.755 9799.917
24.39 9267.492 8770.022 9832.011
25 9296.314 8794.191 9864.563
25.641 9325.806 8818.719 9898.21
26.316 9356.002 8843.984 9932.662
27.027 9386.937 8869.667 9967.975
27.778 9418.652 8895.981 10004.509
28.571 9451.189 8922.649 10041.469
29.412 9484.595 8950.302 10079.87
30.303 9518.92 8978.457 10119.264
31.25 9554.218 9007.269 10160.336
32.258 9590.55 9037.219 10202.834
33.333 9627.981 9067.623 10245.638
34.483 9666.584 9099.034 10290.151
35.714 9706.439 9131.542 10336.534
37.037 9747.634 9164.919 10384.71
38.462 9790.268 9199.339 10434.542
40 9834.449 9234.719 10486.597
41.667 9880.301 9271.273 10540.402
43.478 9927.961 9309.55 10596.198
45.455 9977.585 9349.187 10654.858
47.619 10029.351 9390.266 10716.313
50 10083.462 9432.942 10779.738
52.632 10140.15 9477.489 10847.373
55.556 10199.687 9523.868 10918.417
58.824 10262.387 9572.696 10993.934
62.5 10328.624 9623.608 11073.744
66.667 10398.839 9677.266 11158.802
71.429 10473.565 9734.744 11249.841
76.923 10553.45 9795.499 11347.207
83.333 10639.296 9859.759 11452.567
90.909 10732.106 9928.921 11567.422
100 10833.17 10003.777 11692.607
111.111 10944.172 10085.524 11831.71
125 11067.383 10175.346 11986.168
142.857 11205.962 10275.169 12162.044
166.667 11364.504 10387.22 12364.119
200 11550.07 10517.088 12604.962
250 11774.366 10670.608 12899.321
333.333 12059.062 10861.169 13279.767
500 12451.995 11116.779 13816.138
1000 13101.99 11518.075 14727.166
1111.111 13198.46 11575.106 14864.992
1250 13305.593 11638.774 15020.689
1428.571 13426.146 11708.647 15196.839
1666.667 13564.132 11788.295 15399.906
2000 13725.717 11880.174 15636.856
2500 13921.12 11989.089 15929.905
3333.333 14169.261 12123.974 16308.582
5000 14511.908 12304.575 16841.642
10000 15078.995 12589.942 17747.662
