"Pr" "Mp" "Q_2" "Q_9"
1.01 3507.492 2540.753 3892.564
1.011 3535.537 2581.756 3915.175
1.012 3561.653 2620.168 3936.51
1.013 3586.128 2656.095 3956.478
1.014 3609.186 2689.463 3975.46
1.015 3631.01 2721.224 3993.248
1.016 3651.746 2750.853 4010.42
1.017 3671.517 2779.673 4026.997
1.018 3690.423 2806.754 4042.643
1.019 3708.553 2832.957 4057.71
1.02 3725.978 2857.887 4072.12
1.021 3742.763 2881.746 4086.4
1.022 3758.962 2904.68 4100.17
1.024 3774.623 2926.981 4113.437
1.025 3789.788 2948.373 4126.286
1.026 3804.495 2968.98 4138.903
1.027 3818.777 2989.044 4151.186
1.028 3832.663 3008.697 4162.886
1.029 3846.179 3027.705 4174.455
1.03 3859.35 3046.351 4185.622
1.031 3872.197 3064.102 4196.717
1.032 3884.739 3081.391 4207.526
1.033 3896.994 3098.599 4218.116
1.034 3908.979 3115.242 4228.526
1.035 3920.707 3131.682 4238.59
1.036 3932.194 3147.655 4248.612
1.037 3943.451 3163.042 4258.308
1.038 3954.49 3178.284 4267.873
1.04 3965.321 3192.962 4277.36
1.041 3975.955 3207.513 4286.772
1.042 3986.401 3221.738 4295.918
1.043 3996.667 3235.944 4304.869
1.044 4006.76 3249.568 4313.648
1.045 4016.69 3263.017 4322.306
1.046 4026.462 3276.424 4330.958
1.047 4036.082 3289.427 4339.371
1.048 4045.558 3302.259 4347.67
1.049 4054.895 3314.873 4355.851
1.05 4064.098 3327.319 4363.923
1.052 4073.172 3339.794 4371.881
1.053 4082.122 3351.9 4379.714
1.054 4090.953 3363.739 4387.45
1.055 4099.668 3375.516 4395.186
1.056 4108.272 3387.03 4402.935
1.057 4116.769 3398.508 4410.448
1.058 4125.162 3409.578 4417.934
1.059 4133.455 3420.75 4425.336
1.06 4141.651 3431.673 4432.639
1.062 4149.753 3442.366 4439.89
1.063 4157.764 3453.188 4447.028
1.064 4165.687 3463.985 4454.116
1.065 4173.525 3474.507 4461.178
1.066 4181.28 3484.794 4468.096
1.067 4188.954 3495.173 4475.045
1.068 4196.55 3505.239 4481.895
1.07 4204.07 3515.331 4488.634
1.071 4211.517 3525.185 4495.32
1.072 4218.891 3534.99 4502.007
1.073 4226.197 3544.811 4508.646
1.074 4233.434 3554.379 4515.175
1.075 4240.605 3563.75 4521.627
1.076 4247.712 3573.296 4528.113
1.078 4254.756 3582.58 4534.455
1.079 4261.74 3591.907 4540.735
1.08 4268.664 3601.01 4546.995
1.081 4275.53 3610.067 4553.114
1.082 4282.339 3618.956 4559.383
1.083 4289.093 3627.569 4565.527
1.085 4295.793 3636.497 4571.618
1.086 4302.441 3645.127 4577.663
1.087 4309.037 3653.803 4583.664
1.088 4315.584 3662.402 4589.632
1.089 4322.081 3670.969 4595.562
1.091 4328.53 3679.498 4601.447
1.092 4334.932 3687.838 4607.317
1.093 4341.289 3696.116 4613.16
1.094 4347.601 3704.383 4618.949
1.095 4353.869 3712.43 4624.77
1.096 4360.094 3720.365 4630.436
1.098 4366.277 3728.316 4636.063
1.099 4372.419 3736.27 4641.682
1.1 4378.521 3743.972 4647.328
1.101 4384.583 3751.831 4652.86
1.103 4390.607 3759.45 4658.415
1.104 4396.592 3767.204 4663.97
1.105 4402.541 3774.763 4669.461
1.106 4408.454 3782.549 4674.833
1.107 4414.33 3790.218 4680.33
1.109 4420.172 3797.635 4685.646
1.11 4425.98 3805.061 4691.036
1.111 4431.754 3812.531 4696.453
1.112 4437.495 3820.015 4701.871
1.114 4443.203 3827.304 4707.16
1.115 4448.88 3834.547 4712.365
1.116 4454.526 3841.798 4717.597
1.117 4460.14 3849.032 4722.856
1.119 4465.725 3856.173 4728.031
1.12 4471.281 3863.291 4733.142
1.121 4476.807 3870.406 4738.241
1.122 4482.305 3877.079 4743.389
1.124 4487.775 3883.958 4748.412
1.125 4493.217 3890.929 4753.452
1.126 4498.633 3897.654 4758.488
1.127 4504.021 3904.37 4763.574
1.129 4509.384 3911.037 4768.521
1.13 4514.721 3917.837 4773.477
1.131 4520.033 3924.414 4778.449
1.133 4525.32 3930.952 4783.364
1.134 4530.582 3937.491 4788.251
1.135 4535.82 3944.078 4793.245
1.136 4541.035 3950.616 4798.124
1.138 4546.227 3957.039 4802.992
1.139 4551.395 3963.451 4807.824
1.14 4556.542 3969.845 4812.648
1.142 4561.666 3976.395 4817.487
1.143 4566.768 3982.775 4822.301
1.144 4571.848 3989.058 4827.057
1.145 4576.908 3995.481 4831.781
1.147 4581.947 4001.835 4836.496
1.148 4586.965 4008.192 4841.257
1.149 4591.963 4014.417 4846.003
1.151 4596.941 4020.689 4850.749
1.152 4601.9 4026.871 4855.431
1.153 4606.839 4033.042 4860.1
1.155 4611.759 4039.065 4864.656
1.156 4616.661 4045.23 4869.384
1.157 4621.544 4051.274 4873.993
1.159 4626.409 4057.373 4878.572
1.16 4631.256 4063.343 4883.13
1.161 4636.085 4069.151 4887.69
1.163 4640.897 4074.987 4892.327
1.164 4645.692 4080.831 4896.851
1.166 4650.47 4086.68 4901.361
1.167 4655.231 4092.567 4905.851
1.168 4659.976 4098.3 4910.348
1.17 4664.705 4104.139 4914.835
1.171 4669.418 4109.864 4919.315
1.172 4674.114 4115.66 4923.777
1.174 4678.796 4121.411 4928.213
1.175 4683.462 4127.123 4932.651
1.176 4688.113 4132.812 4937.11
1.178 4692.749 4138.501 4941.55
1.179 4697.37 4144.072 4945.897
1.181 4701.977 4149.673 4950.251
1.182 4706.569 4155.355 4954.699
1.183 4711.147 4161 4959.054
1.185 4715.712 4166.488 4963.466
1.186 4720.262 4171.966 4967.773
1.188 4724.799 4177.412 4972.055
1.189 4729.323 4182.982 4976.344
1.19 4733.833 4188.359 4980.668
1.192 4738.331 4193.732 4984.977
1.193 4742.815 4199.302 4989.292
1.195 4747.287 4204.596 4993.652
1.196 4751.746 4209.954 4997.847
1.198 4756.193 4215.202 5002.094
1.199 4760.628 4220.474 5006.376
1.2 4765.05 4225.796 5010.617
1.202 4769.461 4231.067 5014.783
1.203 4773.86 4236.321 5019.022
1.205 4778.247 4241.624 5023.307
1.206 4782.623 4246.767 5027.555
1.208 4786.987 4251.987 5031.746
1.209 4791.34 4257.159 5035.905
1.211 4795.683 4262.287 5040.088
1.212 4800.014 4267.449 5044.22
1.214 4804.334 4272.457 5048.353
1.215 4808.644 4277.621 5052.477
1.217 4812.944 4282.801 5056.584
1.218 4817.233 4287.975 5060.683
1.22 4821.511 4292.939 5064.842
1.221 4825.78 4298.035 5068.986
1.222 4830.039 4303.105 5073.141
1.224 4834.287 4308.204 5077.221
1.225 4838.526 4313.304 5081.412
1.227 4842.756 4318.335 5085.523
1.229 4846.975 4323.392 5089.659
1.23 4851.186 4328.364 5093.715
1.232 4855.387 4333.21 5097.704
1.233 4859.579 4338.1 5101.762
1.235 4863.761 4343.117 5105.817
1.236 4867.935 4348.007 5109.805
1.238 4872.1 4352.772 5113.811
1.239 4876.256 4357.632 5117.911
1.241 4880.404 4362.529 5121.9
1.242 4884.543 4367.456 5125.901
1.244 4888.673 4372.282 5129.87
1.245 4892.795 4377.121 5133.902
1.247 4896.909 4381.949 5137.885
1.248 4901.015 4386.678 5141.879
1.25 4905.113 4391.533 5145.842
1.252 4909.203 4396.396 5149.812
1.253 4913.284 4400.941 5153.841
1.255 4917.358 4405.665 5157.807
1.256 4921.425 4410.449 5161.769
1.258 4925.484 4415.098 5165.683
1.259 4929.535 4419.84 5169.601
1.261 4933.579 4424.52 5173.551
1.263 4937.615 4429.212 5177.535
1.264 4941.645 4433.891 5181.479
1.266 4945.667 4438.567 5185.395
1.267 4949.682 4443.209 5189.268
1.269 4953.69 4447.843 5193.176
1.271 4957.691 4452.414 5197.115
1.272 4961.685 4457.025 5200.948
1.274 4965.673 4461.519 5204.85
1.276 4969.654 4466.169 5208.803
1.277 4973.628 4470.785 5212.659
1.279 4977.596 4475.372 5216.52
1.28 4981.557 4480.049 5220.38
1.282 4985.512 4484.601 5224.246
1.284 4989.461 4489.129 5228.047
1.285 4993.403 4493.532 5231.875
1.287 4997.339 4498.067 5235.733
1.289 5001.269 4502.527 5239.575
1.29 5005.193 4506.954 5243.35
1.292 5009.112 4511.42 5247.19
1.294 5013.024 4515.86 5251.006
1.295 5016.93 4520.342 5254.888
1.297 5020.831 4524.789 5258.704
1.299 5024.726 4529.234 5262.491
1.3 5028.616 4533.683 5266.359
1.302 5032.5 4538.181 5270.124
1.304 5036.378 4542.675 5273.926
1.305 5040.252 4547.126 5277.687
1.307 5044.119 4551.505 5281.446
1.309 5047.982 4555.814 5285.181
1.311 5051.839 4560.217 5288.949
1.312 5055.691 4564.593 5292.744
1.314 5059.538 4568.993 5296.476
1.316 5063.38 4573.33 5300.223
1.318 5067.217 4577.626 5303.963
1.319 5071.049 4581.848 5307.708
1.321 5074.876 4586.151 5311.398
1.323 5078.699 4590.467 5315.157
1.325 5082.517 4594.791 5318.93
1.326 5086.33 4599.042 5322.708
1.328 5090.138 4603.332 5326.456
1.33 5093.942 4607.621 5330.222
1.332 5097.741 4611.821 5333.907
1.333 5101.536 4616.097 5337.672
1.335 5105.326 4620.434 5341.354
1.337 5109.112 4624.632 5345.106
1.339 5112.894 4628.812 5348.784
1.34 5116.671 4633.099 5352.529
1.342 5120.445 4637.295 5356.154
1.344 5124.214 4641.388 5359.94
1.346 5127.979 4645.564 5363.658
1.348 5131.74 4649.759 5367.378
1.35 5135.497 4653.912 5371.075
1.351 5139.25 4658.173 5374.757
1.353 5142.999 4662.364 5378.441
1.355 5146.744 4666.566 5382.085
1.357 5150.486 4670.771 5385.742
1.359 5154.223 4674.959 5389.386
1.361 5157.957 4678.999 5393.11
1.362 5161.688 4683.169 5396.755
1.364 5165.415 4687.232 5400.399
1.366 5169.138 4691.313 5404.078
1.368 5172.858 4695.487 5407.747
1.37 5176.574 4699.602 5411.435
1.372 5180.287 4703.744 5415.106
1.374 5183.996 4707.819 5418.786
1.376 5187.702 4711.905 5422.45
1.377 5191.405 4715.993 5426.181
1.379 5195.104 4720.102 5429.845
1.381 5198.801 4724.184 5433.519
1.383 5202.494 4728.277 5437.157
1.385 5206.184 4732.211 5440.76
1.387 5209.871 4736.382 5444.487
1.389 5213.555 4740.382 5448.18
1.391 5217.236 4744.465 5451.789
1.393 5220.914 4748.501 5455.401
1.395 5224.589 4752.637 5459.073
1.397 5228.261 4756.67 5462.683
1.399 5231.93 4760.658 5466.266
1.401 5235.597 4764.724 5469.855
1.403 5239.261 4768.798 5473.522
1.404 5242.922 4772.763 5477.167
1.406 5246.58 4776.84 5480.739
1.408 5250.236 4780.879 5484.438
1.41 5253.889 4784.905 5488.105
1.412 5257.54 4789.005 5491.726
1.414 5261.188 4792.972 5495.363
1.416 5264.834 4796.876 5498.975
1.418 5268.477 4800.896 5502.583
1.42 5272.118 4804.868 5506.125
1.422 5275.756 4808.739 5509.671
1.425 5279.392 4812.8 5513.286
1.427 5283.026 4816.803 5516.914
1.429 5286.658 4820.968 5520.552
1.431 5290.287 4824.912 5524.145
1.433 5293.914 4828.838 5527.745
1.435 5297.539 4832.744 5531.386
1.437 5301.162 4836.657 5534.976
1.439 5304.783 4840.608 5538.578
1.441 5308.402 4844.555 5542.154
1.443 5312.019 4848.494 5545.747
1.445 5315.634 4852.439 5549.376
1.447 5319.246 4856.343 5553.044
1.449 5322.857 4860.284 5556.617
1.451 5326.467 4864.192 5560.228
1.453 5330.074 4868.112 5563.824
1.456 5333.679 4872.003 5567.417
1.458 5337.283 4875.837 5570.89
1.46 5340.885 4879.641 5574.543
1.462 5344.485 4883.529 5578.125
1.464 5348.084 4887.474 5581.761
1.466 5351.681 4891.354 5585.372
1.468 5355.276 4895.188 5588.947
1.471 5358.87 4899.03 5592.528
1.473 5362.462 4902.86 5596.12
1.475 5366.053 4906.738 5599.663
1.477 5369.642 4910.608 5603.247
1.479 5373.23 4914.435 5606.831
1.481 5376.817 4918.34 5610.372
1.484 5380.402 4922.14 5613.901
1.486 5383.985 4925.976 5617.537
1.488 5387.568 4929.793 5621.101
1.49 5391.149 4933.668 5624.648
1.493 5394.728 4937.426 5628.242
1.495 5398.307 4941.212 5631.813
1.497 5401.884 4944.965 5635.378
1.499 5405.461 4948.872 5638.945
1.502 5409.036 4952.699 5642.53
1.504 5412.61 4956.526 5646.114
1.506 5416.183 4960.353 5649.719
1.508 5419.754 4964.131 5653.26
1.511 5423.325 4968.058 5656.884
1.513 5426.895 4971.914 5660.436
1.515 5430.464 4975.63 5663.955
1.517 5434.032 4979.38 5667.513
1.52 5437.599 4983.178 5671.114
1.522 5441.165 4986.908 5674.684
1.524 5444.731 4990.642 5678.25
1.527 5448.295 4994.369 5681.796
1.529 5451.859 4998.247 5685.367
1.531 5455.422 5002.047 5688.914
1.534 5458.984 5005.838 5692.462
1.536 5462.546 5009.598 5696.073
1.538 5466.106 5013.32 5699.604
1.541 5469.667 5017.018 5703.089
1.543 5473.226 5020.671 5706.697
1.546 5476.785 5024.39 5710.238
1.548 5480.344 5028.074 5713.778
1.55 5483.902 5031.824 5717.335
1.553 5487.459 5035.595 5720.966
1.555 5491.016 5039.385 5724.508
1.558 5494.573 5043.151 5728.021
1.56 5498.129 5046.891 5731.617
1.563 5501.684 5050.686 5735.165
1.565 5505.24 5054.398 5738.7
1.567 5508.794 5058.163 5742.264
1.57 5512.349 5061.852 5745.827
1.572 5515.903 5065.646 5749.419
1.575 5519.458 5069.436 5752.988
1.577 5523.011 5073.203 5756.602
1.58 5526.565 5076.867 5760.15
1.582 5530.118 5080.676 5763.726
1.585 5533.672 5084.426 5767.312
1.587 5537.225 5088.148 5770.917
1.59 5540.778 5091.967 5774.45
1.592 5544.331 5095.647 5778.075
1.595 5547.884 5099.382 5781.669
1.597 5551.437 5103.165 5785.283
1.6 5554.989 5106.87 5788.863
1.603 5558.542 5110.653 5792.483
1.605 5562.095 5114.284 5796.039
1.608 5565.648 5117.991 5799.582
1.61 5569.201 5121.757 5803.03
1.613 5572.755 5125.365 5806.605
1.616 5576.308 5129.015 5810.155
1.618 5579.862 5132.761 5813.732
1.621 5583.415 5136.487 5817.34
1.623 5586.969 5140.153 5820.992
1.626 5590.524 5143.819 5824.577
1.629 5594.078 5147.552 5828.179
1.631 5597.633 5151.24 5831.817
1.634 5601.188 5155.027 5835.419
1.637 5604.743 5158.65 5838.996
1.639 5608.299 5162.385 5842.606
1.642 5611.856 5166.094 5846.18
1.645 5615.412 5169.852 5849.757
1.647 5618.97 5173.48 5853.319
1.65 5622.527 5177.201 5856.932
1.653 5626.085 5180.875 5860.542
1.656 5629.644 5184.521 5864.191
1.658 5633.203 5188.142 5867.713
1.661 5636.763 5191.831 5871.294
1.664 5640.323 5195.611 5874.899
1.667 5643.884 5199.208 5878.44
1.669 5647.446 5202.806 5881.965
1.672 5651.008 5206.504 5885.518
1.675 5654.571 5210.051 5889.18
1.678 5658.135 5213.699 5892.823
1.681 5661.7 5217.364 5896.415
1.684 5665.265 5221.146 5900.03
1.686 5668.831 5224.851 5903.584
1.689 5672.398 5228.494 5907.187
1.692 5675.966 5232.143 5910.851
1.695 5679.534 5235.803 5914.505
1.698 5683.104 5239.461 5918.155
1.701 5686.674 5243.176 5921.796
1.704 5690.246 5246.894 5925.423
1.706 5693.818 5250.625 5929.02
1.709 5697.391 5254.192 5932.629
1.712 5700.966 5257.839 5936.324
1.715 5704.541 5261.436 5939.922
1.718 5708.118 5265.158 5943.58
1.721 5711.695 5268.831 5947.247
1.724 5715.274 5272.498 5950.924
1.727 5718.854 5276.175 5954.52
1.73 5722.435 5279.928 5958.132
1.733 5726.017 5283.589 5961.737
1.736 5729.6 5287.238 5965.411
1.739 5733.185 5290.925 5969.104
1.742 5736.77 5294.554 5972.729
1.745 5740.358 5298.145 5976.401
1.748 5743.946 5301.861 5979.955
1.751 5747.536 5305.512 5983.636
1.754 5751.127 5309.2 5987.31
1.757 5754.719 5312.836 5991.022
1.761 5758.313 5316.478 5994.669
1.764 5761.909 5320.121 5998.325
1.767 5765.505 5323.809 6001.993
1.77 5769.104 5327.498 6005.671
1.773 5772.703 5331.156 6009.35
1.776 5776.305 5334.856 6013.043
1.779 5779.907 5338.534 6016.758
1.783 5783.512 5342.189 6020.39
1.786 5787.118 5345.866 6024.049
1.789 5790.725 5349.465 6027.738
1.792 5794.334 5353.086 6031.465
1.795 5797.945 5356.883 6035.154
1.799 5801.558 5360.519 6038.815
1.802 5805.172 5364.218 6042.442
1.805 5808.788 5367.936 6046.123
1.808 5812.406 5371.661 6049.792
1.812 5816.026 5375.345 6053.494
1.815 5819.647 5378.989 6057.228
1.818 5823.27 5382.669 6060.973
1.821 5826.896 5386.342 6064.678
1.825 5830.523 5390.017 6068.407
1.828 5834.152 5393.732 6072.098
1.832 5837.782 5397.344 6075.781
1.835 5841.415 5401.035 6079.424
1.838 5845.05 5404.701 6083.12
1.842 5848.687 5408.448 6086.851
1.845 5852.326 5412.097 6090.599
1.848 5855.967 5415.823 6094.288
1.852 5859.61 5419.495 6098.048
1.855 5863.255 5423.176 6101.743
1.859 5866.902 5426.874 6105.493
1.862 5870.551 5430.566 6109.158
1.866 5874.203 5434.315 6112.87
1.869 5877.857 5438.011 6116.66
1.873 5881.513 5441.689 6120.423
1.876 5885.171 5445.313 6124.241
1.88 5888.831 5448.998 6127.957
1.883 5892.494 5452.721 6131.72
1.887 5896.159 5456.419 6135.431
1.89 5899.827 5460.094 6139.2
1.894 5903.497 5463.795 6142.901
1.898 5907.169 5467.473 6146.703
1.901 5910.844 5471.124 6150.46
1.905 5914.521 5474.881 6154.224
1.908 5918.201 5478.559 6157.991
1.912 5921.883 5482.211 6161.745
1.916 5925.568 5485.883 6165.553
1.919 5929.255 5489.565 6169.356
1.923 5932.945 5493.271 6173.146
1.927 5936.638 5496.972 6176.976
1.931 5940.333 5500.698 6180.75
1.934 5944.031 5504.473 6184.524
1.938 5947.731 5508.204 6188.308
1.942 5951.434 5511.913 6192.125
1.946 5955.14 5515.608 6195.794
1.949 5958.849 5519.311 6199.605
1.953 5962.561 5522.979 6203.44
1.957 5966.275 5526.724 6207.245
1.961 5969.992 5530.41 6211.107
1.965 5973.712 5534.062 6214.95
1.969 5977.435 5537.829 6218.751
1.972 5981.161 5541.575 6222.486
1.976 5984.89 5545.358 6226.286
1.98 5988.622 5549.21 6230.052
1.984 5992.356 5552.855 6233.923
1.988 5996.094 5556.712 6237.778
1.992 5999.835 5560.5 6241.653
1.996 6003.579 5564.258 6245.553
2 6007.326 5567.938 6249.389
2.004 6011.076 5571.707 6253.205
2.008 6014.83 5575.557 6257.071
2.012 6018.586 5579.298 6260.941
2.016 6022.346 5583.011 6264.864
2.02 6026.109 5586.794 6268.786
2.024 6029.875 5590.568 6272.695
2.028 6033.645 5594.31 6276.638
2.033 6037.418 5598.136 6280.546
2.037 6041.194 5601.963 6284.462
2.041 6044.974 5605.72 6288.4
2.045 6048.757 5609.473 6292.358
2.049 6052.543 5613.244 6296.251
2.053 6056.333 5616.927 6300.145
2.058 6060.127 5620.646 6304.114
2.062 6063.924 5624.459 6308.09
2.066 6067.724 5628.196 6311.958
2.07 6071.529 5632.05 6315.863
2.075 6075.336 5635.873 6319.775
2.079 6079.148 5639.775 6323.744
2.083 6082.963 5643.532 6327.621
2.088 6086.782 5647.283 6331.572
2.092 6090.604 5651.079 6335.563
2.096 6094.43 5654.879 6339.393
2.101 6098.26 5658.69 6343.4
2.105 6102.094 5662.52 6347.337
2.11 6105.932 5666.305 6351.313
2.114 6109.773 5670.076 6355.301
2.119 6113.619 5673.878 6359.296
2.123 6117.468 5677.737 6363.32
2.128 6121.322 5681.521 6367.345
2.132 6125.179 5685.384 6371.37
2.137 6129.04 5689.274 6375.4
2.141 6132.906 5693.088 6379.429
2.146 6136.775 5696.906 6383.504
2.151 6140.649 5700.815 6387.505
2.155 6144.526 5704.676 6391.54
2.16 6148.408 5708.628 6395.518
2.165 6152.294 5712.478 6399.54
2.169 6156.185 5716.254 6403.531
2.174 6160.079 5720.09 6407.544
2.179 6163.978 5723.942 6411.536
2.183 6167.882 5727.808 6415.572
2.188 6171.789 5731.639 6419.542
2.193 6175.701 5735.486 6423.625
2.198 6179.618 5739.347 6427.673
2.203 6183.538 5743.187 6431.698
2.208 6187.464 5747.097 6435.794
2.212 6191.394 5750.947 6439.845
2.217 6195.328 5754.829 6443.945
2.222 6199.267 5758.79 6448.091
2.227 6203.211 5762.629 6452.229
2.232 6207.159 5766.592 6456.353
2.237 6211.112 5770.435 6460.509
2.242 6215.07 5774.38 6464.629
2.247 6219.032 5778.326 6468.793
2.252 6223 5782.231 6472.885
2.257 6226.972 5786.138 6477.036
2.262 6230.949 5790.06 6481.162
2.268 6234.93 5794.054 6485.315
2.273 6238.917 5797.947 6489.477
2.278 6242.909 5801.844 6493.667
2.283 6246.905 5805.737 6497.856
2.288 6250.907 5809.638 6502.148
2.294 6254.914 5813.607 6506.367
2.299 6258.926 5817.52 6510.533
2.304 6262.943 5821.386 6514.752
2.309 6266.965 5825.374 6518.926
2.315 6270.992 5829.324 6523.125
2.32 6275.025 5833.29 6527.374
2.326 6279.063 5837.169 6531.604
2.331 6283.106 5841.145 6535.84
2.336 6287.154 5845.207 6540.121
2.342 6291.208 5849.166 6544.441
2.347 6295.267 5853.19 6548.702
2.353 6299.332 5857.241 6552.888
2.358 6303.403 5861.234 6557.056
2.364 6307.478 5865.318 6561.359
2.37 6311.56 5869.221 6565.659
2.375 6315.647 5873.242 6570.006
2.381 6319.739 5877.316 6574.386
2.387 6323.838 5881.387 6578.595
2.392 6327.942 5885.358 6582.914
2.398 6332.051 5889.422 6587.18
2.404 6336.167 5893.49 6591.507
2.41 6340.288 5897.473 6595.817
2.415 6344.416 5901.567 6600.182
2.421 6348.549 5905.668 6604.559
2.427 6352.688 5909.715 6608.937
2.433 6356.833 5913.766 6613.325
2.439 6360.985 5917.935 6617.718
2.445 6365.142 5922.048 6622.153
2.451 6369.305 5926.178 6626.543
2.457 6373.475 5930.297 6630.928
2.463 6377.651 5934.374 6635.344
2.469 6381.833 5938.46 6639.722
2.475 6386.021 5942.469 6644.202
2.481 6390.216 5946.496 6648.648
2.488 6394.417 5950.644 6653.133
2.494 6398.624 5954.746 6657.644
2.5 6402.838 5958.81 6661.996
2.506 6407.058 5962.911 6666.555
2.513 6411.285 5967.034 6670.973
2.519 6415.519 5971.168 6675.49
2.525 6419.759 5975.295 6679.957
2.532 6424.006 5979.41 6684.379
2.538 6428.259 5983.551 6688.883
2.545 6432.519 5987.723 6693.433
2.551 6436.787 5991.843 6697.939
2.558 6441.061 5995.997 6702.522
2.564 6445.341 6000.15 6707.031
2.571 6449.629 6004.399 6711.614
2.577 6453.924 6008.574 6716.178
2.584 6458.226 6012.743 6720.772
2.591 6462.535 6016.936 6725.404
2.597 6466.851 6021.104 6730.014
2.604 6471.174 6025.231 6734.594
2.611 6475.505 6029.501 6739.19
2.618 6479.842 6033.694 6743.787
2.625 6484.187 6037.838 6748.417
2.632 6488.54 6042.081 6753.046
2.639 6492.9 6046.306 6757.706
2.646 6497.267 6050.571 6762.346
2.653 6501.642 6054.834 6767.048
2.66 6506.024 6059.092 6771.837
2.667 6510.414 6063.255 6776.54
2.674 6514.812 6067.482 6781.239
2.681 6519.218 6071.741 6785.953
2.688 6523.631 6075.967 6790.751
2.695 6528.052 6080.27 6795.529
2.703 6532.481 6084.652 6800.263
2.71 6536.918 6088.973 6805.046
2.717 6541.363 6093.252 6809.745
2.725 6545.816 6097.528 6814.498
2.732 6550.277 6101.82 6819.33
2.74 6554.746 6106.182 6824.095
2.747 6559.223 6110.49 6828.986
2.755 6563.709 6114.812 6833.754
2.762 6568.203 6119.036 6838.546
2.77 6572.705 6123.4 6843.391
2.778 6577.216 6127.81 6848.203
2.786 6581.735 6132.253 6853.078
2.793 6586.263 6136.567 6857.95
2.801 6590.8 6140.927 6862.878
2.809 6595.345 6145.353 6867.769
2.817 6599.899 6149.777 6872.651
2.825 6604.461 6154.181 6877.558
2.833 6609.033 6158.521 6882.565
2.841 6613.613 6162.992 6887.517
2.849 6618.202 6167.357 6892.449
2.857 6622.8 6171.849 6897.55
2.865 6627.408 6176.315 6902.538
2.874 6632.024 6180.679 6907.496
2.882 6636.65 6185.142 6912.485
2.89 6641.285 6189.6 6917.522
2.899 6645.929 6194.049 6922.557
2.907 6650.583 6198.492 6927.524
2.915 6655.246 6202.991 6932.536
2.924 6659.919 6207.479 6937.563
2.933 6664.601 6211.929 6942.722
2.941 6669.293 6216.485 6947.878
2.95 6673.995 6221.03 6952.936
2.959 6678.706 6225.506 6958.08
2.967 6683.427 6230.046 6963.245
2.976 6688.159 6234.605 6968.411
2.985 6692.9 6239.153 6973.594
2.994 6697.651 6243.646 6978.79
3.003 6702.413 6248.17 6984.003
3.012 6707.184 6252.713 6989.245
3.021 6711.966 6257.313 6994.527
3.03 6716.758 6261.88 6999.816
3.04 6721.561 6266.486 7005.091
3.049 6726.374 6271.11 7010.359
3.058 6731.198 6275.78 7015.673
3.067 6736.032 6280.344 7020.847
3.077 6740.877 6285.013 7026.194
3.086 6745.733 6289.569 7031.49
3.096 6750.6 6294.183 7036.824
3.106 6755.478 6298.752 7042.119
3.115 6760.366 6303.39 7047.432
3.125 6765.266 6307.995 7052.804
3.135 6770.177 6312.622 7058.228
3.145 6775.099 6317.265 7063.62
3.155 6780.033 6322.002 7069.093
3.165 6784.978 6326.703 7074.489
3.175 6789.934 6331.364 7079.997
3.185 6794.902 6336.112 7085.494
3.195 6799.882 6340.935 7090.929
3.205 6804.874 6345.709 7096.418
3.215 6809.877 6350.471 7101.956
3.226 6814.892 6355.227 7107.532
3.236 6819.919 6360.033 7113.015
3.247 6824.959 6364.807 7118.576
3.257 6830.01 6369.599 7124.189
3.268 6835.074 6374.387 7129.798
3.279 6840.15 6379.266 7135.432
3.289 6845.239 6384.065 7141.099
3.3 6850.34 6388.806 7146.761
3.311 6855.453 6393.661 7152.332
3.322 6860.58 6398.546 7157.964
3.333 6865.719 6403.44 7163.497
3.344 6870.871 6408.245 7169.216
3.356 6876.037 6413.183 7175.059
3.367 6881.215 6418.082 7180.92
3.378 6886.406 6423.057 7186.64
3.39 6891.611 6427.948 7192.371
3.401 6896.829 6432.844 7198.094
3.413 6902.061 6437.731 7203.855
3.425 6907.306 6442.747 7209.653
3.436 6912.565 6447.8 7215.465
3.448 6917.838 6452.775 7221.344
3.46 6923.125 6457.727 7227.184
3.472 6928.426 6462.722 7233.053
3.484 6933.741 6467.777 7238.887
3.497 6939.07 6472.796 7244.849
3.509 6944.413 6477.849 7250.912
3.521 6949.771 6482.954 7256.898
3.534 6955.143 6487.978 7262.911
3.546 6960.531 6493.105 7269.067
3.559 6965.932 6498.188 7275.223
3.571 6971.349 6503.374 7281.335
3.584 6976.781 6508.448 7287.44
3.597 6982.228 6513.638 7293.482
3.61 6987.69 6518.829 7299.662
3.623 6993.168 6523.929 7305.857
3.636 6998.661 6528.961 7312.077
3.65 7004.17 6533.986 7318.504
3.663 7009.694 6539.216 7324.769
3.676 7015.234 6544.385 7331.061
3.69 7020.79 6549.514 7337.348
3.704 7026.363 6554.76 7343.681
3.717 7031.951 6559.972 7349.987
3.731 7037.556 6565.356 7356.391
3.745 7043.178 6570.602 7362.784
3.759 7048.816 6575.905 7369.278
3.774 7054.471 6581.155 7375.758
3.788 7060.142 6586.471 7382.348
3.802 7065.831 6591.809 7388.88
3.817 7071.537 6597.052 7395.473
3.831 7077.26 6602.456 7402.019
3.846 7083.001 6607.891 7408.545
3.861 7088.759 6613.285 7415.183
3.876 7094.535 6618.692 7421.816
3.891 7100.329 6624.085 7428.429
3.906 7106.141 6629.473 7435.098
3.922 7111.972 6634.971 7441.774
3.937 7117.82 6640.393 7448.502
3.953 7123.687 6645.771 7455.345
3.968 7129.573 6651.359 7462.143
3.984 7135.477 6656.858 7468.93
4 7141.401 6662.238 7475.752
4.016 7147.343 6667.686 7482.658
4.032 7153.305 6673.194 7489.543
4.049 7159.287 6678.685 7496.541
4.065 7165.287 6684.221 7503.456
4.082 7171.308 6689.748 7510.392
4.098 7177.349 6695.38 7517.386
4.115 7183.41 6701.083 7524.388
4.132 7189.491 6706.684 7531.474
4.149 7195.592 6712.334 7538.582
4.167 7201.715 6717.99 7545.725
4.184 7207.858 6723.799 7552.808
4.202 7214.022 6729.517 7560.043
4.219 7220.207 6735.137 7567.257
4.237 7226.414 6740.943 7574.462
4.255 7232.642 6746.559 7581.827
4.274 7238.892 6752.361 7589.3
4.292 7245.164 6758.101 7596.696
4.31 7251.458 6763.935 7604.138
4.329 7257.775 6769.745 7611.503
4.348 7264.114 6775.499 7618.995
4.367 7270.476 6781.327 7626.447
4.386 7276.861 6787.249 7634.011
4.405 7283.269 6793.196 7641.467
4.425 7289.701 6799.164 7649.07
4.444 7296.156 6805.045 7656.602
4.464 7302.635 6810.964 7664.321
4.484 7309.138 6816.946 7671.893
4.505 7315.665 6822.877 7679.656
4.525 7322.217 6828.911 7687.354
4.545 7328.794 6834.996 7695.033
4.566 7335.395 6840.983 7702.67
4.587 7342.022 6846.939 7710.522
4.608 7348.674 6852.884 7718.328
4.63 7355.352 6859.079 7726.409
4.651 7362.056 6865.182 7734.593
4.673 7368.786 6871.226 7742.722
4.695 7375.543 6877.248 7750.728
4.717 7382.326 6883.463 7758.906
4.739 7389.136 6889.715 7767.177
4.762 7395.974 6895.896 7775.559
4.785 7402.839 6902.075 7783.688
4.808 7409.731 6908.349 7791.962
4.831 7416.652 6914.583 7800.115
4.854 7423.601 6920.896 7808.504
4.878 7430.579 6927.257 7816.952
4.902 7437.586 6933.527 7825.38
4.926 7444.622 6939.867 7833.863
4.95 7451.687 6946.371 7842.427
4.975 7458.782 6952.776 7851.104
5 7465.907 6959.211 7859.822
5.025 7473.063 6965.713 7868.393
5.051 7480.249 6972.178 7877.068
5.076 7487.466 6978.82 7885.811
5.102 7494.715 6985.424 7894.632
5.128 7501.995 6992 7903.69
5.155 7509.308 6998.621 7912.594
5.181 7516.652 7005.286 7921.688
5.208 7524.03 7012.029 7930.694
5.236 7531.44 7018.639 7939.771
5.263 7538.884 7025.265 7948.833
5.291 7546.362 7032.065 7958.01
5.319 7553.874 7038.841 7967.266
5.348 7561.42 7045.615 7976.511
5.376 7569.001 7052.334 7985.796
5.405 7576.618 7059.266 7995.059
5.435 7584.27 7066.11 8004.635
5.464 7591.958 7073.072 8014.216
5.495 7599.682 7080.036 8023.604
5.525 7607.444 7087.082 8033.27
5.556 7615.243 7094.105 8042.841
5.587 7623.079 7101.092 8052.492
5.618 7630.954 7108.211 8062.456
5.65 7638.867 7115.339 8072.475
5.682 7646.819 7122.521 8082.335
5.714 7654.81 7129.549 8092.616
5.747 7662.842 7136.655 8102.644
5.78 7670.914 7143.816 8112.558
5.814 7679.027 7151 8122.649
5.848 7687.181 7158.197 8132.855
5.882 7695.377 7165.481 8143.073
5.917 7703.615 7172.79 8153.547
5.952 7711.896 7180.12 8164.109
5.988 7720.221 7187.607 8174.581
6.024 7728.589 7194.914 8185.198
6.061 7737.002 7202.377 8195.767
6.098 7745.46 7209.782 8206.597
6.135 7753.963 7217.253 8217.524
6.173 7762.513 7224.898 8228.553
6.211 7771.109 7232.413 8239.394
6.25 7779.752 7239.96 8250.484
6.289 7788.443 7247.459 8261.725
6.329 7797.183 7255.047 8273.092
6.369 7805.972 7262.757 8284.378
6.41 7814.811 7270.469 8295.67
6.452 7823.699 7278.245 8307.004
6.494 7832.639 7285.906 8318.648
6.536 7841.631 7293.84 8330.389
6.579 7850.675 7301.762 8342.249
6.623 7859.772 7309.727 8354.129
6.667 7868.923 7317.651 8366.327
6.711 7878.129 7325.79 8378.412
6.757 7887.39 7333.806 8390.264
6.803 7896.707 7341.883 8402.441
6.849 7906.08 7349.815 8414.495
6.897 7915.511 7358.041 8426.929
6.944 7925.001 7366.203 8439.34
6.993 7934.55 7374.393 8451.616
7.042 7944.158 7382.728 8464.435
7.092 7953.828 7391.163 8477.324
7.143 7963.559 7399.612 8490.328
7.194 7973.354 7408.068 8503.328
7.246 7983.211 7416.664 8516.486
7.299 7993.133 7425.223 8529.722
7.353 8003.121 7433.764 8542.844
7.407 8013.175 7442.505 8556.288
7.463 8023.296 7451.21 8569.709
7.519 8033.486 7460.088 8583.291
7.576 8043.745 7468.889 8597.065
7.634 8054.075 7477.644 8610.955
7.692 8064.476 7486.567 8624.899
7.752 8074.95 7495.445 8639.178
7.812 8085.498 7504.361 8653.198
7.874 8096.121 7513.278 8667.368
7.937 8106.82 7522.374 8681.939
8 8117.597 7531.391 8696.745
8.065 8128.452 7540.533 8711.521
8.13 8139.387 7549.927 8726.411
8.197 8150.403 7559.11 8741.705
8.264 8161.502 7568.422 8756.934
8.333 8172.685 7578.007 8772.177
8.403 8183.953 7587.63 8787.457
8.475 8195.308 7597.276 8803.07
8.547 8206.751 7606.9 8818.794
8.621 8218.284 7616.675 8834.86
8.696 8229.909 7626.409 8850.831
8.772 8241.626 7636.159 8867.646
8.85 8253.438 7646.087 8884.083
8.929 8265.346 7656.081 8900.836
9.009 8277.353 7665.955 8917.599
9.091 8289.458 7676.116 8934.863
9.174 8301.666 7686.345 8952.183
9.259 8313.977 7696.539 8969.672
9.346 8326.393 7706.728 8987.298
9.434 8338.917 7717.174 9005.245
9.524 8351.55 7727.692 9023.483
9.615 8364.295 7738.3 9042.023
9.709 8377.153 7748.934 9060.882
9.804 8390.127 7759.662 9079.737
9.901 8403.219 7770.24 9098.826
10 8416.432 7781.04 9117.698
10.101 8429.767 7791.947 9137.053
10.204 8443.228 7802.748 9156.886
10.309 8456.817 7813.821 9176.627
10.417 8470.537 7824.943 9196.731
10.526 8484.389 7836.205 9216.976
10.638 8498.378 7847.545 9237.245
10.753 8512.506 7858.946 9257.682
10.87 8526.776 7870.622 9278.548
10.989 8541.191 7882.418 9299.605
11.111 8555.755 7894.164 9321.123
11.236 8570.47 7906.056 9342.859
11.364 8585.34 7917.885 9365.047
11.494 8600.368 7929.974 9387.151
11.628 8615.559 7942.149 9409.635
11.765 8630.916 7954.417 9432.601
11.905 8646.443 7966.87 9455.917
12.048 8662.143 7979.546 9479.784
12.195 8678.022 7992.198 9503.576
12.346 8694.084 8004.949 9527.613
12.5 8710.332 8017.865 9551.976
12.658 8726.772 8030.841 9577.185
12.821 8743.409 8043.976 9602.869
12.987 8760.247 8057.47 9628.881
13.158 8777.293 8070.821 9655.197
13.333 8794.55 8084.456 9681.988
13.514 8812.026 8097.976 9709.157
13.699 8829.725 8112.076 9736.705
13.889 8847.655 8126.205 9764.476
14.085 8865.821 8140.421 9792.776
14.286 8884.23 8154.609 9821.343
14.493 8902.889 8169.134 9850.382
14.706 8921.806 8183.791 9879.698
14.925 8940.987 8198.546 9910.371
15.152 8960.441 8213.582 9941.407
15.385 8980.177 8228.722 9972.722
15.625 9000.202 8244.055 10004.866
15.873 9020.526 8259.561 10037.52
16.129 9041.159 8275.171 10070.616
16.393 9062.109 8291.143 10104.459
16.667 9083.389 8307.407 10138.337
16.949 9105.008 8323.623 10173.3
17.241 9126.979 8340.327 10209.191
17.544 9149.313 8357.143 10245.798
17.857 9172.024 8374.179 10282.901
18.182 9195.124 8391.644 10320.764
18.519 9218.628 8409.268 10360.269
18.868 9242.551 8427.17 10399.608
19.231 9266.909 8445.245 10440.112
19.608 9291.718 8463.627 10481.97
20 9316.997 8482.184 10523.951
20.408 9342.763 8501.01 10567.106
20.833 9369.038 8520.193 10610.797
21.277 9395.842 8539.809 10656.489
21.739 9423.199 8559.725 10702.562
22.222 9451.131 8579.965 10750.392
22.727 9479.665 8600.696 10798.731
23.256 9508.828 8621.709 10849.28
23.81 9538.65 8643.304 10901.214
24.39 9569.162 8664.832 10954.011
25 9600.398 8687.264 11009.14
25.641 9632.394 8710.091 11065.666
26.316 9665.19 8733.097 11123.125
27.027 9698.828 8756.737 11183.05
27.778 9733.353 8780.854 11245.146
28.571 9768.816 8805.81 11309.482
29.412 9805.27 8831.15 11375.243
30.303 9842.773 8856.627 11444.057
31.25 9881.391 8883.387 11514.714
32.258 9921.193 8910.326 11587.973
33.333 9962.256 8938.414 11663.273
34.483 10004.666 8967.046 11742.907
35.714 10048.515 8996.525 11823.87
37.037 10093.908 9026.756 11909.372
38.462 10140.96 9058.002 11999.86
40 10189.8 9090.116 12093.787
41.667 10240.574 9123.286 12192.46
43.478 10293.444 9157.521 12296.18
45.455 10348.596 9192.888 12406.045
47.619 10406.239 9229.944 12522.41
50 10466.616 9268.302 12643.658
52.632 10530.003 9308.078 12772.79
55.556 10596.725 9349.616 12909.902
58.824 10667.159 9393.137 13054.724
62.5 10741.752 9438.976 13211.318
66.667 10821.035 9487.072 13381.26
71.429 10905.652 9537.696 13563.11
76.923 10996.386 9591.603 13761.234
83.333 11094.209 9648.269 13977.301
90.909 11200.345 9709.164 14217.764
100 11316.365 9775.579 14481.683
111.111 11444.337 9846.705 14782.856
125 11587.057 9924.604 15121.126
142.857 11748.434 10010.981 15514.491
166.667 11934.185 10107.647 15978.236
200 12153.149 10218.745 16544.809
250 12420.091 10349.4 17266.445
333.333 12762.588 10509.54 18236.279
500 13242.258 10720.084 19686.989
1000 14054.301 11045.456 22415.78
1111.111 14176.876 11091.214 22857.691
1250 14313.64 11141.992 23363.945
1428.571 14468.355 11197.712 23948.859
1666.667 14646.52 11260.142 24640.729
2000 14856.639 11331.651 25483.482
2500 15112.915 11416.102 26546.676
3333.333 15441.88 11521.015 27987.445
5000 15902.812 11659.196 30127.097
10000 16683.499 11872.325 34184.319
