"Pr" "Mp" "Q_2" "Q_9"
1.01 3445.227 2429.855 3891.253
1.011 3478.256 2476.384 3916.921
1.012 3508.972 2519.841 3940.872
1.013 3537.722 2560.785 3963.679
1.014 3564.776 2598.402 3984.906
1.015 3590.353 2634.101 4005.488
1.016 3614.63 2668.673 4025.066
1.017 3637.753 2700.698 4043.647
1.018 3659.846 2731.342 4061.667
1.019 3681.01 2760.968 4078.727
1.02 3701.334 2788.941 4095.339
1.021 3720.895 2815.98 4111.314
1.022 3739.758 2841.983 4126.648
1.024 3757.98 2866.731 4141.69
1.025 3775.612 2890.984 4156.631
1.026 3792.698 2914.156 4171.226
1.027 3809.278 2937.142 4185.565
1.028 3825.387 2959.052 4199.373
1.029 3841.057 2980.224 4212.589
1.03 3856.317 3001.304 4225.751
1.031 3871.191 3021.636 4238.568
1.032 3885.703 3041 4251.065
1.033 3899.875 3060.409 4263.332
1.034 3913.726 3078.826 4275.425
1.035 3927.273 3096.694 4287.03
1.036 3940.533 3114.401 4298.642
1.037 3953.52 3132.066 4310.016
1.038 3966.248 3148.984 4321.099
1.04 3978.731 3165.791 4331.79
1.041 3990.979 3182.292 4342.445
1.042 4003.004 3198.445 4352.975
1.043 4014.816 3214.127 4363.332
1.044 4026.425 3229.936 4373.498
1.045 4037.838 3245.273 4383.785
1.046 4049.065 3260.448 4393.821
1.047 4060.113 3274.66 4403.599
1.048 4070.99 3288.961 4413.227
1.049 4081.702 3303.186 4422.892
1.05 4092.255 3317.246 4432.369
1.052 4102.656 3330.899 4441.755
1.053 4112.91 3344.46 4451.079
1.054 4123.023 3357.579 4460.203
1.055 4133 3370.945 4469.328
1.056 4142.845 3383.718 4478.032
1.057 4152.563 3396.418 4486.947
1.058 4162.159 3408.925 4495.804
1.059 4171.636 3421.187 4504.429
1.06 4180.998 3433.618 4512.823
1.062 4190.249 3445.48 4521.254
1.063 4199.393 3457.463 4529.463
1.064 4208.433 3469.156 4537.664
1.065 4217.371 3480.718 4545.754
1.066 4226.212 3492.297 4553.958
1.067 4234.958 3503.66 4561.955
1.068 4243.611 3514.722 4569.929
1.07 4252.175 3525.693 4577.855
1.071 4260.651 3536.526 4585.651
1.072 4269.043 3547.442 4593.532
1.073 4277.352 3558.167 4601.235
1.074 4285.582 3568.689 4608.829
1.075 4293.733 3579.052 4616.454
1.076 4301.809 3589.302 4624.139
1.078 4309.81 3599.717 4631.737
1.079 4317.739 3609.9 4639.363
1.08 4325.599 3619.863 4646.81
1.081 4333.389 3629.901 4654.172
1.082 4341.113 3639.854 4661.52
1.083 4348.772 3649.396 4668.846
1.085 4356.367 3658.8 4676.032
1.086 4363.899 3668.183 4683.399
1.087 4371.372 3677.665 4690.568
1.088 4378.785 3687.203 4697.457
1.089 4386.14 3696.345 4704.524
1.091 4393.438 3705.619 4711.675
1.092 4400.681 3714.835 4718.514
1.093 4407.87 3723.886 4725.171
1.094 4415.006 3732.854 4731.965
1.095 4422.091 3742.073 4738.782
1.096 4429.124 3750.791 4745.49
1.098 4436.108 3759.407 4752.355
1.099 4443.044 3768.082 4759.06
1.1 4449.932 3776.516 4765.637
1.101 4456.773 3785.329 4772.455
1.103 4463.569 3793.747 4778.997
1.104 4470.32 3802.232 4785.58
1.105 4477.027 3810.664 4792.231
1.106 4483.691 3818.974 4798.566
1.107 4490.314 3827.084 4805.057
1.109 4496.894 3835.164 4811.439
1.11 4503.435 3843.538 4817.883
1.111 4509.935 3851.344 4823.942
1.112 4516.397 3859.305 4830.055
1.114 4522.82 3866.94 4836.398
1.115 4529.206 3874.895 4842.732
1.116 4535.555 3882.356 4848.996
1.117 4541.867 3890.093 4855.191
1.119 4548.144 3897.791 4861.49
1.12 4554.386 3905.515 4867.611
1.121 4560.594 3912.96 4873.801
1.122 4566.768 3920.663 4879.874
1.124 4572.909 3928.045 4886.012
1.125 4579.018 3935.562 4892.002
1.126 4585.094 3943.223 4897.804
1.127 4591.139 3950.795 4903.638
1.129 4597.153 3958.093 4909.572
1.13 4603.137 3965.42 4915.542
1.131 4609.091 3972.522 4921.432
1.133 4615.015 3979.786 4927.339
1.134 4620.911 3986.78 4933.348
1.135 4626.778 3993.861 4939.23
1.136 4632.617 4000.941 4945.107
1.138 4638.428 4008.068 4950.827
1.139 4644.212 4015.296 4956.583
1.14 4649.97 4022.079 4962.283
1.142 4655.701 4028.942 4968.009
1.143 4661.407 4035.798 4973.788
1.144 4667.087 4042.379 4979.47
1.145 4672.742 4049.264 4985.111
1.147 4678.372 4056.209 4990.623
1.148 4683.978 4062.877 4996.31
1.149 4689.561 4069.734 5001.968
1.151 4695.119 4076.27 5007.669
1.152 4700.654 4082.89 5013.398
1.153 4706.167 4089.483 5019.091
1.155 4711.656 4096.165 5024.525
1.156 4717.124 4102.825 5030.011
1.157 4722.57 4109.329 5035.626
1.159 4727.994 4115.95 5041.096
1.16 4733.396 4122.15 5046.749
1.161 4738.778 4128.519 5052.123
1.163 4744.139 4135.127 5057.566
1.164 4749.48 4141.516 5062.949
1.166 4754.8 4147.873 5068.341
1.167 4760.101 4154.182 5073.738
1.168 4765.382 4160.573 5079.238
1.17 4770.644 4166.827 5084.631
1.171 4775.887 4172.916 5089.779
1.172 4781.111 4178.995 5095.168
1.174 4786.317 4185.046 5100.329
1.175 4791.504 4191.166 5105.7
1.176 4796.674 4197.282 5110.989
1.178 4801.825 4203.214 5116.218
1.179 4806.959 4209.323 5121.382
1.181 4812.076 4215.41 5126.583
1.182 4817.176 4221.33 5131.952
1.183 4822.258 4227.279 5137.044
1.185 4827.324 4233.381 5142.1
1.186 4832.374 4239.276 5147.293
1.188 4837.408 4245.271 5152.515
1.189 4842.425 4251.012 5157.652
1.19 4847.427 4256.786 5162.903
1.192 4852.413 4262.572 5168.127
1.193 4857.384 4268.122 5173.158
1.195 4862.339 4274.135 5178.387
1.196 4867.28 4279.8 5183.379
1.198 4872.206 4285.362 5188.61
1.199 4877.117 4290.922 5193.667
1.2 4882.013 4296.418 5198.708
1.202 4886.896 4302.194 5203.799
1.203 4891.764 4307.728 5208.707
1.205 4896.618 4313.287 5213.772
1.206 4901.459 4318.881 5218.817
1.208 4906.286 4324.51 5223.728
1.209 4911.099 4329.988 5228.672
1.211 4915.899 4335.516 5233.616
1.212 4920.687 4340.935 5238.464
1.214 4925.461 4346.51 5243.46
1.215 4930.222 4352.053 5248.415
1.217 4934.971 4357.424 5253.444
1.218 4939.707 4362.788 5258.541
1.22 4944.431 4368.261 5263.532
1.221 4949.143 4373.598 5268.421
1.222 4953.843 4378.647 5273.504
1.224 4958.531 4384.108 5278.396
1.225 4963.207 4389.293 5283.284
1.227 4967.871 4394.713 5288.23
1.229 4972.524 4399.806 5292.996
1.23 4977.165 4405.186 5297.86
1.232 4981.796 4410.342 5302.763
1.233 4986.415 4415.469 5307.67
1.235 4991.023 4420.62 5312.606
1.236 4995.621 4425.801 5317.299
1.238 5000.207 4431.06 5322.135
1.239 5004.783 4436.361 5326.798
1.241 5009.349 4441.529 5331.65
1.242 5013.904 4446.769 5336.481
1.244 5018.449 4451.888 5341.405
1.245 5022.984 4456.992 5346.194
1.247 5027.509 4462.021 5351.061
1.248 5032.024 4467.23 5355.864
1.25 5036.529 4472.302 5360.659
1.252 5041.024 4477.221 5365.465
1.253 5045.51 4482.278 5370.131
1.255 5049.986 4487.355 5374.926
1.256 5054.454 4492.424 5379.704
1.258 5058.911 4497.236 5384.525
1.259 5063.36 4502.174 5389.284
1.261 5067.8 4507.098 5393.997
1.263 5072.23 4511.955 5398.608
1.264 5076.652 4516.988 5403.37
1.266 5081.065 4521.844 5408.157
1.267 5085.469 4526.738 5412.803
1.269 5089.865 4531.705 5417.486
1.271 5094.253 4536.854 5422.139
1.272 5098.631 4541.796 5426.854
1.274 5103.002 4546.628 5431.482
1.276 5107.365 4551.371 5436.086
1.277 5111.719 4556.101 5440.702
1.279 5116.065 4560.896 5445.328
1.28 5120.404 4565.644 5449.995
1.282 5124.734 4570.425 5454.628
1.284 5129.057 4575.17 5459.21
1.285 5133.372 4579.994 5463.894
1.287 5137.68 4584.726 5468.564
1.289 5141.98 4589.515 5472.948
1.29 5146.273 4594.105 5477.539
1.292 5150.558 4598.75 5482.011
1.294 5154.836 4603.539 5486.575
1.295 5159.107 4608.349 5491.093
1.297 5163.371 4612.969 5495.68
1.299 5167.627 4617.576 5500.278
1.3 5171.877 4622.21 5504.957
1.302 5176.12 4626.837 5509.635
1.304 5180.356 4631.488 5514.129
1.305 5184.585 4636.277 5518.762
1.307 5188.808 4640.943 5523.234
1.309 5193.024 4645.618 5527.736
1.311 5197.234 4650.125 5532.209
1.312 5201.437 4654.829 5536.713
1.314 5205.634 4659.275 5541.194
1.316 5209.824 4663.803 5545.719
1.318 5214.008 4668.274 5550.182
1.319 5218.187 4672.902 5554.746
1.321 5222.359 4677.434 5559.129
1.323 5226.524 4681.902 5563.597
1.325 5230.684 4686.495 5568.212
1.326 5234.838 4691.035 5572.698
1.328 5238.987 4695.542 5577.177
1.33 5243.129 4700.041 5581.742
1.332 5247.266 4704.365 5586.173
1.333 5251.397 4709.031 5590.743
1.335 5255.522 4713.541 5595.271
1.337 5259.642 4718.022 5599.693
1.339 5263.757 4722.612 5604.241
1.34 5267.866 4727.087 5608.7
1.342 5271.97 4731.574 5613.129
1.344 5276.068 4736.036 5617.51
1.346 5280.161 4740.491 5621.929
1.348 5284.249 4744.904 5626.268
1.35 5288.332 4749.373 5630.692
1.351 5292.41 4753.769 5635.114
1.353 5296.483 4757.969 5639.613
1.355 5300.551 4762.231 5644.026
1.357 5304.614 4766.616 5648.492
1.359 5308.672 4771.137 5652.931
1.361 5312.725 4775.591 5657.324
1.362 5316.774 4779.903 5661.617
1.364 5320.818 4784.207 5665.929
1.366 5324.857 4788.596 5670.413
1.368 5328.892 4792.798 5674.724
1.37 5332.922 4797.215 5678.932
1.372 5336.948 4801.531 5683.397
1.374 5340.969 4805.89 5687.849
1.376 5344.986 4810.267 5692.146
1.377 5348.999 4814.434 5696.557
1.379 5353.007 4818.64 5700.905
1.381 5357.012 4822.785 5705.363
1.383 5361.012 4826.975 5709.752
1.385 5365.008 4831.314 5714.083
1.387 5368.999 4835.417 5718.398
1.389 5372.987 4839.64 5722.779
1.391 5376.971 4844.075 5727.244
1.393 5380.951 4848.318 5731.541
1.395 5384.927 4852.661 5735.892
1.397 5388.899 4856.967 5740.315
1.399 5392.867 4861.35 5744.586
1.401 5396.832 4865.487 5748.854
1.403 5400.793 4869.647 5753.107
1.404 5404.75 4873.766 5757.384
1.406 5408.704 4878.076 5761.614
1.408 5412.654 4882.154 5765.991
1.41 5416.6 4886.174 5770.232
1.412 5420.543 4890.304 5774.546
1.414 5424.483 4894.364 5778.858
1.416 5428.419 4898.643 5783.162
1.418 5432.352 4902.832 5787.539
1.42 5436.281 4907.066 5791.731
1.422 5440.208 4911.088 5796.097
1.425 5444.131 4915.161 5800.448
1.427 5448.05 4919.247 5804.79
1.429 5451.967 4923.504 5809.178
1.431 5455.881 4927.655 5813.464
1.433 5459.791 4931.789 5817.891
1.435 5463.698 4935.97 5822.317
1.437 5467.603 4940.155 5826.556
1.439 5471.504 4944.263 5830.906
1.441 5475.403 4948.333 5835.081
1.443 5479.299 4952.363 5839.415
1.445 5483.192 4956.448 5843.791
1.447 5487.082 4960.505 5848.079
1.449 5490.969 4964.748 5852.38
1.451 5494.854 4968.962 5856.582
1.453 5498.736 4973.025 5860.853
1.456 5502.615 4977.103 5865.144
1.458 5506.491 4981.157 5869.363
1.46 5510.366 4985.249 5873.784
1.462 5514.237 4989.358 5877.95
1.464 5518.106 4993.498 5882.205
1.466 5521.973 4997.564 5886.457
1.468 5525.837 5001.714 5890.717
1.471 5529.699 5005.873 5894.957
1.473 5533.558 5009.909 5899.176
1.475 5537.415 5013.915 5903.498
1.477 5541.27 5017.975 5907.775
1.479 5545.123 5022.075 5911.935
1.481 5548.973 5026.12 5916.161
1.484 5552.821 5030.169 5920.351
1.486 5556.667 5034.289 5924.767
1.488 5560.511 5038.294 5928.925
1.49 5564.353 5042.318 5933.03
1.493 5568.193 5046.451 5937.322
1.495 5572.031 5050.524 5941.732
1.497 5575.866 5054.576 5945.917
1.499 5579.7 5058.547 5950.184
1.502 5583.532 5062.68 5954.398
1.504 5587.362 5066.84 5958.567
1.506 5591.191 5070.863 5962.84
1.508 5595.017 5074.774 5967.057
1.511 5598.842 5078.727 5971.335
1.513 5602.664 5082.734 5975.614
1.515 5606.486 5086.775 5979.995
1.517 5610.305 5090.714 5984.275
1.52 5614.123 5094.696 5988.552
1.522 5617.939 5098.734 5992.803
1.524 5621.754 5102.766 5997.022
1.527 5625.567 5106.609 6001.339
1.529 5629.378 5110.588 6005.549
1.531 5633.188 5114.437 6009.839
1.534 5636.997 5118.221 6014.049
1.536 5640.804 5122.243 6018.209
1.538 5644.61 5126.271 6022.465
1.541 5648.414 5130.204 6026.605
1.543 5652.217 5134.174 6030.938
1.546 5656.019 5138.281 6035.092
1.548 5659.819 5142.286 6039.297
1.55 5663.618 5146.323 6043.559
1.553 5667.416 5150.281 6047.888
1.555 5671.213 5154.213 6052.188
1.558 5675.009 5158.248 6056.426
1.56 5678.803 5162.335 6060.525
1.563 5682.596 5166.368 6064.84
1.565 5686.389 5170.252 6069.113
1.567 5690.18 5174.082 6073.426
1.57 5693.97 5178.098 6077.658
1.572 5697.759 5182.059 6081.92
1.575 5701.547 5185.982 6086.189
1.577 5705.334 5189.961 6090.435
1.58 5709.121 5193.821 6094.539
1.582 5712.906 5197.683 6098.723
1.585 5716.691 5201.641 6102.893
1.587 5720.475 5205.497 6107.147
1.59 5724.258 5209.397 6111.323
1.592 5728.04 5213.167 6115.538
1.595 5731.822 5217.082 6119.789
1.597 5735.602 5221.007 6124.065
1.6 5739.382 5224.825 6128.369
1.603 5743.162 5228.693 6132.572
1.605 5746.941 5232.491 6136.831
1.608 5750.719 5236.438 6141.047
1.61 5754.497 5240.262 6145.347
1.613 5758.274 5244.36 6149.64
1.616 5762.05 5248.208 6153.923
1.618 5765.826 5252.236 6158.187
1.621 5769.602 5255.999 6162.463
1.623 5773.377 5260.001 6166.668
1.626 5777.152 5263.993 6170.892
1.629 5780.926 5267.845 6175.151
1.631 5784.7 5271.625 6179.335
1.634 5788.474 5275.429 6183.689
1.637 5792.248 5279.251 6187.857
1.639 5796.021 5283.132 6192.052
1.642 5799.793 5287.109 6196.437
1.645 5803.566 5290.945 6200.606
1.647 5807.339 5294.781 6204.849
1.65 5811.111 5298.647 6209.091
1.653 5814.883 5302.458 6213.302
1.656 5818.655 5306.327 6217.553
1.658 5822.427 5310.205 6221.673
1.661 5826.199 5314.063 6225.995
1.664 5829.97 5317.986 6230.268
1.667 5833.742 5321.836 6234.454
1.669 5837.514 5325.798 6238.683
1.672 5841.286 5329.579 6242.877
1.675 5845.058 5333.349 6247.157
1.678 5848.83 5337.149 6251.488
1.681 5852.602 5341.125 6255.666
1.684 5856.374 5344.98 6259.993
1.686 5860.146 5348.888 6264.229
1.689 5863.919 5352.852 6268.474
1.692 5867.691 5356.625 6272.638
1.695 5871.464 5360.454 6276.844
1.698 5875.238 5364.397 6281.217
1.701 5879.011 5368.297 6285.497
1.704 5882.785 5372.139 6289.852
1.706 5886.559 5376.102 6294.044
1.709 5890.334 5379.901 6298.335
1.712 5894.109 5383.805 6302.645
1.715 5897.884 5387.604 6306.905
1.718 5901.66 5391.491 6311.127
1.721 5905.436 5395.35 6315.539
1.724 5909.213 5399.192 6319.861
1.727 5912.99 5403.055 6324.083
1.73 5916.768 5407.08 6328.327
1.733 5920.546 5411.016 6332.489
1.736 5924.325 5414.959 6336.869
1.739 5928.105 5418.889 6341.244
1.742 5931.885 5422.907 6345.354
1.745 5935.666 5426.822 6349.628
1.748 5939.447 5430.6 6353.927
1.751 5943.23 5434.389 6358.19
1.754 5947.013 5438.366 6362.573
1.757 5950.796 5442.224 6366.981
1.761 5954.581 5446.115 6371.289
1.764 5958.366 5450.002 6375.543
1.767 5962.153 5453.848 6379.739
1.77 5965.94 5457.826 6384.061
1.773 5969.727 5461.798 6388.429
1.776 5973.516 5465.612 6392.838
1.779 5977.306 5469.482 6397.13
1.783 5981.097 5473.331 6401.396
1.786 5984.889 5477.094 6405.675
1.789 5988.681 5480.978 6410.044
1.792 5992.475 5484.889 6414.4
1.795 5996.27 5488.754 6418.64
1.799 6000.066 5492.688 6422.861
1.802 6003.863 5496.538 6427.268
1.805 6007.661 5500.533 6431.62
1.808 6011.46 5504.605 6435.939
1.812 6015.261 5508.406 6440.319
1.815 6019.062 5512.293 6444.763
1.818 6022.865 5516.151 6449.069
1.821 6026.669 5520.062 6453.407
1.825 6030.475 5523.964 6457.681
1.828 6034.282 5527.702 6462.169
1.832 6038.09 5531.399 6466.482
1.835 6041.899 5535.289 6470.761
1.838 6045.71 5539.093 6475.111
1.842 6049.522 5542.965 6479.351
1.845 6053.336 5546.787 6483.764
1.848 6057.151 5550.681 6488.053
1.852 6060.967 5554.613 6492.433
1.855 6064.785 5558.508 6496.736
1.859 6068.605 5562.378 6501.251
1.862 6072.426 5566.218 6505.528
1.866 6076.249 5570.081 6509.908
1.869 6080.073 5573.912 6514.217
1.873 6083.899 5577.817 6518.6
1.876 6087.727 5581.763 6522.977
1.88 6091.556 5585.746 6527.335
1.883 6095.387 5589.701 6531.846
1.887 6099.22 5593.726 6536.212
1.89 6103.054 5597.625 6540.668
1.894 6106.89 5601.5 6545.129
1.898 6110.728 5605.327 6549.503
1.901 6114.568 5609.285 6553.93
1.905 6118.41 5613.129 6558.33
1.908 6122.253 5617.05 6562.767
1.912 6126.099 5620.935 6567.327
1.916 6129.946 5624.86 6571.803
1.919 6133.795 5628.781 6576.331
1.923 6137.647 5632.732 6580.836
1.927 6141.5 5636.677 6585.173
1.931 6145.355 5640.641 6589.448
1.934 6149.213 5644.491 6593.788
1.938 6153.072 5648.491 6598.224
1.942 6156.934 5652.394 6602.573
1.946 6160.798 5656.492 6606.972
1.949 6164.663 5660.412 6611.463
1.953 6168.531 5664.335 6615.895
1.957 6172.402 5668.266 6620.514
1.961 6176.274 5672.315 6624.934
1.965 6180.149 5676.277 6629.401
1.969 6184.026 5680.1 6633.91
1.972 6187.905 5683.962 6638.372
1.976 6191.787 5687.833 6642.895
1.98 6195.671 5691.838 6647.462
1.984 6199.557 5695.878 6652.014
1.988 6203.446 5699.806 6656.409
1.992 6207.337 5703.766 6661.031
1.996 6211.231 5707.681 6665.469
2 6215.127 5711.716 6670.071
2.004 6219.026 5715.676 6674.567
2.008 6222.927 5719.522 6679.023
2.012 6226.831 5723.413 6683.54
2.016 6230.738 5727.392 6687.971
2.02 6234.647 5731.369 6692.476
2.024 6238.558 5735.307 6697.01
2.028 6242.473 5739.253 6701.48
2.033 6246.39 5743.334 6705.959
2.037 6250.31 5747.372 6710.478
2.041 6254.232 5751.51 6714.899
2.045 6258.158 5755.401 6719.529
2.049 6262.086 5759.494 6724.126
2.053 6266.017 5763.604 6728.75
2.058 6269.951 5767.604 6733.278
2.062 6273.887 5771.576 6737.747
2.066 6277.827 5775.655 6742.321
2.07 6281.77 5779.662 6746.832
2.075 6285.715 5783.685 6751.266
2.079 6289.664 5787.655 6755.8
2.083 6293.616 5791.706 6760.186
2.088 6297.57 5795.883 6764.773
2.092 6301.528 5799.966 6769.181
2.096 6305.489 5804.099 6773.732
2.101 6309.453 5808.175 6778.369
2.105 6313.42 5812.184 6783.001
2.11 6317.391 5816.217 6787.586
2.114 6321.364 5820.201 6792.143
2.119 6325.341 5824.308 6796.611
2.123 6329.322 5828.339 6801.161
2.128 6333.305 5832.578 6805.764
2.132 6337.292 5836.596 6810.316
2.137 6341.282 5840.665 6814.917
2.141 6345.276 5844.809 6819.474
2.146 6349.273 5848.893 6824.105
2.151 6353.273 5852.994 6828.718
2.155 6357.277 5856.986 6833.519
2.16 6361.285 5861.063 6838.223
2.165 6365.296 5865.113 6842.832
2.169 6369.31 5869.358 6847.569
2.174 6373.329 5873.324 6852.287
2.179 6377.35 5877.504 6857.01
2.183 6381.376 5881.617 6861.697
2.188 6385.405 5885.703 6866.385
2.193 6389.438 5889.847 6871.101
2.198 6393.475 5894.12 6875.71
2.203 6397.515 5898.198 6880.471
2.208 6401.56 5902.354 6885.238
2.212 6405.608 5906.539 6889.917
2.217 6409.66 5910.747 6894.652
2.222 6413.716 5914.818 6899.282
2.227 6417.775 5918.955 6904.013
2.232 6421.839 5923.146 6908.687
2.237 6425.907 5927.381 6913.526
2.242 6429.979 5931.449 6918.148
2.247 6434.055 5935.68 6922.928
2.252 6438.135 5939.76 6927.72
2.257 6442.219 5943.787 6932.45
2.262 6446.307 5947.948 6937.214
2.268 6450.4 5952.191 6941.977
2.273 6454.497 5956.377 6946.724
2.278 6458.598 5960.644 6951.381
2.283 6462.703 5964.744 6956.189
2.288 6466.813 5968.971 6960.834
2.294 6470.926 5973.191 6965.674
2.299 6475.045 5977.463 6970.6
2.304 6479.168 5981.712 6975.364
2.309 6483.295 5986.009 6980.195
2.315 6487.426 5990.187 6985.04
2.32 6491.563 5994.486 6989.724
2.326 6495.703 5998.656 6994.692
2.331 6499.849 6002.899 6999.519
2.336 6503.999 6007.142 7004.214
2.342 6508.153 6011.48 7008.886
2.347 6512.313 6015.677 7013.643
2.353 6516.477 6020.127 7018.43
2.358 6520.646 6024.359 7023.127
2.364 6524.819 6028.604 7028.124
2.37 6528.998 6032.788 7033.042
2.375 6533.181 6037.042 7038.054
2.381 6537.369 6041.291 7043.107
2.387 6541.562 6045.512 7048.033
2.392 6545.761 6049.748 7052.925
2.398 6549.964 6054.011 7057.884
2.404 6554.172 6058.263 7062.897
2.41 6558.385 6062.428 7067.719
2.415 6562.604 6066.723 7072.713
2.421 6566.827 6070.975 7077.596
2.427 6571.056 6075.359 7082.654
2.433 6575.29 6079.748 7087.687
2.439 6579.529 6084.094 7092.638
2.445 6583.774 6088.44 7097.557
2.451 6588.024 6092.726 7102.563
2.457 6592.279 6097.124 7107.462
2.463 6596.54 6101.448 7112.475
2.469 6600.806 6105.924 7117.438
2.475 6605.077 6110.193 7122.413
2.481 6609.354 6114.532 7127.579
2.488 6613.637 6118.878 7132.723
2.494 6617.926 6123.229 7137.73
2.5 6622.22 6127.594 7142.881
2.506 6626.519 6131.934 7147.925
2.513 6630.825 6136.326 7152.869
2.519 6635.136 6140.794 7157.905
2.525 6639.453 6145.12 7162.959
2.532 6643.776 6149.287 7167.93
2.538 6648.105 6153.824 7173.061
2.545 6652.44 6158.208 7178.386
2.551 6656.78 6162.558 7183.656
2.558 6661.127 6166.932 7188.849
2.564 6665.48 6171.395 7193.951
2.571 6669.839 6175.914 7199.046
2.577 6674.204 6180.426 7204.181
2.584 6678.575 6184.855 7209.225
2.591 6682.953 6189.401 7214.441
2.597 6687.336 6193.892 7219.749
2.604 6691.726 6198.29 7224.998
2.611 6696.123 6202.765 7230.154
2.618 6700.526 6207.18 7235.439
2.625 6704.935 6211.585 7240.739
2.632 6709.351 6216.14 7246.068
2.639 6713.773 6220.67 7251.187
2.646 6718.202 6224.937 7256.514
2.653 6722.638 6229.407 7261.867
2.66 6727.08 6233.964 7267.201
2.667 6731.529 6238.549 7272.518
2.674 6735.985 6243.146 7277.732
2.681 6740.447 6247.662 7283.039
2.688 6744.917 6252.042 7288.482
2.695 6749.393 6256.573 7293.891
2.703 6753.877 6261.177 7299.141
2.71 6758.367 6265.72 7304.603
2.717 6762.864 6270.472 7310.064
2.725 6767.369 6275.112 7315.45
2.732 6771.881 6279.692 7320.87
2.74 6776.4 6284.347 7326.267
2.747 6780.926 6288.867 7331.621
2.755 6785.459 6293.519 7336.894
2.762 6790 6298.163 7342.192
2.77 6794.548 6302.812 7347.693
2.778 6799.104 6307.47 7352.935
2.786 6803.667 6312.109 7358.393
2.793 6808.238 6316.632 7363.854
2.801 6812.816 6321.396 7369.31
2.809 6817.402 6326.1 7374.654
2.817 6821.996 6330.753 7380.109
2.825 6826.598 6335.374 7385.478
2.833 6831.207 6340.044 7391.109
2.841 6835.825 6344.668 7396.711
2.849 6840.45 6349.546 7402.586
2.857 6845.083 6354.248 7408.086
2.865 6849.724 6358.832 7413.689
2.874 6854.374 6363.51 7419.274
2.882 6859.031 6368.169 7424.834
2.89 6863.697 6373.043 7430.46
2.899 6868.371 6377.671 7436.075
2.907 6873.053 6382.328 7441.6
2.915 6877.744 6387.08 7447.484
2.924 6882.444 6391.768 7453.003
2.933 6887.151 6396.468 7458.626
2.941 6891.868 6401.316 7464.39
2.95 6896.593 6406.121 7470.124
2.959 6901.326 6410.946 7475.51
2.967 6906.069 6415.692 7481.244
2.976 6910.82 6420.396 7487.006
2.985 6915.58 6425.067 7492.693
2.994 6920.349 6430.069 7498.584
3.003 6925.127 6434.898 7504.399
3.012 6929.914 6439.708 7510.157
3.021 6934.71 6444.473 7516.06
3.03 6939.516 6449.283 7521.978
3.04 6944.331 6454.069 7527.865
3.049 6949.155 6458.85 7533.76
3.058 6953.988 6463.915 7539.545
3.067 6958.831 6468.877 7545.535
3.077 6963.683 6473.778 7551.508
3.086 6968.545 6478.666 7557.267
3.096 6973.417 6483.563 7563.398
3.106 6978.298 6488.523 7569.309
3.115 6983.19 6493.59 7575.42
3.125 6988.091 6498.535 7581.466
3.135 6993.002 6503.538 7587.332
3.145 6997.923 6508.576 7593.238
3.155 7002.854 6513.631 7599.105
3.165 7007.795 6518.641 7605.12
3.175 7012.746 6523.729 7611.011
3.185 7017.708 6528.705 7617.221
3.195 7022.68 6533.8 7623.396
3.205 7027.663 6538.89 7629.516
3.215 7032.656 6544.086 7635.625
3.226 7037.66 6549.03 7641.875
3.236 7042.674 6554.167 7648.263
3.247 7047.699 6559.235 7654.251
3.257 7052.735 6564.501 7660.437
3.268 7057.782 6569.614 7666.587
3.279 7062.84 6574.901 7672.927
3.289 7067.909 6580.047 7679.375
3.3 7072.989 6585.166 7685.575
3.311 7078.081 6590.347 7691.907
3.322 7083.183 6595.448 7698.164
3.333 7088.298 6600.674 7704.582
3.344 7093.423 6605.96 7710.851
3.356 7098.56 6611.126 7717.047
3.367 7103.709 6616.354 7723.374
3.378 7108.87 6621.408 7729.714
3.39 7114.042 6626.659 7735.92
3.401 7119.227 6631.853 7742.414
3.413 7124.423 6637.02 7748.934
3.425 7129.631 6642.298 7755.562
3.436 7134.852 6647.554 7761.931
3.448 7140.085 6652.945 7768.522
3.46 7145.33 6658.285 7774.844
3.472 7150.588 6663.655 7781.54
3.484 7155.858 6668.841 7788.073
3.497 7161.141 6674.222 7794.692
3.509 7166.437 6679.844 7801.273
3.521 7171.746 6685.188 7807.867
3.534 7177.067 6690.593 7814.627
3.546 7182.402 6695.843 7821.342
3.559 7187.75 6701.382 7828.026
3.571 7193.111 6706.807 7834.725
3.584 7198.485 6712.317 7841.477
3.597 7203.873 6717.727 7848.372
3.61 7209.275 6723.067 7855.379
3.623 7214.69 6728.467 7862.072
3.636 7220.119 6734.022 7868.929
3.65 7225.561 6739.578 7875.454
3.663 7231.018 6745.011 7882.311
3.676 7236.489 6750.675 7889.261
3.69 7241.974 6756.149 7896.228
3.704 7247.473 6761.66 7902.915
3.717 7252.987 6767.221 7909.996
3.731 7258.516 6772.821 7917.062
3.745 7264.059 6778.304 7924.019
3.759 7269.616 6783.693 7931.105
3.774 7275.189 6789.312 7938.318
3.788 7280.777 6794.935 7945.425
3.802 7286.38 6800.56 7952.568
3.817 7291.998 6806.304 7959.899
3.831 7297.631 6812.129 7967.011
3.846 7303.28 6817.814 7974.228
3.861 7308.945 6823.654 7981.305
3.876 7314.626 6829.324 7988.687
3.891 7320.322 6835.014 7995.984
3.906 7326.034 6840.748 8003.27
3.922 7331.763 6846.51 8010.434
3.937 7337.508 6852.237 8017.795
3.953 7343.269 6858.043 8025.267
3.968 7349.046 6863.842 8032.546
3.984 7354.841 6869.744 8040.008
4 7360.652 6875.639 8047.565
4.016 7366.481 6881.42 8055.034
4.032 7372.326 6887.301 8062.525
4.049 7378.189 6893.153 8069.958
4.065 7384.069 6899.182 8077.519
4.082 7389.966 6905.004 8084.976
4.098 7395.882 6910.957 8092.572
4.115 7401.815 6917.058 8100.308
4.132 7407.766 6923.137 8108.083
4.149 7413.735 6929.143 8115.62
4.167 7419.723 6935.157 8123.37
4.184 7425.729 6941.126 8131.227
4.202 7431.754 6947.318 8138.982
4.219 7437.797 6953.223 8146.773
4.237 7443.86 6959.378 8154.599
4.255 7449.941 6965.454 8162.638
4.274 7456.042 6971.604 8170.752
4.292 7462.163 6977.747 8178.622
4.31 7468.303 6983.865 8186.687
4.329 7474.463 6989.779 8194.935
4.348 7480.643 6996.041 8203.155
4.367 7486.843 7002.329 8211.365
4.386 7493.063 7008.688 8219.576
4.405 7499.304 7015.021 8227.785
4.425 7505.565 7021.228 8235.856
4.444 7511.848 7027.518 8244.081
4.464 7518.151 7033.73 8252.157
4.484 7524.476 7039.888 8260.439
4.505 7530.823 7046.405 8268.654
4.525 7537.191 7052.727 8276.969
4.545 7543.581 7059.239 8285.498
4.566 7549.993 7065.72 8293.738
4.587 7556.427 7072.276 8302.263
4.608 7562.884 7078.888 8310.944
4.63 7569.363 7085.36 8319.547
4.651 7575.866 7091.859 8328.422
4.673 7582.391 7098.306 8336.991
4.695 7588.94 7104.641 8345.537
4.717 7595.513 7111.207 8354.35
4.739 7602.109 7117.869 8363.443
4.762 7608.729 7124.269 8372.492
4.785 7615.374 7130.852 8381.336
4.808 7622.043 7137.442 8390.366
4.831 7628.737 7144.078 8399.615
4.854 7635.455 7150.785 8408.496
4.878 7642.199 7157.563 8417.939
4.902 7648.969 7164.273 8427.362
4.926 7655.764 7171.159 8436.371
4.95 7662.585 7177.831 8445.715
4.975 7669.433 7184.635 8454.892
5 7676.307 7191.453 8464.604
5.025 7683.207 7198.311 8474.219
5.051 7690.135 7205.225 8483.887
5.076 7697.09 7212.133 8493.708
5.102 7704.073 7218.813 8503.162
5.128 7711.083 7225.738 8512.677
5.155 7718.122 7232.755 8522.222
5.181 7725.189 7239.875 8532.071
5.208 7732.285 7246.797 8541.829
5.236 7739.41 7253.875 8551.483
5.263 7746.564 7260.713 8561.36
5.291 7753.748 7267.84 8571.292
5.319 7760.962 7275.111 8581.424
5.348 7768.207 7282.197 8591.674
5.376 7775.481 7289.338 8601.577
5.405 7782.787 7296.304 8611.869
5.435 7790.124 7303.544 8621.976
5.464 7797.493 7310.864 8632.217
5.495 7804.894 7318.16 8642.855
5.525 7812.327 7325.422 8653.101
5.556 7819.793 7332.581 8663.391
5.587 7827.291 7340.008 8673.98
5.618 7834.824 7347.306 8684.384
5.65 7842.389 7354.968 8695.326
5.682 7849.99 7362.564 8706.247
5.714 7857.624 7370.279 8717.572
5.747 7865.294 7377.908 8728.214
5.78 7872.999 7385.448 8739.239
5.814 7880.739 7393.14 8750.277
5.848 7888.516 7400.642 8761.153
5.882 7896.33 7408.331 8772.767
5.917 7904.18 7416.295 8783.642
5.952 7912.068 7424.102 8794.969
5.988 7919.994 7431.82 8806.485
6.024 7927.958 7439.668 8817.981
6.061 7935.96 7447.661 8829.668
6.098 7944.003 7455.46 8841.329
6.135 7952.084 7463.231 8852.931
6.173 7960.206 7471.2 8865.004
6.211 7968.369 7479.253 8876.713
6.25 7976.573 7487.241 8888.533
6.289 7984.819 7495.43 8900.224
6.329 7993.106 7503.562 8912.343
6.369 8001.437 7511.993 8924.693
6.41 8009.811 7520.104 8936.821
6.452 8018.229 7528.244 8949.423
6.494 8026.691 7536.376 8961.856
6.536 8035.198 7544.738 8974.552
6.579 8043.75 7553.22 8987.567
6.623 8052.349 7561.727 9000.405
6.667 8060.995 7570.257 9013.961
6.711 8069.687 7578.947 9027.27
6.757 8078.428 7587.569 9040.563
6.803 8087.218 7596.243 9053.634
6.849 8096.056 7604.928 9066.896
6.897 8104.945 7613.665 9080.4
6.944 8113.884 7622.404 9093.437
6.993 8122.875 7630.772 9106.491
7.042 8131.917 7639.577 9120.04
7.092 8141.012 7648.186 9133.767
7.143 8150.161 7656.765 9147.858
7.194 8159.364 7665.807 9161.784
7.246 8168.622 7674.6 9176.333
7.299 8177.935 7683.768 9190.46
7.353 8187.306 7692.786 9204.686
7.407 8196.733 7702.081 9219.033
7.463 8206.219 7711.209 9233.558
7.519 8215.763 7720.401 9248.521
7.576 8225.368 7729.499 9264.004
7.634 8235.034 7738.705 9279.438
7.692 8244.761 7748.217 9294.921
7.752 8254.551 7757.454 9310.241
7.812 8264.404 7766.783 9325.772
7.874 8274.322 7776.495 9341.153
7.937 8284.305 7786.006 9357.024
8 8294.356 7795.643 9373.385
8.065 8304.473 7805.332 9389.563
8.13 8314.66 7814.956 9405.405
8.197 8324.916 7824.962 9421.645
8.264 8335.243 7834.592 9438.138
8.333 8345.642 7844.635 9455.18
8.403 8356.114 7854.702 9472.244
8.475 8366.661 7864.81 9489.198
8.547 8377.283 7874.876 9506.612
8.621 8387.983 7885.289 9524.091
8.696 8398.76 7895.626 9541.394
8.772 8409.617 7905.975 9559.048
8.85 8420.555 7916.342 9577.119
8.929 8431.575 7926.83 9595.037
9.009 8442.679 7937.24 9613.253
9.091 8453.868 7947.93 9631.694
9.174 8465.144 7958.694 9651.116
9.259 8476.508 7969.447 9670.23
9.346 8487.962 7980.246 9689.81
9.434 8499.507 7991.345 9709.223
9.524 8511.146 8002.328 9729.426
9.615 8522.879 8013.045 9749.046
9.709 8534.709 8024.291 9769.359
9.804 8546.637 8035.298 9790.459
9.901 8558.666 8046.679 9810.964
10 8570.797 8058.295 9831.598
10.101 8583.033 8069.709 9853.147
10.204 8595.375 8081.208 9874.185
10.309 8607.825 8092.484 9896.011
10.417 8620.385 8104.125 9918.034
10.526 8633.059 8115.996 9939.952
10.638 8645.848 8128.1 9962.158
10.753 8658.754 8140.182 9985.099
10.87 8671.781 8152.503 10008.065
10.989 8684.93 8164.713 10031.025
11.111 8698.204 8177.052 10054.522
11.236 8711.606 8189.575 10078.137
11.364 8725.138 8201.897 10102.162
11.494 8738.804 8214.607 10126.983
11.628 8752.607 8227.23 10151.627
11.765 8766.549 8240.076 10176.69
11.905 8780.634 8253.297 10201.802
12.048 8794.865 8266.246 10228.176
12.195 8809.246 8279.42 10254.024
12.346 8823.78 8292.826 10279.98
12.5 8838.47 8306.504 10306.461
12.658 8853.321 8319.999 10334.073
12.821 8868.336 8333.791 10361.464
12.987 8883.52 8347.662 10389.624
13.158 8898.877 8361.673 10418.666
13.333 8914.411 8375.922 10446.974
13.514 8930.127 8390.325 10476.179
13.699 8946.029 8404.798 10505.72
13.889 8962.123 8419.662 10536.45
14.085 8978.413 8434.671 10567.473
14.286 8994.906 8449.894 10597.847
14.493 9011.606 8465.171 10630.939
14.706 9028.52 8480.59 10663.273
14.925 9045.653 8496.083 10696.322
15.152 9063.012 8511.931 10729.731
15.385 9080.604 8527.452 10763.887
15.625 9098.436 8543.459 10798.965
15.873 9116.514 8559.675 10835.766
16.129 9134.846 8575.636 10872.552
16.393 9153.441 8592.234 10909.341
16.667 9172.307 8608.839 10947.614
16.949 9191.452 8625.458 10985.944
17.241 9210.885 8642.711 11026.234
17.544 9230.617 8660.192 11066.171
17.857 9250.658 8677.82 11107.603
18.182 9271.017 8696.003 11149.478
18.519 9291.707 8714.397 11193.462
18.868 9312.739 8732.98 11238.168
19.231 9334.126 8751.877 11283.538
19.608 9355.88 8770.805 11330.453
20 9378.017 8790.095 11378.095
20.408 9400.551 8809.981 11426.487
20.833 9423.497 8829.531 11475.65
21.277 9446.872 8849.582 11526.016
21.739 9470.695 8870.32 11578.697
22.222 9494.983 8891.277 11632.788
22.727 9519.757 8912.771 11687.092
23.256 9545.039 8934.47 11743.733
23.81 9570.851 8956.211 11801.736
24.39 9597.217 8978.683 11860.55
25 9624.165 9001.713 11921.724
25.641 9651.722 9024.854 11985.313
26.316 9679.919 9048.873 12049.869
27.027 9708.789 9072.682 12116.79
27.778 9738.366 9097.466 12185.567
28.571 9768.689 9122.559 12256.921
29.412 9799.8 9148.61 12330.676
30.303 9831.744 9175.561 12407.444
31.25 9864.569 9203.159 12485.628
32.258 9898.33 9230.953 12568.206
33.333 9933.086 9259.345 12652.094
34.483 9968.9 9289.101 12740.903
35.714 10005.844 9319.276 12832.571
37.037 10043.998 9349.906 12928.078
38.462 10083.448 9381.878 13029.604
40 10124.292 9414.481 13134.312
41.667 10166.639 9447.951 13242.482
43.478 10210.611 9482.767 13356.297
45.455 10256.347 9519.475 13476.845
47.619 10304.005 9557.144 13605.831
50 10353.763 9596.304 13739.827
52.632 10405.828 9637.006 13882.899
55.556 10460.44 9679.705 14037.546
58.824 10517.876 9722.879 14200.406
62.5 10578.464 9768.937 14375.866
66.667 10642.595 9817.811 14566.838
71.429 10710.735 9868.546 14774.988
76.923 10783.454 9922.341 14994.426
83.333 10861.453 9979.229 15235.541
90.909 10945.61 10039.582 15504.14
100 11037.049 10104.658 15804.585
111.111 11137.237 10174.958 16138.291
125 11248.145 10251.534 16523.638
142.857 11372.509 10336.195 16965.824
166.667 11514.295 10430.522 17487.903
200 11679.578 10537.196 18124.801
250 11878.385 10661.267 18934.193
333.333 12129.18 10813.364 20017.669
500 12472.454 11011.104 21636.515
1000 13032.869 11310.533 24690.869
1111.111 13115.244 11351.626 25195.091
1250 13206.477 11397.144 25761.196
1428.571 13308.831 11447.149 26421.854
1666.667 13425.581 11502.137 27204.615
2000 13561.746 11565.831 28162.145
2500 13725.608 11641.066 29369.282
3333.333 13932.424 11731.981 30987.406
5000 14215.639 11849.842 33413.819
10000 14678.238 12029.728 38001.753
