"Pr" "Mp" "Q_2" "Q_9"
1.01 3112.901 2594.503 3385.055
1.011 3145.781 2634.844 3416.42
1.012 3176.373 2672.132 3445.651
1.013 3205.016 2706.914 3473.274
1.014 3231.98 2739.738 3499.152
1.015 3257.481 2770.391 3523.609
1.016 3281.693 2799.708 3546.893
1.017 3304.762 2827.631 3569.17
1.018 3326.808 2854.208 3590.498
1.019 3347.934 2879.629 3611.052
1.02 3368.228 2903.781 3630.695
1.021 3387.764 2927.235 3649.681
1.022 3406.608 2949.83 3667.907
1.024 3424.816 2971.505 3685.74
1.025 3442.438 2992.425 3703.093
1.026 3459.519 3012.605 3719.665
1.027 3476.098 3032.265 3735.817
1.028 3492.21 3051.259 3751.67
1.029 3507.885 3069.792 3767.091
1.03 3523.153 3087.985 3782.034
1.031 3538.038 3105.591 3796.678
1.032 3552.564 3122.536 3811.128
1.033 3566.752 3139.178 3825.14
1.034 3580.621 3155.449 3838.78
1.035 3594.188 3171.481 3852.225
1.036 3607.47 3187.25 3865.343
1.037 3620.481 3202.492 3878.257
1.038 3633.235 3217.395 3890.823
1.04 3645.745 3232.04 3903.25
1.041 3658.022 3246.448 3915.517
1.042 3670.077 3260.373 3927.518
1.043 3681.92 3274.141 3939.3
1.044 3693.562 3287.533 3950.832
1.045 3705.009 3300.85 3962.157
1.046 3716.271 3313.936 3973.377
1.047 3727.355 3326.897 3984.377
1.048 3738.269 3339.393 3995.306
1.049 3749.019 3351.864 4006.112
1.05 3759.612 3363.966 4016.74
1.052 3770.053 3375.95 4027.099
1.053 3780.348 3387.64 4037.363
1.054 3790.502 3399.437 4047.517
1.055 3800.522 3411.138 4057.658
1.056 3810.41 3422.39 4067.662
1.057 3820.172 3433.592 4077.406
1.058 3829.812 3444.616 4087.196
1.059 3839.335 3455.575 4096.63
1.06 3848.743 3466.324 4106.109
1.062 3858.041 3476.78 4115.514
1.063 3867.232 3487.3 4124.75
1.064 3876.319 3497.621 4133.944
1.065 3885.306 3507.827 4143.02
1.066 3894.195 3517.897 4151.984
1.067 3902.99 3527.942 4160.932
1.068 3911.693 3537.83 4169.794
1.07 3920.307 3547.647 4178.48
1.071 3928.834 3557.284 4187.126
1.072 3937.277 3566.889 4195.705
1.073 3945.638 3576.323 4204.194
1.074 3953.92 3585.783 4212.692
1.075 3962.124 3595.127 4221.011
1.076 3970.252 3604.269 4229.247
1.078 3978.307 3613.461 4237.364
1.079 3986.29 3622.504 4245.573
1.08 3994.203 3631.465 4253.658
1.081 4002.048 3640.427 4261.733
1.082 4009.826 3649.157 4269.705
1.083 4017.54 3657.829 4277.502
1.085 4025.19 3666.397 4285.227
1.086 4032.779 3674.823 4292.925
1.087 4040.307 3683.313 4300.616
1.088 4047.777 3691.79 4308.311
1.089 4055.188 3700.13 4315.951
1.091 4062.544 3708.366 4323.44
1.092 4069.844 3716.53 4330.809
1.093 4077.09 3724.58 4338.243
1.094 4084.284 3732.687 4345.665
1.095 4091.427 3740.846 4352.978
1.096 4098.519 3748.751 4360.255
1.098 4105.561 3756.69 4367.437
1.099 4112.556 3764.574 4374.549
1.1 4119.503 3772.353 4381.745
1.101 4126.403 3780.007 4388.802
1.103 4133.259 3787.633 4395.843
1.104 4140.069 3795.115 4402.84
1.105 4146.837 3802.573 4409.764
1.106 4153.561 3810.058 4416.655
1.107 4160.244 3817.522 4423.448
1.109 4166.885 3824.847 4430.163
1.11 4173.487 3832.158 4436.898
1.111 4180.048 3839.432 4443.669
1.112 4186.571 3846.621 4450.453
1.114 4193.056 3853.738 4457.095
1.115 4199.503 3860.919 4463.71
1.116 4205.914 3868.058 4470.249
1.117 4212.289 3874.978 4476.813
1.119 4218.628 3881.936 4483.321
1.12 4224.933 3888.948 4489.801
1.121 4231.204 3895.791 4496.264
1.122 4237.441 3902.75 4502.696
1.124 4243.645 3909.615 4509.129
1.125 4249.816 3916.326 4515.516
1.126 4255.956 3922.984 4521.857
1.127 4262.065 3929.728 4528.197
1.129 4268.143 3936.356 4534.436
1.13 4274.191 3942.953 4540.678
1.131 4280.208 3949.567 4546.877
1.133 4286.197 3956.123 4552.997
1.134 4292.157 3962.695 4559.047
1.135 4298.089 3969.238 4565.098
1.136 4303.993 3975.738 4571.187
1.138 4309.869 3982.216 4577.252
1.139 4315.719 3988.621 4583.372
1.14 4321.542 3994.955 4589.415
1.142 4327.339 4001.284 4595.429
1.143 4333.11 4007.595 4601.508
1.144 4338.856 4013.957 4607.446
1.145 4344.577 4020.227 4613.325
1.147 4350.273 4026.42 4619.276
1.148 4355.945 4032.595 4625.159
1.149 4361.594 4038.846 4631.039
1.151 4367.219 4045.025 4636.866
1.152 4372.821 4051.12 4642.725
1.153 4378.4 4057.203 4648.481
1.155 4383.957 4063.286 4654.282
1.156 4389.491 4069.36 4660.028
1.157 4395.004 4075.459 4665.802
1.159 4400.496 4081.404 4671.498
1.16 4405.966 4087.4 4677.129
1.161 4411.416 4093.337 4682.765
1.163 4416.845 4099.19 4688.464
1.164 4422.253 4105.001 4693.99
1.166 4427.642 4110.778 4699.562
1.167 4433.011 4116.543 4705.167
1.168 4438.361 4122.323 4710.808
1.17 4443.691 4128.063 4716.338
1.171 4449.003 4133.842 4721.793
1.172 4454.296 4139.576 4727.296
1.174 4459.571 4145.267 4732.783
1.175 4464.827 4150.907 4738.2
1.176 4470.066 4156.628 4743.644
1.178 4475.287 4162.27 4749.072
1.179 4480.49 4167.857 4754.57
1.181 4485.677 4173.44 4759.932
1.182 4490.846 4179.07 4765.313
1.183 4495.999 4184.546 4770.704
1.185 4501.135 4190.019 4776.113
1.186 4506.255 4195.462 4781.45
1.188 4511.359 4201.009 4786.744
1.189 4516.447 4206.523 4792.044
1.19 4521.519 4211.961 4797.311
1.192 4526.576 4217.435 4802.646
1.193 4531.618 4222.845 4807.844
1.195 4536.644 4228.159 4813.013
1.196 4541.656 4233.524 4818.266
1.198 4546.653 4238.96 4823.508
1.199 4551.635 4244.335 4828.742
1.2 4556.603 4249.657 4834
1.202 4561.557 4254.928 4839.177
1.203 4566.497 4260.227 4844.371
1.205 4571.424 4265.485 4849.513
1.206 4576.336 4270.691 4854.642
1.208 4581.235 4275.891 4859.774
1.209 4586.121 4281.159 4864.919
1.211 4590.994 4286.337 4870.012
1.212 4595.854 4291.545 4875.184
1.214 4600.7 4296.765 4880.291
1.215 4605.535 4301.852 4885.384
1.217 4610.356 4306.949 4890.442
1.218 4615.166 4312.116 4895.499
1.22 4619.963 4317.189 4900.495
1.221 4624.748 4322.348 4905.484
1.222 4629.521 4327.502 4910.461
1.224 4634.282 4332.58 4915.451
1.225 4639.032 4337.616 4920.436
1.227 4643.77 4342.625 4925.425
1.229 4648.497 4347.595 4930.43
1.23 4653.213 4352.55 4935.335
1.232 4657.917 4357.598 4940.293
1.233 4662.611 4362.629 4945.231
1.235 4667.293 4367.585 4950.184
1.236 4671.965 4372.602 4955.055
1.238 4676.627 4377.634 4959.962
1.239 4681.278 4382.521 4964.816
1.241 4685.918 4387.448 4969.686
1.242 4690.548 4392.354 4974.563
1.244 4695.169 4397.254 4979.398
1.245 4699.779 4402.118 4984.228
1.247 4704.379 4407.065 4989.087
1.248 4708.97 4411.927 4993.905
1.25 4713.55 4416.776 4998.72
1.252 4718.122 4421.596 5003.558
1.253 4722.683 4426.395 5008.387
1.255 4727.236 4431.181 5013.175
1.256 4731.779 4435.996 5017.972
1.258 4736.313 4440.759 5022.732
1.259 4740.838 4445.514 5027.538
1.261 4745.355 4450.279 5032.28
1.263 4749.862 4455.064 5037.084
1.264 4754.361 4459.828 5041.793
1.266 4758.851 4464.569 5046.547
1.267 4763.332 4469.26 5051.334
1.269 4767.805 4473.933 5056.01
1.271 4772.27 4478.645 5060.732
1.272 4776.726 4483.391 5065.478
1.274 4781.175 4488.115 5070.199
1.276 4785.615 4492.73 5074.905
1.277 4790.047 4497.387 5079.581
1.279 4794.471 4502.071 5084.309
1.28 4798.888 4506.725 5088.994
1.282 4803.297 4511.314 5093.595
1.284 4807.698 4515.923 5098.232
1.285 4812.092 4520.526 5102.893
1.287 4816.478 4525.201 5107.517
1.289 4820.857 4529.775 5112.152
1.29 4825.228 4534.381 5116.766
1.292 4829.593 4538.978 5121.31
1.294 4833.95 4543.527 5125.928
1.295 4838.3 4548.044 5130.51
1.297 4842.643 4552.555 5135.052
1.299 4846.979 4557.107 5139.609
1.3 4851.309 4561.702 5144.225
1.302 4855.632 4566.219 5148.806
1.304 4859.948 4570.814 5153.305
1.305 4864.257 4575.357 5157.816
1.307 4868.56 4579.841 5162.309
1.309 4872.856 4584.368 5166.89
1.311 4877.146 4588.83 5171.457
1.312 4881.43 4593.28 5176.016
1.314 4885.708 4597.74 5180.642
1.316 4889.979 4602.283 5185.143
1.318 4894.244 4606.729 5189.605
1.319 4898.503 4611.187 5194.076
1.321 4902.757 4615.649 5198.575
1.323 4907.004 4620.071 5203.059
1.325 4911.245 4624.491 5207.525
1.326 4915.481 4628.908 5211.991
1.328 4919.711 4633.349 5216.479
1.33 4923.936 4637.813 5220.994
1.332 4928.154 4642.226 5225.494
1.333 4932.368 4646.572 5229.866
1.335 4936.575 4650.91 5234.284
1.337 4940.778 4655.272 5238.798
1.339 4944.975 4659.696 5243.289
1.34 4949.167 4664.061 5247.732
1.342 4953.353 4668.414 5252.201
1.344 4957.535 4672.781 5256.674
1.346 4961.711 4677.119 5261.095
1.348 4965.883 4681.489 5265.539
1.35 4970.049 4685.877 5269.993
1.351 4974.21 4690.196 5274.359
1.353 4978.367 4694.536 5278.732
1.355 4982.519 4698.812 5283.149
1.357 4986.666 4703.137 5287.563
1.359 4990.808 4707.387 5291.952
1.361 4994.946 4711.712 5296.325
1.362 4999.079 4715.991 5300.797
1.364 5003.207 4720.264 5305.182
1.366 5007.331 4724.587 5309.667
1.368 5011.451 4728.852 5314.119
1.37 5015.566 4733.172 5318.496
1.372 5019.677 4737.378 5322.895
1.374 5023.784 4741.666 5327.221
1.376 5027.886 4745.932 5331.642
1.377 5031.984 4750.258 5335.987
1.379 5036.079 4754.476 5340.362
1.381 5040.169 4758.747 5344.711
1.383 5044.255 4762.981 5349.05
1.385 5048.337 4767.188 5353.388
1.387 5052.415 4771.435 5357.747
1.389 5056.489 4775.681 5362.066
1.391 5060.559 4779.889 5366.402
1.393 5064.626 4784.075 5370.763
1.395 5068.689 4788.259 5375.107
1.397 5072.748 4792.436 5379.428
1.399 5076.803 4796.69 5383.753
1.401 5080.855 4800.862 5387.998
1.403 5084.904 4805.053 5392.34
1.404 5088.949 4809.288 5396.602
1.406 5092.99 4813.439 5400.86
1.408 5097.028 4817.639 5405.212
1.41 5101.062 4821.762 5409.499
1.412 5105.094 4825.901 5413.81
1.414 5109.122 4830.133 5418.086
1.416 5113.146 4834.297 5422.403
1.418 5117.168 4838.443 5426.64
1.42 5121.186 4842.566 5430.916
1.422 5125.201 4846.753 5435.223
1.425 5129.213 4850.876 5439.514
1.427 5133.223 4855.078 5443.829
1.429 5137.229 4859.211 5448.11
1.431 5141.232 4863.302 5452.387
1.433 5145.232 4867.416 5456.642
1.435 5149.229 4871.624 5460.894
1.437 5153.224 4875.753 5465.164
1.439 5157.216 4879.883 5469.455
1.441 5161.205 4884.025 5473.712
1.443 5165.191 4888.139 5477.946
1.445 5169.174 4892.174 5482.164
1.447 5173.155 4896.227 5486.419
1.449 5177.134 4900.301 5490.626
1.451 5181.109 4904.309 5494.934
1.453 5185.083 4908.394 5499.116
1.456 5189.053 4912.484 5503.387
1.458 5193.022 4916.536 5507.598
1.46 5196.988 4920.601 5511.791
1.462 5200.951 4924.627 5516.029
1.464 5204.912 4928.7 5520.269
1.466 5208.871 4932.762 5524.448
1.468 5212.828 4936.846 5528.657
1.471 5216.782 4940.912 5532.892
1.473 5220.734 4944.957 5537.126
1.475 5224.684 4949.021 5541.326
1.477 5228.632 4953.049 5545.5
1.479 5232.578 4957.032 5549.718
1.481 5236.522 4961.1 5553.882
1.484 5240.464 4965.138 5558.121
1.486 5244.404 4969.196 5562.324
1.488 5248.342 4973.214 5566.446
1.49 5252.277 4977.201 5570.645
1.493 5256.212 4981.201 5574.886
1.495 5260.144 4985.21 5579.092
1.497 5264.074 4989.221 5583.31
1.499 5268.003 4993.214 5587.469
1.502 5271.93 4997.214 5591.652
1.504 5275.855 5001.238 5595.772
1.506 5279.779 5005.279 5600.009
1.508 5283.7 5009.329 5604.19
1.511 5287.621 5013.311 5608.375
1.513 5291.539 5017.298 5612.531
1.515 5295.457 5021.295 5616.727
1.517 5299.372 5025.273 5620.908
1.52 5303.286 5029.223 5625.087
1.522 5307.199 5033.258 5629.301
1.524 5311.11 5037.264 5633.486
1.527 5315.02 5041.264 5637.656
1.529 5318.929 5045.322 5641.829
1.531 5322.836 5049.274 5645.928
1.534 5326.742 5053.259 5650.148
1.536 5330.647 5057.228 5654.331
1.538 5334.55 5061.223 5658.487
1.541 5338.453 5065.156 5662.66
1.543 5342.354 5069.112 5666.847
1.546 5346.254 5073.076 5671
1.548 5350.153 5077.017 5675.191
1.55 5354.051 5080.943 5679.386
1.553 5357.947 5084.952 5683.509
1.555 5361.843 5088.927 5687.661
1.558 5365.738 5092.903 5691.826
1.56 5369.632 5096.923 5695.988
1.563 5373.525 5100.903 5700.1
1.565 5377.417 5104.923 5704.286
1.567 5381.308 5108.887 5708.439
1.57 5385.198 5112.831 5712.611
1.572 5389.088 5116.852 5716.766
1.575 5392.977 5120.862 5720.942
1.577 5396.865 5124.858 5725.123
1.58 5400.752 5128.841 5729.257
1.582 5404.639 5132.826 5733.44
1.585 5408.524 5136.768 5737.571
1.587 5412.41 5140.719 5741.762
1.59 5416.295 5144.688 5745.939
1.592 5420.179 5148.62 5750.108
1.595 5424.062 5152.572 5754.288
1.597 5427.945 5156.536 5758.365
1.6 5431.828 5160.561 5762.511
1.603 5435.71 5164.494 5766.642
1.605 5439.592 5168.442 5770.775
1.608 5443.473 5172.347 5774.922
1.61 5447.354 5176.23 5779.092
1.613 5451.235 5180.152 5783.199
1.616 5455.115 5184.128 5787.348
1.618 5458.995 5188.133 5791.554
1.621 5462.875 5192.068 5795.705
1.623 5466.754 5195.962 5799.85
1.626 5470.633 5199.9 5804.02
1.629 5474.512 5203.843 5808.145
1.631 5478.391 5207.758 5812.268
1.634 5482.27 5211.624 5816.48
1.637 5486.149 5215.533 5820.63
1.639 5490.028 5219.467 5824.783
1.642 5493.906 5223.396 5828.886
1.645 5497.785 5227.335 5832.972
1.647 5501.663 5231.271 5837.133
1.65 5505.542 5235.23 5841.28
1.653 5509.421 5239.206 5845.431
1.656 5513.299 5243.163 5849.583
1.658 5517.178 5247.102 5853.691
1.661 5521.057 5251.056 5857.817
1.664 5524.937 5255.06 5861.99
1.667 5528.816 5258.984 5866.169
1.669 5532.696 5262.909 5870.35
1.672 5536.575 5266.813 5874.52
1.675 5540.456 5270.759 5878.701
1.678 5544.336 5274.688 5882.83
1.681 5548.217 5278.533 5886.989
1.684 5552.098 5282.46 5891.149
1.686 5555.979 5286.383 5895.299
1.689 5559.861 5290.356 5899.452
1.692 5563.744 5294.315 5903.583
1.695 5567.627 5298.263 5907.724
1.698 5571.51 5302.192 5911.887
1.701 5575.394 5306.12 5916.034
1.704 5579.278 5309.996 5920.189
1.706 5583.163 5313.942 5924.355
1.709 5587.048 5317.836 5928.549
1.712 5590.935 5321.772 5932.702
1.715 5594.821 5325.703 5936.88
1.718 5598.709 5329.649 5941.031
1.721 5602.597 5333.585 5945.202
1.724 5606.486 5337.52 5949.379
1.727 5610.375 5341.379 5953.533
1.73 5614.266 5345.306 5957.705
1.733 5618.157 5349.235 5961.887
1.736 5622.049 5353.129 5966.02
1.739 5625.942 5357.036 5970.175
1.742 5629.835 5360.968 5974.305
1.745 5633.73 5364.889 5978.476
1.748 5637.626 5368.822 5982.706
1.751 5641.522 5372.744 5986.95
1.754 5645.419 5376.671 5991.082
1.757 5649.318 5380.595 5995.226
1.761 5653.217 5384.539 5999.4
1.764 5657.118 5388.434 6003.541
1.767 5661.02 5392.344 6007.661
1.77 5664.922 5396.21 6011.839
1.773 5668.826 5400.177 6015.965
1.776 5672.731 5404.098 6020.066
1.779 5676.637 5408.025 6024.193
1.783 5680.545 5411.994 6028.393
1.786 5684.454 5415.929 6032.537
1.789 5688.363 5419.867 6036.736
1.792 5692.275 5423.8 6040.859
1.795 5696.187 5427.773 6045.046
1.799 5700.101 5431.752 6049.235
1.802 5704.016 5435.741 6053.442
1.805 5707.933 5439.656 6057.612
1.808 5711.851 5443.593 6061.834
1.812 5715.77 5447.548 6066.012
1.815 5719.691 5451.528 6070.232
1.818 5723.614 5455.423 6074.396
1.821 5727.537 5459.413 6078.609
1.825 5731.463 5463.326 6082.801
1.828 5735.39 5467.306 6087.07
1.832 5739.319 5471.235 6091.308
1.835 5743.249 5475.239 6095.524
1.838 5747.181 5479.224 6099.773
1.842 5751.114 5483.133 6103.981
1.845 5755.049 5487.074 6108.184
1.848 5758.986 5491.011 6112.396
1.852 5762.925 5494.955 6116.586
1.855 5766.866 5498.847 6120.855
1.859 5770.808 5502.88 6125.113
1.862 5774.752 5506.916 6129.28
1.866 5778.698 5510.914 6133.51
1.869 5782.646 5514.846 6137.77
1.873 5786.596 5518.793 6142.071
1.876 5790.547 5522.749 6146.294
1.88 5794.501 5526.664 6150.561
1.883 5798.457 5530.637 6154.788
1.887 5802.414 5534.638 6159.096
1.89 5806.374 5538.598 6163.364
1.894 5810.336 5542.57 6167.665
1.898 5814.299 5546.509 6171.964
1.901 5818.265 5550.522 6176.199
1.905 5822.233 5554.465 6180.429
1.908 5826.204 5558.526 6184.714
1.912 5830.176 5562.507 6188.986
1.916 5834.151 5566.476 6193.221
1.919 5838.127 5570.435 6197.455
1.923 5842.107 5574.402 6201.766
1.927 5846.088 5578.352 6206.046
1.931 5850.072 5582.264 6210.32
1.934 5854.058 5586.284 6214.596
1.938 5858.046 5590.315 6218.862
1.942 5862.037 5594.33 6223.146
1.946 5866.031 5598.334 6227.349
1.949 5870.027 5602.299 6231.647
1.953 5874.025 5606.288 6235.936
1.957 5878.026 5610.304 6240.232
1.961 5882.029 5614.28 6244.607
1.965 5886.035 5618.252 6248.812
1.969 5890.043 5622.276 6253.158
1.972 5894.054 5626.275 6257.498
1.976 5898.068 5630.247 6261.845
1.98 5902.085 5634.324 6266.129
1.984 5906.104 5638.352 6270.406
1.988 5910.126 5642.401 6274.716
1.992 5914.15 5646.415 6279.067
1.996 5918.178 5650.426 6283.395
2 5922.208 5654.45 6287.732
2.004 5926.241 5658.499 6292.079
2.008 5930.277 5662.543 6296.439
2.012 5934.316 5666.609 6300.778
2.016 5938.358 5670.685 6305.079
2.02 5942.402 5674.73 6309.437
2.024 5946.45 5678.8 6313.792
2.028 5950.501 5682.808 6318.182
2.033 5954.554 5686.867 6322.537
2.037 5958.611 5690.91 6326.893
2.041 5962.671 5694.962 6331.173
2.045 5966.734 5699.032 6335.518
2.049 5970.8 5703.146 6339.934
2.053 5974.87 5707.205 6344.256
2.058 5978.942 5711.247 6348.597
2.062 5983.018 5715.263 6352.96
2.066 5987.097 5719.323 6357.298
2.07 5991.179 5723.374 6361.738
2.075 5995.265 5727.436 6366.147
2.079 5999.354 5731.498 6370.538
2.083 6003.447 5735.516 6374.94
2.088 6007.542 5739.574 6379.32
2.092 6011.642 5743.661 6383.686
2.096 6015.744 5747.771 6388.159
2.101 6019.851 5751.875 6392.506
2.105 6023.96 5755.997 6396.916
2.11 6028.074 5760.052 6401.295
2.114 6032.191 5764.202 6405.699
2.119 6036.311 5768.32 6410.169
2.123 6040.435 5772.47 6414.587
2.128 6044.563 5776.597 6419.008
2.132 6048.695 5780.721 6423.454
2.137 6052.83 5784.821 6427.87
2.141 6056.969 5788.933 6432.373
2.146 6061.112 5793.031 6436.833
2.151 6065.259 5797.147 6441.32
2.155 6069.41 5801.295 6445.87
2.16 6073.564 5805.492 6450.375
2.165 6077.723 5809.642 6454.85
2.169 6081.885 5813.774 6459.359
2.174 6086.051 5817.952 6463.861
2.179 6090.222 5822.106 6468.345
2.183 6094.396 5826.257 6472.792
2.188 6098.575 5830.41 6477.256
2.193 6102.758 5834.56 6481.748
2.198 6106.944 5838.726 6486.203
2.203 6111.135 5842.898 6490.715
2.208 6115.331 5847.147 6495.17
2.212 6119.53 5851.295 6499.582
2.217 6123.734 5855.389 6504.028
2.222 6127.942 5859.596 6508.503
2.227 6132.154 5863.736 6512.961
2.232 6136.371 5867.961 6517.541
2.237 6140.592 5872.17 6522.101
2.242 6144.818 5876.363 6526.623
2.247 6149.048 5880.584 6531.195
2.252 6153.283 5884.823 6535.759
2.257 6157.522 5889.068 6540.318
2.262 6161.766 5893.283 6544.842
2.268 6166.014 5897.455 6549.423
2.273 6170.267 5901.699 6553.942
2.278 6174.525 5905.907 6558.411
2.283 6178.788 5910.129 6562.906
2.288 6183.055 5914.363 6567.514
2.294 6187.327 5918.603 6572.126
2.299 6191.604 5922.826 6576.732
2.304 6195.885 5927.082 6581.256
2.309 6200.172 5931.354 6585.875
2.315 6204.464 5935.619 6590.489
2.32 6208.76 5939.916 6595.081
2.326 6213.062 5944.2 6599.707
2.331 6217.368 5948.542 6604.305
2.336 6221.68 5952.834 6608.939
2.342 6225.997 5957.109 6613.584
2.347 6230.318 5961.429 6618.241
2.353 6234.646 5965.733 6622.887
2.358 6238.978 5969.979 6627.465
2.364 6243.315 5974.237 6632.129
2.37 6247.658 5978.544 6636.806
2.375 6252.006 5982.91 6641.496
2.381 6256.36 5987.208 6646.157
2.387 6260.719 5991.533 6650.835
2.392 6265.083 5995.896 6655.519
2.398 6269.453 6000.263 6660.266
2.404 6273.829 6004.566 6664.941
2.41 6278.21 6008.903 6669.594
2.415 6282.597 6013.231 6674.314
2.421 6286.989 6017.621 6678.992
2.427 6291.387 6021.999 6683.702
2.433 6295.79 6026.289 6688.475
2.439 6300.2 6030.651 6693.248
2.445 6304.615 6034.926 6697.953
2.451 6309.036 6039.382 6702.755
2.457 6313.463 6043.734 6707.486
2.463 6317.896 6048.099 6712.243
2.469 6322.335 6052.472 6716.993
2.475 6326.78 6056.873 6721.741
2.481 6331.231 6061.23 6726.544
2.488 6335.688 6065.615 6731.357
2.494 6340.151 6070.028 6736.183
2.5 6344.621 6074.412 6740.934
2.506 6349.096 6078.844 6745.774
2.513 6353.578 6083.281 6750.58
2.519 6358.067 6087.712 6755.406
2.525 6362.561 6092.228 6760.257
2.532 6367.062 6096.731 6765.078
2.538 6371.569 6101.171 6769.969
2.545 6376.083 6105.659 6774.878
2.551 6380.604 6110.155 6779.671
2.558 6385.131 6114.545 6784.512
2.564 6389.664 6119.007 6789.363
2.571 6394.205 6123.464 6794.278
2.577 6398.752 6127.973 6799.115
2.584 6403.305 6132.445 6804.058
2.591 6407.866 6136.929 6808.955
2.597 6412.433 6141.439 6813.864
2.604 6417.008 6145.939 6818.725
2.611 6421.589 6150.489 6823.628
2.618 6426.177 6155.026 6828.58
2.625 6430.772 6159.494 6833.451
2.632 6435.375 6164.041 6838.369
2.639 6439.984 6168.632 6843.308
2.646 6444.601 6173.207 6848.221
2.653 6449.225 6177.713 6853.147
2.66 6453.856 6182.265 6858.093
2.667 6458.495 6186.849 6863.122
2.674 6463.141 6191.438 6868.116
2.681 6467.794 6196.051 6873.05
2.688 6472.455 6200.666 6878.037
2.695 6477.123 6205.282 6883.064
2.703 6481.799 6209.912 6888.062
2.71 6486.483 6214.468 6893.022
2.717 6491.174 6219.035 6898.094
2.725 6495.873 6223.679 6903.14
2.732 6500.58 6228.341 6908.154
2.74 6505.295 6233.04 6913.248
2.747 6510.018 6237.682 6918.359
2.755 6514.748 6242.303 6923.448
2.762 6519.487 6246.944 6928.543
2.77 6524.233 6251.627 6933.589
2.778 6528.988 6256.335 6938.638
2.786 6533.751 6261.021 6943.767
2.793 6538.522 6265.701 6948.862
2.801 6543.302 6270.358 6953.976
2.809 6548.09 6275.101 6959.111
2.817 6552.886 6279.888 6964.185
2.825 6557.691 6284.577 6969.292
2.833 6562.504 6289.33 6974.442
2.841 6567.326 6294.105 6979.563
2.849 6572.157 6298.856 6984.732
2.857 6576.996 6303.624 6989.869
2.865 6581.844 6308.39 6995.065
2.874 6586.701 6313.207 7000.234
2.882 6591.566 6318.034 7005.469
2.89 6596.441 6322.849 7010.684
2.899 6601.324 6327.638 7015.958
2.907 6606.217 6332.446 7021.218
2.915 6611.119 6337.252 7026.51
2.924 6616.03 6342.042 7031.735
2.933 6620.95 6346.874 7036.974
2.941 6625.88 6351.715 7042.301
2.95 6630.819 6356.598 7047.627
2.959 6635.767 6361.45 7052.921
2.967 6640.725 6366.269 7058.262
2.976 6645.693 6371.121 7063.605
2.985 6650.67 6376.004 7068.911
2.994 6655.657 6380.926 7074.243
3.003 6660.654 6385.854 7079.584
3.012 6665.66 6390.705 7084.941
3.021 6670.677 6395.598 7090.358
3.03 6675.704 6400.496 7095.661
3.04 6680.74 6405.455 7101.03
3.049 6685.787 6410.352 7106.43
3.058 6690.844 6415.303 7111.869
3.067 6695.911 6420.288 7117.303
3.077 6700.989 6425.281 7122.838
3.086 6706.077 6430.268 7128.243
3.096 6711.175 6435.214 7133.73
3.106 6716.284 6440.173 7139.187
3.115 6721.404 6445.178 7144.657
3.125 6726.534 6450.235 7150.231
3.135 6731.676 6455.259 7155.733
3.145 6736.828 6460.349 7161.244
3.155 6741.991 6465.409 7166.784
3.165 6747.165 6470.497 7172.325
3.175 6752.35 6475.545 7177.914
3.185 6757.547 6480.629 7183.535
3.195 6762.754 6485.737 7189.079
3.205 6767.974 6490.819 7194.711
3.215 6773.204 6495.85 7200.28
3.226 6778.446 6500.924 7205.888
3.236 6783.7 6506.148 7211.551
3.247 6788.965 6511.291 7217.229
3.257 6794.242 6516.449 7222.854
3.268 6799.531 6521.611 7228.56
3.279 6804.832 6526.844 7234.244
3.289 6810.145 6532.028 7239.946
3.3 6815.47 6537.241 7245.655
3.311 6820.808 6542.523 7251.419
3.322 6826.157 6547.739 7257.175
3.333 6831.519 6552.999 7262.941
3.344 6836.894 6558.177 7268.755
3.356 6842.281 6563.469 7274.56
3.367 6847.681 6568.752 7280.39
3.378 6853.093 6574.094 7286.224
3.39 6858.519 6579.452 7292.019
3.401 6863.957 6584.72 7297.811
3.413 6869.408 6590.075 7303.665
3.425 6874.873 6595.481 7309.52
3.436 6880.351 6600.81 7315.432
3.448 6885.842 6606.138 7321.349
3.46 6891.346 6611.487 7327.323
3.472 6896.864 6616.884 7333.183
3.484 6902.396 6622.276 7339.122
3.497 6907.942 6627.62 7345.03
3.509 6913.501 6633.044 7350.972
3.521 6919.075 6638.438 7356.983
3.534 6924.662 6643.83 7363.044
3.546 6930.264 6649.262 7369.086
3.559 6935.88 6654.736 7375.181
3.571 6941.51 6660.254 7381.194
3.584 6947.155 6665.779 7387.296
3.597 6952.814 6671.35 7393.341
3.61 6958.488 6676.899 7399.465
3.623 6964.177 6682.469 7405.532
3.636 6969.881 6688.054 7411.683
3.65 6975.601 6693.635 7417.838
3.663 6981.335 6699.16 7423.922
3.676 6987.085 6704.705 7430.098
3.69 6992.85 6710.3 7436.343
3.704 6998.63 6715.854 7442.601
3.717 7004.427 6721.449 7448.842
3.731 7010.239 6727.04 7455.149
3.745 7016.067 6732.665 7461.413
3.759 7021.911 6738.334 7467.651
3.774 7027.771 6744.078 7473.956
3.788 7033.648 6749.803 7480.28
3.802 7039.541 6755.556 7486.643
3.817 7045.451 6761.315 7493.005
3.831 7051.377 6767.073 7499.374
3.846 7057.32 6772.879 7505.697
3.861 7063.281 6778.619 7512.194
3.876 7069.258 6784.457 7518.62
3.891 7075.253 6790.296 7525.059
3.906 7081.265 6796.144 7531.465
3.922 7087.295 6801.929 7537.999
3.937 7093.342 6807.776 7544.397
3.953 7099.407 6813.659 7550.925
3.968 7105.49 6819.57 7557.451
3.984 7111.592 6825.544 7564.021
4 7117.712 6831.45 7570.589
4.016 7123.85 6837.433 7577.196
4.032 7130.006 6843.43 7583.869
4.049 7136.182 6849.459 7590.504
4.065 7142.376 6855.404 7597.193
4.082 7148.59 6861.361 7603.93
4.098 7154.823 6867.352 7610.731
4.115 7161.075 6873.43 7617.522
4.132 7167.347 6879.515 7624.243
4.149 7173.638 6885.644 7630.951
4.167 7179.95 6891.732 7637.735
4.184 7186.281 6897.856 7644.586
4.202 7192.633 6903.974 7651.451
4.219 7199.005 6910.16 7658.306
4.237 7205.398 6916.416 7665.25
4.255 7211.812 6922.737 7672.182
4.274 7218.246 6928.972 7679.144
4.292 7224.702 6935.149 7686.089
4.31 7231.179 6941.437 7692.974
4.329 7237.678 6947.688 7699.859
4.348 7244.198 6953.949 7706.914
4.367 7250.741 6960.265 7713.972
4.386 7257.305 6966.61 7721.04
4.405 7263.892 6972.967 7728.158
4.425 7270.502 6979.302 7735.36
4.444 7277.134 6985.674 7742.531
4.464 7283.789 6992.11 7749.6
4.484 7290.467 6998.595 7756.779
4.505 7297.169 7005.098 7764.047
4.525 7303.894 7011.608 7771.387
4.545 7310.643 7018.005 7778.682
4.566 7317.416 7024.554 7786.019
4.587 7324.214 7031.065 7793.415
4.608 7331.036 7037.616 7800.782
4.63 7337.882 7044.286 7808.169
4.651 7344.754 7050.924 7815.58
4.673 7351.651 7057.6 7822.961
4.695 7358.573 7064.277 7830.367
4.717 7365.52 7070.926 7837.789
4.739 7372.494 7077.606 7845.333
4.762 7379.494 7084.431 7852.94
4.785 7386.52 7091.179 7860.493
4.808 7393.573 7097.95 7868.039
4.831 7400.653 7104.775 7875.623
4.854 7407.761 7111.653 7883.232
4.878 7414.895 7118.449 7890.908
4.902 7422.058 7125.28 7898.593
4.926 7429.248 7132.174 7906.268
4.95 7436.467 7139.135 7914.027
4.975 7443.714 7146.172 7921.92
5 7450.99 7153.205 7929.773
5.025 7458.295 7160.166 7937.661
5.051 7465.63 7167.277 7945.543
5.076 7472.995 7174.382 7953.509
5.102 7480.39 7181.411 7961.514
5.128 7487.815 7188.458 7969.631
5.155 7495.27 7195.584 7977.668
5.181 7502.757 7202.813 7985.697
5.208 7510.275 7209.998 7993.899
5.236 7517.825 7217.193 8002.09
5.263 7525.407 7224.385 8010.29
5.291 7533.021 7231.709 8018.501
5.319 7540.668 7238.938 8026.758
5.348 7548.347 7246.205 8035.054
5.376 7556.061 7253.535 8043.364
5.405 7563.808 7260.874 8051.82
5.435 7571.589 7268.302 8060.228
5.464 7579.405 7275.694 8068.743
5.495 7587.255 7283.211 8077.386
5.525 7595.141 7290.73 8085.973
5.556 7603.062 7298.33 8094.553
5.587 7611.02 7305.995 8103.102
5.618 7619.014 7313.67 8111.788
5.65 7627.044 7321.33 8120.521
5.682 7635.113 7329.018 8129.232
5.714 7643.218 7336.721 8137.992
5.747 7651.362 7344.488 8146.889
5.78 7659.545 7352.182 8155.825
5.814 7667.766 7360.076 8164.859
5.848 7676.027 7367.895 8173.774
5.882 7684.328 7375.759 8182.725
5.917 7692.67 7383.628 8191.793
5.952 7701.052 7391.51 8200.951
5.988 7709.475 7399.527 8210.195
6.024 7717.941 7407.687 8219.456
6.061 7726.449 7415.691 8228.694
6.098 7735 7423.802 8238.029
6.135 7743.594 7431.938 8247.26
6.173 7752.232 7440.124 8256.646
6.211 7760.914 7448.326 8266.068
6.25 7769.642 7456.568 8275.646
6.289 7778.415 7464.817 8285.212
6.329 7787.234 7473.174 8294.831
6.369 7796.101 7481.534 8304.497
6.41 7805.014 7489.925 8314.299
6.452 7813.975 7498.308 8324.074
6.494 7822.985 7506.929 8333.888
6.536 7832.044 7515.493 8343.736
6.579 7841.153 7524.041 8353.665
6.623 7850.313 7532.69 8363.736
6.667 7859.523 7541.426 8373.844
6.711 7868.785 7550.132 8383.973
6.757 7878.1 7558.91 8394.22
6.803 7887.468 7567.815 8404.474
6.849 7896.89 7576.687 8414.76
6.897 7906.367 7585.607 8425.109
6.944 7915.899 7594.609 8435.656
6.993 7925.487 7603.668 8446.184
7.042 7935.132 7612.731 8456.734
7.092 7944.835 7621.718 8467.3
7.143 7954.596 7630.944 8478.018
7.194 7964.417 7640.122 8488.82
7.246 7974.298 7649.491 8499.598
7.299 7984.24 7658.86 8510.515
7.353 7994.244 7668.196 8521.503
7.407 8004.311 7677.715 8532.545
7.463 8014.441 7687.167 8543.67
7.519 8024.637 7696.824 8554.793
7.576 8034.898 7706.252 8566.161
7.634 8045.225 7715.889 8577.526
7.692 8055.621 7725.598 8588.955
7.752 8066.085 7735.468 8600.542
7.812 8076.619 7745.317 8612.162
7.874 8087.223 7755.233 8623.877
7.937 8097.9 7765.147 8635.615
8 8108.65 7775.224 8647.644
8.065 8119.474 7785.207 8659.585
8.13 8130.373 7795.257 8671.502
8.197 8141.349 7805.463 8683.541
8.264 8152.402 7815.678 8695.798
8.333 8163.535 7825.997 8707.977
8.403 8174.748 7836.328 8720.439
8.475 8186.043 7846.85 8732.898
8.547 8197.422 7857.32 8745.447
8.621 8208.884 7867.956 8758.19
8.696 8220.433 7878.805 8771.109
8.772 8232.069 7889.611 8784.046
8.85 8243.793 7900.494 8797.058
8.929 8255.609 7911.465 8810.202
9.009 8267.516 7922.446 8823.524
9.091 8279.517 7933.57 8837.013
9.174 8291.613 7944.682 8850.48
9.259 8303.807 7956.052 8864.141
9.346 8316.099 7967.534 8877.834
9.434 8328.492 7978.91 8891.703
9.524 8340.988 7990.421 8905.507
9.615 8353.587 8002.092 8919.429
9.709 8366.294 8013.848 8933.657
9.804 8379.109 8025.664 8947.864
9.901 8392.034 8037.469 8962.364
10 8405.072 8049.379 8976.911
10.101 8418.225 8061.538 8991.428
10.204 8431.495 8073.62 9006.261
10.309 8444.885 8085.894 9021.104
10.417 8458.396 8098.193 9036.286
10.526 8472.032 8110.766 9051.418
10.638 8485.796 8123.4 9066.863
10.753 8499.688 8136.091 9082.43
10.87 8513.713 8148.788 9098.155
10.989 8527.874 8161.639 9114.007
11.111 8542.172 8174.738 9130.085
11.236 8556.612 8187.827 9146.576
11.364 8571.196 8201.103 9163.18
11.494 8585.927 8214.458 9179.998
11.628 8600.809 8227.878 9196.818
11.765 8615.846 8241.596 9213.834
11.905 8631.04 8255.362 9230.915
12.048 8646.396 8269.306 9248.182
12.195 8661.917 8283.502 9265.708
12.346 8677.607 8297.742 9283.507
12.5 8693.471 8311.93 9301.569
12.658 8709.512 8326.47 9319.761
12.821 8725.735 8341.086 9338.084
12.987 8742.145 8355.864 9356.707
13.158 8758.746 8370.727 9375.708
13.333 8775.544 8385.881 9394.826
13.514 8792.542 8401.202 9414.284
13.699 8809.748 8416.685 9433.937
13.889 8827.166 8432.337 9453.525
14.085 8844.801 8448.041 9473.776
14.286 8862.661 8463.911 9494.023
14.493 8880.751 8480.055 9515.111
14.706 8899.078 8496.38 9536.204
14.925 8917.649 8513.056 9557.341
15.152 8936.471 8529.835 9578.845
15.385 8955.551 8546.919 9600.628
15.625 8974.896 8564.112 9623.087
15.873 8994.517 8581.652 9645.707
16.129 9014.419 8599.226 9668.66
16.393 9034.614 8616.975 9691.921
16.667 9055.109 8634.974 9715.794
16.949 9075.916 8653.258 9739.775
17.241 9097.043 8671.695 9764.421
17.544 9118.503 8690.585 9789.485
17.857 9140.306 8709.592 9815.073
18.182 9162.464 8728.977 9840.906
18.519 9184.991 8748.855 9867.371
18.868 9207.899 8768.868 9894.105
19.231 9231.203 8789.15 9921.713
19.608 9254.917 8809.696 9949.559
20 9279.058 8830.679 9978.059
20.408 9303.641 8851.908 10007.14
20.833 9328.686 8873.539 10036.638
21.277 9354.21 8895.671 10066.877
21.739 9380.233 8918.239 10097.644
22.222 9406.778 8941.002 10129.196
22.727 9433.866 8964.324 10161.372
23.256 9461.522 8988.096 10194.008
23.81 9489.772 9012.342 10227.93
24.39 9518.643 9036.797 10262.487
25 9548.165 9062.06 10298.165
25.641 9578.371 9087.902 10334.46
26.316 9609.295 9114.251 10371.557
27.027 9640.973 9141.094 10409.959
27.778 9673.447 9168.531 10449.041
28.571 9706.758 9196.506 10489.798
29.412 9740.955 9225.373 10531.627
30.303 9776.089 9254.694 10574.65
31.25 9812.215 9285.174 10618.682
32.258 9849.395 9316.26 10664.299
33.333 9887.696 9348.1 10711.313
34.483 9927.191 9380.905 10759.512
35.714 9967.961 9414.389 10809.864
37.037 10010.096 9449.12 10861.789
38.462 10053.697 9485.208 10915.755
40 10098.874 9522.025 10971.476
41.667 10145.752 9560.198 11030.16
43.478 10194.471 9599.682 11091.141
45.455 10245.191 9640.814 11154.809
47.619 10298.09 9683.475 11221.713
50 10353.375 9727.622 11291.871
52.632 10411.283 9773.873 11365.99
55.556 10472.089 9822.223 11443.627
58.824 10536.113 9873.009 11525.262
62.5 10603.732 9925.978 11611.95
66.667 10675.397 9981.929 11704.374
71.429 10751.647 10041.292 11803.669
76.923 10833.14 10104.277 11909.983
83.333 10920.688 10170.878 12025.589
90.909 11015.31 10243.06 12151.172
100 11118.311 10320.512 12288.339
111.111 11231.4 10404.747 12440.645
125 11356.874 10497.288 12610.913
142.857 11497.935 10599.822 12804.393
166.667 11659.23 10715.947 13028.406
200 11847.9 10849.025 13292.461
250 12075.779 11008.235 13616.385
333.333 12364.75 11204.401 14033.249
500 12763.077 11464.727 14625.011
1000 13420.664 11873.345 15641.14
1111.111 13518.118 11931.784 15796.122
1250 13626.297 11996.218 15968.826
1428.571 13747.973 12067.267 16165.671
1666.667 13887.169 12147.743 16393.021
2000 14050.07 12240.82 16660.594
2500 14246.919 12350.194 16991.046
3333.333 14496.661 12486.639 17414.148
5000 14841.079 12668.988 18014.136
10000 15409.951 12953.845 19039.158
