"Pr" "Mp" "Q_2" "Q_9"
1.01 3031.25 2634.482 3343.929
1.011 3060.322 2668.231 3370.007
1.012 3087.385 2699.435 3394.31
1.013 3112.737 2728.942 3417.041
1.014 3136.614 2756.457 3438.517
1.015 3159.205 2782.589 3459.108
1.016 3180.662 2807.539 3478.393
1.017 3201.115 2831.185 3496.997
1.018 3220.668 2853.703 3514.738
1.019 3239.412 2875.284 3531.695
1.02 3257.423 2895.914 3547.962
1.021 3274.768 2915.767 3563.626
1.022 3291.504 2934.834 3578.843
1.024 3307.679 2953.484 3593.477
1.025 3323.34 2971.527 3607.717
1.026 3338.523 2988.81 3621.634
1.027 3353.264 3005.822 3635.023
1.028 3367.594 3022.009 3648.072
1.029 3381.539 3037.865 3660.964
1.03 3395.125 3053.542 3673.357
1.031 3408.374 3068.711 3685.499
1.032 3421.307 3083.525 3697.284
1.033 3433.941 3097.907 3708.848
1.034 3446.295 3111.831 3720.246
1.035 3458.382 3125.542 3731.259
1.036 3470.218 3138.862 3742.126
1.037 3481.815 3152.144 3752.706
1.038 3493.185 3164.943 3763.179
1.04 3504.34 3177.638 3773.415
1.041 3515.29 3190.031 3783.526
1.042 3526.044 3202.145 3793.462
1.043 3536.612 3214.198 3803.213
1.044 3547.001 3226.004 3812.85
1.045 3557.219 3237.559 3822.322
1.046 3567.273 3248.915 3831.646
1.047 3577.171 3259.97 3840.802
1.048 3586.918 3270.919 3849.761
1.049 3596.52 3281.791 3858.622
1.05 3605.984 3292.291 3867.304
1.052 3615.314 3302.747 3875.929
1.053 3624.515 3313.101 3884.446
1.054 3633.592 3323.347 3892.79
1.055 3642.549 3333.433 3901.074
1.056 3651.392 3343.324 3909.277
1.057 3660.122 3353.051 3917.374
1.058 3668.745 3362.815 3925.357
1.059 3677.264 3372.363 3933.337
1.06 3685.683 3381.891 3941.18
1.062 3694.003 3391.125 3948.979
1.063 3702.23 3400.245 3956.628
1.064 3710.365 3409.419 3964.173
1.065 3718.411 3418.312 3971.715
1.066 3726.371 3427.226 3979.171
1.067 3734.248 3436.016 3986.459
1.068 3742.043 3444.72 3993.611
1.07 3749.76 3453.428 4000.885
1.071 3757.401 3462.096 4007.918
1.072 3764.967 3470.583 4014.904
1.073 3772.46 3479.001 4021.917
1.074 3779.883 3487.31 4028.825
1.075 3787.238 3495.517 4035.737
1.076 3794.526 3503.633 4042.549
1.078 3801.749 3511.696 4049.319
1.079 3808.909 3519.623 4056.099
1.08 3816.007 3527.422 4062.777
1.081 3823.045 3535.086 4069.316
1.082 3830.024 3542.973 4075.8
1.083 3836.946 3550.721 4082.294
1.085 3843.812 3558.382 4088.609
1.086 3850.623 3565.823 4095.007
1.087 3857.381 3573.294 4101.354
1.088 3864.087 3580.706 4107.605
1.089 3870.742 3588.124 4113.786
1.091 3877.348 3595.421 4119.951
1.092 3883.905 3602.669 4126.062
1.093 3890.414 3609.911 4132.179
1.094 3896.877 3616.957 4138.285
1.095 3903.294 3624.006 4144.358
1.096 3909.667 3630.979 4150.333
1.098 3915.996 3638.061 4156.235
1.099 3922.283 3645.007 4162.165
1.1 3928.527 3651.868 4168.023
1.101 3934.731 3658.682 4173.882
1.103 3940.895 3665.448 4179.727
1.104 3947.02 3672.265 4185.47
1.105 3953.106 3679.016 4191.168
1.106 3959.154 3685.766 4196.878
1.107 3965.165 3692.323 4202.528
1.109 3971.14 3698.938 4208.094
1.11 3977.079 3705.537 4213.685
1.111 3982.984 3712.069 4219.216
1.112 3988.854 3718.556 4224.734
1.114 3994.691 3724.978 4230.185
1.115 4000.495 3731.402 4235.619
1.116 4006.266 3737.771 4241.039
1.117 4012.005 3744.105 4246.413
1.119 4017.714 3750.408 4251.826
1.12 4023.391 3756.705 4257.25
1.121 4029.039 3762.902 4262.56
1.122 4034.657 3769.096 4267.829
1.124 4040.245 3775.204 4273.046
1.125 4045.806 3781.352 4278.328
1.126 4051.338 3787.431 4283.582
1.127 4056.843 3793.479 4288.833
1.129 4062.32 3799.549 4294.037
1.13 4067.771 3805.477 4299.218
1.131 4073.195 3811.448 4304.366
1.133 4078.594 3817.333 4309.469
1.134 4083.968 3823.184 4314.6
1.135 4089.316 3829.032 4319.605
1.136 4094.64 3834.755 4324.67
1.138 4099.94 3840.561 4329.647
1.139 4105.216 3846.271 4334.647
1.14 4110.468 3851.996 4339.611
1.142 4115.698 3857.689 4344.487
1.143 4120.905 3863.412 4349.449
1.144 4126.089 3869.095 4354.301
1.145 4131.252 3874.711 4359.17
1.147 4136.393 3880.235 4364.012
1.148 4141.512 3885.808 4368.848
1.149 4146.611 3891.49 4373.644
1.151 4151.689 3897.008 4378.542
1.152 4156.747 3902.537 4383.347
1.153 4161.784 3908.045 4388.078
1.155 4166.802 3913.533 4392.778
1.156 4171.801 3919.037 4397.514
1.157 4176.78 3924.473 4402.275
1.159 4181.74 3929.951 4407.066
1.16 4186.682 3935.393 4411.766
1.161 4191.605 3940.692 4416.431
1.163 4196.51 3946.032 4421.088
1.164 4201.398 3951.398 4425.706
1.166 4206.268 3956.743 4430.323
1.167 4211.12 3962.09 4434.945
1.168 4215.955 3967.333 4439.603
1.17 4220.774 3972.586 4444.163
1.171 4225.576 3977.837 4448.726
1.172 4230.361 3983.048 4453.369
1.174 4235.13 3988.248 4457.907
1.175 4239.884 3993.426 4462.356
1.176 4244.621 3998.577 4466.833
1.178 4249.343 4003.757 4471.335
1.179 4254.05 4008.789 4475.823
1.181 4258.742 4013.941 4480.314
1.182 4263.419 4018.927 4484.777
1.183 4268.081 4023.98 4489.204
1.185 4272.728 4029.03 4493.587
1.186 4277.361 4034.037 4497.976
1.188 4281.98 4039.047 4502.411
1.189 4286.585 4044.026 4506.816
1.19 4291.177 4049.036 4511.203
1.192 4295.755 4053.982 4515.592
1.193 4300.319 4058.904 4519.967
1.195 4304.87 4063.816 4524.328
1.196 4309.408 4068.782 4528.685
1.198 4313.933 4073.653 4532.998
1.199 4318.445 4078.494 4537.331
1.2 4322.945 4083.314 4541.676
1.202 4327.432 4088.125 4545.988
1.203 4331.907 4092.941 4550.215
1.205 4336.37 4097.759 4554.509
1.206 4340.821 4102.538 4558.794
1.208 4345.26 4107.411 4563.067
1.209 4349.688 4112.185 4567.284
1.211 4354.104 4116.897 4571.511
1.212 4358.508 4121.65 4575.716
1.214 4362.902 4126.382 4579.922
1.215 4367.284 4131.118 4584.097
1.217 4371.655 4135.826 4588.299
1.218 4376.015 4140.49 4592.497
1.22 4380.365 4145.245 4596.651
1.221 4384.704 4149.86 4600.805
1.222 4389.033 4154.518 4604.945
1.224 4393.351 4159.166 4609.002
1.225 4397.659 4163.72 4613.156
1.227 4401.957 4168.276 4617.278
1.229 4406.245 4172.9 4621.405
1.23 4410.524 4177.574 4625.465
1.232 4414.792 4182.218 4629.546
1.233 4419.051 4186.774 4633.616
1.235 4423.3 4191.368 4637.629
1.236 4427.54 4195.929 4641.721
1.238 4431.771 4200.424 4645.734
1.239 4435.993 4204.911 4649.785
1.241 4440.205 4209.487 4653.827
1.242 4444.409 4213.944 4657.848
1.244 4448.603 4218.451 4661.888
1.245 4452.789 4222.894 4665.89
1.247 4456.967 4227.422 4669.911
1.248 4461.136 4231.92 4673.918
1.25 4465.296 4236.373 4677.922
1.252 4469.448 4240.782 4681.879
1.253 4473.592 4245.151 4685.858
1.255 4477.727 4249.52 4689.813
1.256 4481.855 4253.914 4693.765
1.258 4485.974 4258.324 4697.77
1.259 4490.086 4262.655 4701.798
1.261 4494.19 4266.999 4705.679
1.263 4498.286 4271.415 4709.618
1.264 4502.375 4275.795 4713.557
1.266 4506.456 4280.12 4717.497
1.267 4510.53 4284.508 4721.42
1.269 4514.596 4288.885 4725.284
1.271 4518.655 4293.145 4729.196
1.272 4522.707 4297.511 4733.086
1.274 4526.751 4301.805 4736.98
1.276 4530.789 4306.114 4740.848
1.277 4534.82 4310.405 4744.648
1.279 4538.844 4314.662 4748.568
1.28 4542.861 4318.962 4752.425
1.282 4546.872 4323.228 4756.236
1.284 4550.875 4327.473 4760.071
1.285 4554.873 4331.761 4763.878
1.287 4558.864 4336.023 4767.731
1.289 4562.848 4340.275 4771.559
1.29 4566.826 4344.535 4775.373
1.292 4570.798 4348.809 4779.213
1.294 4574.763 4353.042 4783.016
1.295 4578.723 4357.193 4786.831
1.297 4582.676 4361.352 4790.612
1.299 4586.624 4365.575 4794.406
1.3 4590.565 4369.785 4798.233
1.302 4594.501 4373.979 4802.052
1.304 4598.431 4378.254 4805.912
1.305 4602.355 4382.391 4809.718
1.307 4606.274 4386.569 4813.473
1.309 4610.187 4390.626 4817.222
1.311 4614.094 4394.783 4821.032
1.312 4617.996 4398.968 4824.789
1.314 4621.893 4403.091 4828.497
1.316 4625.784 4407.238 4832.248
1.318 4629.67 4411.309 4836.047
1.319 4633.551 4415.486 4839.795
1.321 4637.427 4419.591 4843.543
1.323 4641.297 4423.715 4847.265
1.325 4645.163 4427.792 4850.978
1.326 4649.024 4431.817 4854.686
1.328 4652.879 4435.883 4858.444
1.33 4656.73 4439.996 4862.177
1.332 4660.576 4444.056 4865.923
1.333 4664.417 4448.09 4869.656
1.335 4668.254 4452.151 4873.377
1.337 4672.086 4456.187 4877.11
1.339 4675.913 4460.257 4880.828
1.34 4679.736 4464.316 4884.561
1.342 4683.555 4468.435 4888.267
1.344 4687.369 4472.45 4891.953
1.346 4691.178 4476.541 4895.669
1.348 4694.984 4480.572 4899.352
1.35 4698.785 4484.598 4903.075
1.351 4702.581 4488.671 4906.821
1.353 4706.374 4492.718 4910.489
1.355 4710.163 4496.766 4914.156
1.357 4713.947 4500.701 4917.814
1.359 4717.728 4504.756 4921.547
1.361 4721.504 4508.745 4925.218
1.362 4725.277 4512.725 4928.918
1.364 4729.046 4516.661 4932.558
1.366 4732.81 4520.602 4936.162
1.368 4736.572 4524.533 4939.827
1.37 4740.329 4528.519 4943.478
1.372 4744.083 4532.469 4947.068
1.374 4747.833 4536.412 4950.721
1.376 4751.58 4540.348 4954.311
1.377 4755.323 4544.305 4957.948
1.379 4759.062 4548.22 4961.579
1.381 4762.798 4552.141 4965.196
1.383 4766.531 4556.146 4968.759
1.385 4770.26 4560.081 4972.372
1.387 4773.986 4564.069 4976.011
1.389 4777.709 4567.961 4979.626
1.391 4781.428 4571.901 4983.208
1.393 4785.144 4575.826 4986.775
1.395 4788.857 4579.78 4990.354
1.397 4792.567 4583.753 4994.006
1.399 4796.274 4587.565 4997.644
1.401 4799.978 4591.387 5001.262
1.403 4803.679 4595.304 5004.853
1.404 4807.377 4599.202 5008.48
1.406 4811.072 4603.077 5012.06
1.408 4814.764 4606.969 5015.605
1.41 4818.454 4610.879 5019.199
1.412 4822.14 4614.705 5022.791
1.414 4825.824 4618.571 5026.352
1.416 4829.505 4622.443 5029.921
1.418 4833.184 4626.299 5033.481
1.42 4836.86 4630.184 5037.107
1.422 4840.533 4634.058 5040.673
1.425 4844.204 4637.931 5044.21
1.427 4847.872 4641.742 5047.786
1.429 4851.538 4645.629 5051.367
1.431 4855.201 4649.437 5054.943
1.433 4858.862 4653.321 5058.529
1.435 4862.52 4657.19 5062.031
1.437 4866.176 4661.05 5065.582
1.439 4869.83 4664.818 5069.112
1.441 4873.482 4668.686 5072.666
1.443 4877.131 4672.499 5076.249
1.445 4880.778 4676.27 5079.786
1.447 4884.423 4680.099 5083.277
1.449 4888.066 4683.942 5086.81
1.451 4891.707 4687.77 5090.36
1.453 4895.346 4691.554 5093.914
1.456 4898.982 4695.374 5097.406
1.458 4902.617 4699.162 5100.934
1.46 4906.25 4702.986 5104.464
1.462 4909.881 4706.758 5107.997
1.464 4913.51 4710.491 5111.608
1.466 4917.137 4714.253 5115.171
1.468 4920.762 4718.094 5118.705
1.471 4924.386 4721.918 5122.198
1.473 4928.008 4725.687 5125.682
1.475 4931.628 4729.451 5129.218
1.477 4935.246 4733.259 5132.748
1.479 4938.863 4736.99 5136.262
1.481 4942.478 4740.827 5139.795
1.484 4946.091 4744.605 5143.361
1.486 4949.703 4748.407 5146.908
1.488 4953.314 4752.18 5150.388
1.49 4956.923 4755.898 5153.916
1.493 4960.53 4759.646 5157.431
1.495 4964.136 4763.396 5160.951
1.497 4967.741 4767.166 5164.474
1.499 4971.344 4770.958 5167.965
1.502 4974.946 4774.685 5171.492
1.504 4978.547 4778.376 5174.936
1.506 4982.146 4782.132 5178.41
1.508 4985.744 4785.93 5181.901
1.511 4989.341 4789.735 5185.411
1.513 4992.936 4793.506 5188.891
1.515 4996.531 4797.311 5192.423
1.517 5000.124 4801.103 5195.959
1.52 5003.717 4804.869 5199.5
1.522 5007.308 4808.586 5203.048
1.524 5010.898 4812.355 5206.587
1.527 5014.487 4816.068 5210.068
1.529 5018.075 4819.835 5213.571
1.531 5021.662 4823.623 5217.071
1.534 5025.248 4827.351 5220.612
1.536 5028.834 4831.081 5224.137
1.538 5032.418 4834.766 5227.671
1.541 5036.002 4838.522 5231.171
1.543 5039.585 4842.239 5234.699
1.546 5043.167 4845.909 5238.198
1.548 5046.748 4849.627 5241.709
1.55 5050.328 4853.344 5245.22
1.553 5053.908 4857.041 5248.74
1.555 5057.487 4860.81 5252.277
1.558 5061.066 4864.574 5255.775
1.56 5064.644 4868.277 5259.225
1.563 5068.221 4872.021 5262.722
1.565 5071.798 4875.764 5266.262
1.567 5075.374 4879.481 5269.799
1.57 5078.949 4883.121 5273.269
1.572 5082.525 4886.848 5276.78
1.575 5086.099 4890.57 5280.282
1.577 5089.673 4894.228 5283.798
1.58 5093.247 4897.953 5287.31
1.582 5096.821 4901.699 5290.785
1.585 5100.394 4905.42 5294.341
1.587 5103.967 4909.108 5297.909
1.59 5107.539 4912.798 5301.447
1.592 5111.111 4916.525 5304.993
1.595 5114.683 4920.242 5308.49
1.597 5118.255 4923.941 5311.95
1.6 5121.827 4927.672 5315.476
1.603 5125.398 4931.368 5318.991
1.605 5128.969 4935.05 5322.501
1.608 5132.54 4938.776 5325.947
1.61 5136.111 4942.431 5329.459
1.613 5139.682 4946.114 5332.941
1.616 5143.253 4949.758 5336.435
1.618 5146.824 4953.473 5339.913
1.621 5150.395 4957.213 5343.434
1.623 5153.966 4960.925 5346.969
1.626 5157.537 4964.599 5350.471
1.629 5161.108 4968.299 5353.979
1.631 5164.679 4972.003 5357.498
1.634 5168.25 4975.708 5361.009
1.637 5171.821 4979.379 5364.523
1.639 5175.393 4983.077 5368.011
1.642 5178.965 4986.749 5371.566
1.645 5182.537 4990.5 5375.081
1.647 5186.109 4994.137 5378.604
1.65 5189.682 4997.773 5382.097
1.653 5193.255 5001.512 5385.584
1.656 5196.828 5005.25 5389.138
1.658 5200.402 5008.91 5392.682
1.661 5203.976 5012.611 5396.174
1.664 5207.55 5016.285 5399.703
1.667 5211.125 5019.998 5403.28
1.669 5214.7 5023.687 5406.821
1.672 5218.276 5027.388 5410.361
1.675 5221.852 5031.059 5413.849
1.678 5225.429 5034.684 5417.355
1.681 5229.007 5038.39 5420.882
1.684 5232.585 5042.057 5424.425
1.686 5236.163 5045.707 5427.989
1.689 5239.742 5049.458 5431.521
1.692 5243.322 5053.162 5435.067
1.695 5246.903 5056.798 5438.68
1.698 5250.484 5060.492 5442.194
1.701 5254.066 5064.193 5445.736
1.704 5257.648 5067.879 5449.277
1.706 5261.232 5071.561 5452.816
1.709 5264.816 5075.208 5456.377
1.712 5268.401 5078.92 5459.892
1.715 5271.987 5082.604 5463.479
1.718 5275.574 5086.275 5467.032
1.721 5279.162 5089.925 5470.58
1.724 5282.75 5093.652 5474.119
1.727 5286.34 5097.314 5477.696
1.73 5289.93 5101.039 5481.279
1.733 5293.522 5104.723 5484.818
1.736 5297.114 5108.426 5488.357
1.739 5300.708 5112.108 5491.926
1.742 5304.303 5115.781 5495.44
1.745 5307.898 5119.485 5499.006
1.748 5311.495 5123.14 5502.55
1.751 5315.093 5126.833 5506.121
1.754 5318.692 5130.534 5509.707
1.757 5322.292 5134.252 5513.241
1.761 5325.894 5137.96 5516.844
1.764 5329.497 5141.659 5520.42
1.767 5333.101 5145.348 5523.995
1.77 5336.706 5149.038 5527.592
1.773 5340.312 5152.758 5531.177
1.776 5343.92 5156.426 5534.777
1.779 5347.53 5160.156 5538.294
1.783 5351.14 5163.84 5541.917
1.786 5354.752 5167.543 5545.533
1.789 5358.366 5171.266 5549.158
1.792 5361.98 5174.955 5552.771
1.795 5365.597 5178.663 5556.391
1.799 5369.215 5182.41 5559.928
1.802 5372.834 5186.141 5563.513
1.805 5376.455 5189.838 5567.061
1.808 5380.077 5193.596 5570.666
1.812 5383.701 5197.335 5574.245
1.815 5387.327 5201.034 5577.814
1.818 5390.954 5204.705 5581.425
1.821 5394.583 5208.434 5584.991
1.825 5398.214 5212.157 5588.563
1.828 5401.846 5215.841 5592.114
1.832 5405.48 5219.554 5595.691
1.835 5409.116 5223.217 5599.297
1.838 5412.754 5226.919 5602.889
1.842 5416.393 5230.671 5606.499
1.845 5420.035 5234.365 5610.088
1.848 5423.678 5238.114 5613.692
1.852 5427.323 5241.857 5617.313
1.855 5430.97 5245.613 5620.915
1.859 5434.619 5249.304 5624.538
1.862 5438.269 5253.069 5628.128
1.866 5441.922 5256.821 5631.747
1.869 5445.577 5260.563 5635.404
1.873 5449.234 5264.327 5638.988
1.876 5452.893 5268.048 5642.605
1.88 5456.554 5271.781 5646.26
1.883 5460.217 5275.53 5649.873
1.887 5463.882 5279.266 5653.543
1.89 5467.549 5282.982 5657.163
1.894 5471.219 5286.765 5660.842
1.898 5474.89 5290.525 5664.497
1.901 5478.564 5294.313 5668.138
1.905 5482.24 5298.045 5671.756
1.908 5485.919 5301.814 5675.341
1.912 5489.6 5305.624 5679.021
1.916 5493.283 5309.433 5682.673
1.919 5496.968 5313.212 5686.361
1.923 5500.656 5317.018 5690.062
1.927 5504.346 5320.774 5693.753
1.931 5508.039 5324.501 5697.4
1.934 5511.734 5328.278 5701.048
1.938 5515.431 5331.996 5704.706
1.942 5519.131 5335.795 5708.355
1.946 5522.834 5339.577 5712.006
1.949 5526.539 5343.344 5715.675
1.953 5530.247 5347.094 5719.376
1.957 5533.957 5350.837 5723.111
1.961 5537.67 5354.535 5726.78
1.965 5541.385 5358.297 5730.53
1.969 5545.104 5362.034 5734.21
1.972 5548.825 5365.853 5737.938
1.976 5552.548 5369.603 5741.655
1.98 5556.275 5373.374 5745.339
1.984 5560.004 5377.172 5749.059
1.988 5563.736 5380.905 5752.737
1.992 5567.471 5384.649 5756.448
1.996 5571.209 5388.404 5760.206
2 5574.949 5392.17 5763.947
2.004 5578.693 5395.946 5767.695
2.008 5582.439 5399.737 5771.43
2.012 5586.189 5403.572 5775.144
2.016 5589.941 5407.41 5778.849
2.02 5593.697 5411.166 5782.616
2.024 5597.455 5414.936 5786.437
2.028 5601.217 5418.77 5790.22
2.033 5604.982 5422.622 5793.969
2.037 5608.749 5426.451 5797.756
2.041 5612.52 5430.269 5801.464
2.045 5616.295 5434.097 5805.218
2.049 5620.072 5437.919 5808.973
2.053 5623.853 5441.725 5812.764
2.058 5627.636 5445.545 5816.563
2.062 5631.424 5449.356 5820.305
2.066 5635.214 5453.259 5824.18
2.07 5639.008 5457.088 5828.021
2.075 5642.805 5460.896 5831.766
2.079 5646.606 5464.714 5835.529
2.083 5650.41 5468.597 5839.373
2.088 5654.217 5472.439 5843.171
2.092 5658.028 5476.319 5847.011
2.096 5661.843 5480.204 5850.822
2.101 5665.661 5484.101 5854.632
2.105 5669.483 5487.975 5858.452
2.11 5673.308 5491.909 5862.234
2.114 5677.137 5495.812 5866.086
2.119 5680.969 5499.62 5869.931
2.123 5684.806 5503.5 5873.761
2.128 5688.646 5507.359 5877.649
2.132 5692.489 5511.245 5881.522
2.137 5696.337 5515.148 5885.32
2.141 5700.188 5519.076 5889.178
2.146 5704.043 5522.953 5893.038
2.151 5707.902 5526.844 5896.889
2.155 5711.765 5530.731 5900.796
2.16 5715.632 5534.631 5904.7
2.165 5719.503 5538.496 5908.613
2.169 5723.377 5542.377 5912.468
2.174 5727.256 5546.278 5916.403
2.179 5731.139 5550.211 5920.297
2.183 5735.026 5554.127 5924.239
2.188 5738.917 5558.036 5928.11
2.193 5742.812 5561.976 5932.02
2.198 5746.711 5565.873 5935.943
2.203 5750.615 5569.768 5939.879
2.208 5754.522 5573.7 5943.79
2.212 5758.434 5577.649 5947.7
2.217 5762.351 5581.58 5951.628
2.222 5766.271 5585.545 5955.615
2.227 5770.196 5589.542 5959.517
2.232 5774.126 5593.512 5963.482
2.237 5778.059 5597.472 5967.369
2.242 5781.998 5601.417 5971.355
2.247 5785.94 5605.37 5975.361
2.252 5789.888 5609.286 5979.396
2.257 5793.84 5613.305 5983.39
2.262 5797.796 5617.282 5987.354
2.268 5801.757 5621.287 5991.33
2.273 5805.723 5625.253 5995.313
2.278 5809.693 5629.282 5999.328
2.283 5813.668 5633.274 6003.425
2.288 5817.648 5637.267 6007.396
2.294 5821.632 5641.228 6011.422
2.299 5825.622 5645.224 6015.458
2.304 5829.616 5649.223 6019.508
2.309 5833.615 5653.19 6023.578
2.315 5837.619 5657.26 6027.598
2.32 5841.628 5661.338 6031.665
2.326 5845.642 5665.375 6035.714
2.331 5849.661 5669.398 6039.728
2.336 5853.686 5673.456 6043.806
2.342 5857.715 5677.525 6047.869
2.347 5861.749 5681.58 6052.005
2.353 5865.789 5685.626 6056.104
2.358 5869.833 5689.641 6060.217
2.364 5873.883 5693.694 6064.332
2.37 5877.939 5697.725 6068.47
2.375 5881.999 5701.843 6072.571
2.381 5886.065 5705.903 6076.702
2.387 5890.136 5709.944 6080.793
2.392 5894.213 5714.018 6084.93
2.398 5898.295 5718.135 6089.091
2.404 5902.383 5722.196 6093.218
2.41 5906.476 5726.312 6097.361
2.415 5910.575 5730.5 6101.479
2.421 5914.679 5734.585 6105.662
2.427 5918.789 5738.705 6109.788
2.433 5922.905 5742.812 6113.971
2.439 5927.027 5746.928 6118.18
2.445 5931.154 5751.039 6122.363
2.451 5935.287 5755.157 6126.533
2.457 5939.426 5759.311 6130.734
2.463 5943.571 5763.493 6134.946
2.469 5947.721 5767.631 6139.116
2.475 5951.878 5771.717 6143.344
2.481 5956.041 5775.869 6147.573
2.488 5960.21 5780.051 6151.836
2.494 5964.384 5784.278 6156.072
2.5 5968.565 5788.385 6160.281
2.506 5972.753 5792.527 6164.56
2.513 5976.946 5796.676 6168.833
2.519 5981.146 5800.871 6173.121
2.525 5985.352 5805.096 6177.381
2.532 5989.564 5809.307 6181.67
2.538 5993.783 5813.535 6185.957
2.545 5998.008 5817.773 6190.276
2.551 6002.239 5822.006 6194.554
2.558 6006.477 5826.242 6198.853
2.564 6010.722 5830.486 6203.19
2.571 6014.973 5834.669 6207.446
2.577 6019.231 5838.922 6211.795
2.584 6023.496 5843.166 6216.151
2.591 6027.767 5847.395 6220.495
2.597 6032.045 5851.651 6224.845
2.604 6036.33 5855.978 6229.201
2.611 6040.622 5860.287 6233.552
2.618 6044.921 5864.6 6237.923
2.625 6049.226 5868.893 6242.307
2.632 6053.539 5873.225 6246.658
2.639 6057.859 5877.579 6251.019
2.646 6062.186 5881.894 6255.38
2.653 6066.52 5886.247 6259.813
2.66 6070.861 5890.544 6264.231
2.667 6075.21 5894.909 6268.659
2.674 6079.566 5899.261 6273.035
2.681 6083.929 5903.612 6277.464
2.688 6088.3 5907.964 6281.83
2.695 6092.678 5912.344 6286.313
2.703 6097.063 5916.717 6290.704
2.71 6101.456 5921.084 6295.161
2.717 6105.857 5925.505 6299.668
2.725 6110.265 5929.881 6304.222
2.732 6114.682 5934.262 6308.731
2.74 6119.105 5938.645 6313.221
2.747 6123.537 5943.077 6317.769
2.755 6127.977 5947.479 6322.217
2.762 6132.424 5951.904 6326.693
2.77 6136.88 5956.34 6331.228
2.778 6141.343 5960.757 6335.725
2.786 6145.815 5965.164 6340.259
2.793 6150.294 5969.542 6344.828
2.801 6154.782 5973.965 6349.449
2.809 6159.278 5978.407 6354.092
2.817 6163.783 5982.917 6358.674
2.825 6168.296 5987.386 6363.358
2.833 6172.817 5991.815 6367.94
2.841 6177.347 5996.317 6372.588
2.849 6181.885 6000.792 6377.21
2.857 6186.432 6005.382 6381.814
2.865 6190.987 6009.948 6386.442
2.874 6195.551 6014.448 6391.163
2.882 6200.124 6019.066 6395.921
2.89 6204.706 6023.654 6400.649
2.899 6209.297 6028.192 6405.37
2.907 6213.897 6032.776 6410.117
2.915 6218.505 6037.344 6414.79
2.924 6223.123 6041.945 6419.546
2.933 6227.75 6046.508 6424.293
2.941 6232.386 6051.087 6429.06
2.95 6237.031 6055.686 6433.794
2.959 6241.686 6060.306 6438.511
2.967 6246.35 6064.918 6443.331
2.976 6251.024 6069.524 6448.1
2.985 6255.707 6074.16 6452.918
2.994 6260.4 6078.799 6457.717
3.003 6265.102 6083.407 6462.536
3.012 6269.814 6088.033 6467.369
3.021 6274.536 6092.644 6472.151
3.03 6279.267 6097.318 6477.034
3.04 6284.009 6101.983 6481.899
3.049 6288.761 6106.648 6486.776
3.058 6293.523 6111.371 6491.671
3.067 6298.294 6116.043 6496.584
3.077 6303.076 6120.739 6501.479
3.086 6307.869 6125.499 6506.389
3.096 6312.672 6130.286 6511.297
3.106 6317.485 6135.048 6516.237
3.115 6322.308 6139.74 6521.205
3.125 6327.143 6144.5 6526.147
3.135 6331.988 6149.26 6531.169
3.145 6336.843 6154.042 6536.199
3.155 6341.71 6158.798 6541.236
3.165 6346.587 6163.56 6546.252
3.175 6351.475 6168.361 6551.259
3.185 6356.375 6173.147 6556.289
3.195 6361.285 6177.888 6561.339
3.205 6366.207 6182.668 6566.415
3.215 6371.14 6187.579 6571.497
3.226 6376.084 6192.426 6576.642
3.236 6381.04 6197.314 6581.749
3.247 6386.007 6202.143 6586.844
3.257 6390.986 6207.087 6591.951
3.268 6395.977 6212.018 6597.01
3.279 6400.979 6216.946 6602.135
3.289 6405.993 6221.849 6607.314
3.3 6411.02 6226.743 6612.514
3.311 6416.058 6231.647 6617.715
3.322 6421.108 6236.593 6622.952
3.333 6426.171 6241.596 6628.191
3.344 6431.246 6246.547 6633.469
3.356 6436.333 6251.568 6638.703
3.367 6441.433 6256.58 6643.982
3.378 6446.545 6261.604 6649.271
3.39 6451.67 6266.639 6654.585
3.401 6456.808 6271.626 6659.944
3.413 6461.959 6276.692 6665.339
3.425 6467.123 6281.745 6670.705
3.436 6472.299 6286.842 6676.07
3.448 6477.489 6291.893 6681.556
3.46 6482.693 6296.986 6686.929
3.472 6487.909 6302.065 6692.295
3.484 6493.139 6307.18 6697.774
3.497 6498.383 6312.306 6703.109
3.509 6503.64 6317.432 6708.611
3.521 6508.911 6322.614 6714.07
3.534 6514.196 6327.766 6719.533
3.546 6519.495 6332.937 6725.011
3.559 6524.808 6338.165 6730.513
3.571 6530.135 6343.297 6736.103
3.584 6535.477 6348.484 6741.643
3.597 6540.833 6353.783 6747.311
3.61 6546.203 6358.979 6752.877
3.623 6551.588 6364.272 6758.518
3.636 6556.988 6369.58 6764.182
3.65 6562.403 6374.812 6769.866
3.663 6567.833 6380.069 6775.558
3.676 6573.278 6385.354 6781.273
3.69 6578.738 6390.674 6786.958
3.704 6584.213 6395.981 6792.657
3.717 6589.704 6401.251 6798.453
3.731 6595.211 6406.574 6804.317
3.745 6600.733 6412.009 6810.086
3.759 6606.271 6417.465 6815.802
3.774 6611.825 6422.865 6821.634
3.788 6617.395 6428.222 6827.422
3.802 6622.982 6433.625 6833.25
3.817 6628.585 6439.077 6839.087
3.831 6634.204 6444.519 6844.96
3.846 6639.84 6449.968 6850.863
3.861 6645.493 6455.468 6856.766
3.876 6651.162 6460.932 6862.726
3.891 6656.849 6466.366 6868.731
3.906 6662.553 6471.92 6874.732
3.922 6668.274 6477.501 6880.719
3.937 6674.013 6483.047 6886.713
3.953 6679.769 6488.586 6892.721
3.968 6685.543 6494.076 6898.755
3.984 6691.335 6499.685 6904.696
4 6697.145 6505.326 6910.784
4.016 6702.973 6510.886 6916.94
4.032 6708.82 6516.51 6923.021
4.049 6714.685 6522.099 6929.259
4.065 6720.569 6527.738 6935.473
4.082 6726.471 6533.45 6941.614
4.098 6732.393 6539.117 6947.797
4.115 6738.334 6544.865 6953.969
4.132 6744.294 6550.638 6960.243
4.149 6750.274 6556.476 6966.596
4.167 6756.273 6562.331 6972.918
4.184 6762.292 6568.159 6979.209
4.202 6768.332 6573.981 6985.514
4.219 6774.391 6579.735 6991.847
4.237 6780.471 6585.58 6998.267
4.255 6786.571 6591.397 7004.587
4.274 6792.692 6597.236 7011.006
4.292 6798.834 6603.111 7017.503
4.31 6804.997 6609.103 7024.026
4.329 6811.182 6615.07 7030.615
4.348 6817.387 6620.953 7037.172
4.367 6823.615 6626.898 7043.721
4.386 6829.864 6632.921 7050.345
4.405 6836.136 6638.884 7056.986
4.425 6842.43 6644.895 7063.682
4.444 6848.746 6650.9 7070.325
4.464 6855.085 6656.994 7077.042
4.484 6861.446 6663.14 7083.808
4.505 6867.831 6669.287 7090.539
4.525 6874.24 6675.404 7097.316
4.545 6880.671 6681.502 7104.095
4.566 6887.127 6687.732 7111
4.587 6893.606 6693.985 7117.878
4.608 6900.11 6700.287 7124.71
4.63 6906.638 6706.508 7131.643
4.651 6913.191 6712.714 7138.589
4.673 6919.769 6719.026 7145.536
4.695 6926.372 6725.343 7152.547
4.717 6933 6731.757 7159.57
4.739 6939.654 6738.039 7166.574
4.762 6946.334 6744.463 7173.69
4.785 6953.04 6750.899 7180.897
4.808 6959.773 6757.267 7188.085
4.831 6966.532 6763.681 7195.22
4.854 6973.318 6770.126 7202.445
4.878 6980.131 6776.672 7209.674
4.902 6986.971 6783.205 7216.876
4.926 6993.84 6789.771 7224.211
4.95 7000.736 6796.322 7231.601
4.975 7007.661 6802.85 7239.018
5 7014.614 6809.489 7246.465
5.025 7021.596 6816.141 7253.938
5.051 7028.608 6822.783 7261.401
5.076 7035.649 6829.462 7268.948
5.102 7042.719 6836.159 7276.499
5.128 7049.82 6842.885 7284.107
5.155 7056.951 6849.624 7291.688
5.181 7064.113 6856.375 7299.406
5.208 7071.306 6863.159 7307.178
5.236 7078.53 6869.973 7315.017
5.263 7085.786 6876.822 7322.833
5.291 7093.074 6883.701 7330.6
5.319 7100.395 6890.627 7338.531
5.348 7107.748 6897.57 7346.527
5.376 7115.134 6904.528 7354.476
5.405 7122.554 6911.465 7362.425
5.435 7130.008 6918.535 7370.448
5.464 7137.496 6925.528 7378.499
5.495 7145.018 6932.58 7386.581
5.525 7152.575 6939.686 7394.737
5.556 7160.168 6946.815 7402.893
5.587 7167.797 6953.921 7411.021
5.618 7175.461 6961.06 7419.291
5.65 7183.163 6968.386 7427.553
5.682 7190.901 6975.522 7435.879
5.714 7198.677 6982.822 7444.304
5.747 7206.49 6990.111 7452.685
5.78 7214.342 6997.573 7461.23
5.814 7222.233 7004.965 7469.782
5.848 7230.163 7012.432 7478.28
5.882 7238.132 7019.904 7486.947
5.917 7246.142 7027.358 7495.564
5.952 7254.192 7034.87 7504.197
5.988 7262.283 7042.481 7512.9
6.024 7270.416 7050.07 7521.717
6.061 7278.591 7057.697 7530.574
6.098 7286.809 7065.398 7539.582
6.135 7295.069 7073.111 7548.52
6.173 7303.374 7080.899 7557.574
6.211 7311.722 7088.699 7566.619
6.25 7320.116 7096.593 7575.703
6.289 7328.554 7104.385 7584.935
6.329 7337.039 7112.233 7594.225
6.369 7345.57 7120.133 7603.499
6.41 7354.148 7128.114 7612.801
6.452 7362.774 7136.083 7622.163
6.494 7371.448 7144.126 7631.784
6.536 7380.172 7152.222 7641.432
6.579 7388.944 7160.329 7650.928
6.623 7397.767 7168.581 7660.632
6.667 7406.641 7176.721 7670.397
6.711 7415.566 7185.052 7680.195
6.757 7424.544 7193.291 7690.15
6.803 7433.575 7201.692 7700.186
6.849 7442.659 7210.135 7710.273
6.897 7451.798 7218.641 7720.211
6.944 7460.992 7227.091 7730.358
6.993 7470.242 7235.691 7740.517
7.042 7479.548 7244.277 7750.858
7.092 7488.913 7252.926 7761.172
7.143 7498.335 7261.568 7771.576
7.194 7507.817 7270.296 7782.113
7.246 7517.359 7279.106 7792.631
7.299 7526.962 7288.045 7803.285
7.353 7536.626 7297.011 7814.042
7.407 7546.353 7306.036 7824.904
7.463 7556.144 7315.046 7835.825
7.519 7566 7324.148 7846.792
7.576 7575.921 7333.284 7857.793
7.634 7585.909 7342.46 7868.902
7.692 7595.964 7351.692 7879.984
7.752 7606.088 7360.961 7891.18
7.812 7616.281 7370.218 7902.5
7.874 7626.545 7379.701 7914.142
7.937 7636.882 7389.172 7925.655
8 7647.291 7398.608 7937.293
8.065 7657.774 7408.174 7948.989
8.13 7668.333 7417.711 7960.76
8.197 7678.968 7427.324 7972.677
8.264 7689.681 7437.138 7984.686
8.333 7700.473 7447.115 7996.811
8.403 7711.346 7456.92 8009.079
8.475 7722.3 7466.821 8021.389
8.547 7733.338 7476.761 8033.705
8.621 7744.46 7486.76 8046.186
8.696 7755.668 7496.976 8058.707
8.772 7766.964 7507.141 8071.566
8.85 7778.349 7517.358 8084.64
8.929 7789.824 7527.786 8097.609
9.009 7801.392 7538.208 8110.479
9.091 7813.053 7548.809 8123.806
9.174 7824.811 7559.434 8137.058
9.259 7836.665 7570.171 8150.507
9.346 7848.619 7580.891 8164.167
9.434 7860.673 7591.652 8177.803
9.524 7872.83 7602.526 8191.671
9.615 7885.093 7613.524 8205.47
9.709 7897.462 7624.73 8219.48
9.804 7909.939 7635.914 8233.851
9.901 7922.528 7647.169 8248.185
10 7935.23 7658.584 8262.427
10.101 7948.048 7670.083 8277.05
10.204 7960.983 7681.722 8291.837
10.309 7974.038 7693.437 8306.742
10.417 7987.216 7705.222 8321.915
10.526 8000.519 7717.121 8337.096
10.638 8013.95 7729.158 8352.49
10.753 8027.511 7741.304 8367.92
10.87 8041.206 7753.457 8383.634
10.989 8055.036 7765.732 8399.665
11.111 8069.006 7778.094 8415.893
11.236 8083.118 7790.599 8432.14
11.364 8097.375 7803.241 8448.569
11.494 8111.78 7816.078 8465.163
11.628 8126.338 7828.898 8482.224
11.765 8141.051 7841.975 8499.125
11.905 8155.923 7855.098 8516.311
12.048 8170.959 7868.442 8533.667
12.195 8186.161 7881.753 8551.206
12.346 8201.533 7895.264 8569.06
12.5 8217.081 7908.996 8587.223
12.658 8232.808 7922.747 8605.542
12.821 8248.719 7936.679 8624.001
12.987 8264.819 7950.803 8642.835
13.158 8281.112 7965.069 8661.703
13.333 8297.603 7979.463 8680.872
13.514 8314.298 7994.061 8700.117
13.699 8331.202 8008.738 8719.802
13.889 8348.321 8023.665 8740.188
14.085 8365.661 8038.845 8760.481
14.286 8383.227 8054.062 8781.162
14.493 8401.027 8069.598 8802.275
14.706 8419.067 8085.328 8823.645
14.925 8437.354 8101.189 8845.06
15.152 8455.896 8117.123 8867.123
15.385 8474.699 8133.503 8889.507
15.625 8493.772 8150.049 8912.239
15.873 8513.124 8166.507 8935.017
16.129 8532.763 8183.517 8958.681
16.393 8552.699 8200.629 8982.208
16.667 8572.94 8218.167 9006.397
16.949 8593.498 8235.856 9030.799
17.241 8614.382 8253.828 9055.656
17.544 8635.604 8271.982 9080.992
17.857 8657.176 8290.463 9106.897
18.182 8679.11 8309.219 9133.022
18.519 8701.419 8328.124 9159.655
18.868 8724.117 8347.286 9186.667
19.231 8747.219 8366.854 9214.658
19.608 8770.739 8386.891 9242.776
20 8794.695 8406.999 9271.319
20.408 8819.103 8427.507 9300.567
20.833 8843.983 8448.659 9330.493
21.277 8869.352 8470.06 9361.265
21.739 8895.233 8491.887 9393.12
22.222 8921.647 8514.157 9425.238
22.727 8948.618 8536.933 9458.198
23.256 8976.17 8560.046 9491.492
23.81 9004.332 8583.528 9526.132
24.39 9033.131 8607.59 9561.328
25 9062.598 8632.057 9597.588
25.641 9092.768 8657.07 9634.817
26.316 9123.675 8682.678 9672.948
27.027 9155.359 8708.912 9712.158
27.778 9187.86 8735.936 9752.551
28.571 9221.225 8763.375 9793.863
29.412 9255.503 8791.529 9836.501
30.303 9290.747 8820.506 9880.406
31.25 9327.015 8850.093 9925.528
32.258 9364.371 8880.365 9972.429
33.333 9402.886 8911.511 10020.618
34.483 9442.637 8943.988 10070.601
35.714 9483.708 8977.149 10122.379
37.037 9526.194 9011.534 10176.496
38.462 9570.2 9046.956 10232.08
40 9615.843 9083.499 10289.933
41.667 9663.255 9121.214 10350.441
43.478 9712.582 9160.698 10413.337
45.455 9763.992 9201.436 10479.34
47.619 9817.675 9243.456 10548.778
50 9873.85 9287.739 10621.028
52.632 9932.766 9334.587 10697.337
55.556 9994.715 9383.23 10778.305
58.824 10060.037 9434.319 10863.995
62.5 10129.134 9488.237 10955.238
66.667 10202.484 9544.887 11051.889
71.429 10280.661 9605.078 11155.583
76.923 10364.37 9669.103 11267.38
83.333 10454.478 9737.333 11388.347
90.909 10552.078 9811.003 11521.01
100 10658.573 9890.835 11666.408
111.111 10775.801 9977.858 11826.693
125 10906.245 10074.328 12006.925
142.857 11053.37 10181.866 12211.941
166.667 11222.226 10303.528 12450.93
200 11420.601 10444.937 12736.002
250 11661.46 10614.48 13086.247
333.333 11968.911 10825.521 13543.6
500 12396.515 11112.679 14193.806
1000 13112.486 11573.093 15324.538
1111.111 13219.696 11640.518 15497.794
1250 13339.048 11714.004 15694.45
1428.571 13473.725 11797.171 15916.764
1666.667 13628.369 11891.423 16175.765
2000 13810.134 12000.902 16483.99
2500 14030.928 12131.375 16865.372
3333.333 14312.899 12294.278 17360.36
5000 14705.252 12516.418 18067.187
10000 15362.514 12872.392 19295.165
